1803
2113
2344
2239
1917
1673
1751
2020
2194
2256
2228
2300
2462
2618
2505
2050
1420
956
1076
1667
2268
2495
2329
1983
1850
2052
2265
2271
2074
2092
2392
2659
2640
2368
2006
1684
1504
1445
1551
1820
2249
2615
2705
2539
2279
2115
1967
1768
1564
1530
1626
1742
1849
1896
1956
1979
1945
1806
1655
1653
1829
2000
1955
1805
1750
1996
2358
2549
2487
2352
2441
2628
2692
2466
2104
1843
1848
1964
1853
1326
522
361
593
406
193
133
276
679
830
612
376
527
537
415
596
756
646
405
239
112
186
281
399
766
1138
1223
900
331
188
403
308
270
476
536
402
427
706
722
317
238
510
328
402
788
818
591
471
340
66
284
315
208
255
259
397
530
411
133
90
186
225
202
198
277
282
382
624
714
637
659
664
394
273
557
505
152
296
501
474
317
188
300
369
291
243
191
116
310
506
637
650
450
122
432
597
443
215
375
520
491
341
155
70
267
384
406
430
457
394
304
459
759
925
815
493
195
25
191
247
169
175
55
296
497
295
393
1021
1298
1070
589
312
156
279
721
837
610
658
951
1119
1149
966
553
150
145
136
51
66
118
290
538
687
585
282
386
614
557
461
632
688
550
399
234
356
491
304
88
278
237
360
565
586
485
398
353
278
235
315
403
458
492
518
532
532
469
255
126
425
480
285
293
428
407
585
935
1111
956
502
108
574
707
515
451
677
778
696
511
306
207
222
345
388
263
337
455
315
90
118
96
42
191
559
793
716
399
229
294
213
418
748
827
604
490
681
647
306
230
482
472
362
367
338
292
390
515
668
755
638
379
369
503
674
799
610
184
448
556
281
402
661
508
205
581
810
798
812
869
687
219
338
717
899
1033
1026
721
257
24
111
416
590
512
349
295
243
216
428
640
705
606
425
270
71
252
599
808
830
700
535
428
390
327
207
122
215
415
528
451
379
567
753
892
927
761
458
170
160
461
606
510
308
209
463
717
720
445
329
561
516
130
498
841
810
644
611
455
106
443
721
622
155
441
745
647
465
590
640
458
300
415
542
632
714
685
565
526
432
181
244
191
477
863
776
436
743
907
675
337
20
376
688
672
384
606
966
932
525
75
473
691
570
153
463
751
733
606
456
447
649
673
526
533
626
614
561
512
442
432
417
241
96
250
154
277
539
513
256
313
597
672
477
444
670
640
353
262
476
611
631
532
397
317
210
202
421
544
462
276
320
517
674
756
733
590
359
87
200
484
691
715
556
324
402
725
808
491
35
210
171
404
479
260
303
372
281
452
518
398
601
892
841
399
272
759
936
791
595
597
598
500
579
761
770
560
243
15
147
235
287
262
228
230
323
505
726
858
743
441
282
222
286
426
360
303
475
632
700
529
93
605
879
633
390
706
636
269
565
757
633
561
577
534
590
537
231
432
770
810
634
446
352
242
202
387
480
311
148
627
895
769
331
215
620
690
338
406
929
1068
890
813
749
378
463
985
1136
900
544
258
190
561
845
804
447
213
295
158
151
230
110
65
114
76
206
295
264
335
549
646
673
788
818
606
380
488
640
727
642
333
335
693
904
967
863
552
191
96
121
178
220
275
389
398
493
745
756
394
170
577
785
902
991
972
722
376
450
509
287
312
456
292
210
705
1083
1191
1006
637
242
140
302
351
274
114
328
668
837
736
514
508
614
614
503
277
181
449
531
378
164
90
181
374
488
466
409
410
463
559
682
734
600
350
303
365
290
107
112
335
528
565
336
195
462
504
535
662
500
293
773
1028
979
946
951
870
783
768
774
655
384
185
261
294
387
448
329
355
584
540
340
702
1018
907
521
336
152
365
900
1034
701
427
634
597
431
583
617
451
434
512
448
531
855
953
646
230
443
497
331
382
430
296
437
638
496
172
410
446
189
51
165
504
655
383
253
653
663
334
134
214
120
136
75
169
396
381
60
433
807
828
593
718
954
890
732
718
646
490
429
407
510
808
1016
945
696
625
717
579
184
232
367
137
365
814
950
683
184
307
551
546
345
69
161
268
221
225
699
1185
1317
982
373
157
381
268
184
591
916
1007
845
521
222
449
831
1083
1067
790
378
94
348
518
539
442
422
516
548
467
263
166
393
413
214
267
395
360
478
734
843
799
828
901
839
644
329
211
498
590
471
207
167
461
526
336
211
378
375
220
186
248
343
463
454
553
844
930
758
672
548
237
699
988
714
202
481
524
222
193
439
543
583
629
587
356
243
587
723
553
459
776
989
892
524
195
593
864
810
475
76
366
473
445
621
807
744
545
605
840
929
760
391
192
476
638
618
441
198
70
126
419
675
837
969
1015
809
346
174
493
466
139
269
548
662
696
645
554
429
200
263
384
207
347
550
329
334
867
1011
689
170
342
463
279
102
454
599
435
455
810
834
450
278
555
545
444
932
1491
1591
1120
374
448
736
759
633
297
190
537
492
207
557
817
681
311
518
850
834
499
219
350
288
49
388
637
701
604
412
238
229
187
104
339
477
364
57
290
412
254
71
327
307
116
519
735
559
161
322
434
319
197
368
559
571
471
415
350
226
115
112
123
189
231
75
216
393
248
180
616
766
507
267
705
855
546
63
386
378
112
354
543
520
474
566
546
323
319
560
546
216
247
543
556
411
182
255
754
1076
1087
854
585
444
446
518
600
692
674
421
413
828
879
409
419
912
901
518
292
178
192
565
608
267
258
631
741
666
591
547
416
439
619
559
300
313
395
344
268
311
452
451
256
109
187
242
356
365
231
392
579
463
195
202
88
372
772
894
696
347
471
914
1256
1188
611
182
572
295
535
1111
1146
774
550
465
213
99
75
403
758
937
923
723
398
133
38
219
395
469
455
402
271
93
281
477
554
570
627
621
408
52
366
498
321
45
276
298
191
192
90
228
488
583
550
533
560
448
130
408
681
653
454
388
432
327
123
355
575
580
373
169
213
99
192
399
330
233
396
378
419
806
1061
988
648
332
374
382
261
245
227
119
108
190
303
341
251
280
435
435
215
140
407
466
374
269
249
382
479
377
180
222
301
291
246
229
208
185
392
634
677
493
201
73
306
446
415
485
714
703
375
137
399
364
93
275
482
509
355
58
264
461
486
433
399
409
414
353
190
28
145
368
649
757
552
210
314
365
221
222
277
368
698
904
722
239
283
417
215
376
655
621
298
252
531
574
408
171
174
282
240
106
156
272
325
329
321
297
196
128
330
525
607
567
437
291
254
526
765
711
390
145
142
155
492
603
373
523
932
898
363
341
707
564
160
327
415
351
272
127
104
268
434
523
468
327
214
231
352
440
453
391
311
274
250
157
205
417
532
548
607
694
609
267
186
449
378
101
218
401
482
453
366
271
38
463
881
901
492
301
544
460
382
554
728
959
1248
1417
1307
883
334
143
346
407
415
410
410
519
751
899
764
384
249
448
409
284
268
385
625
766
717
702
934
1109
954
479
172
411
485
598
648
452
255
439
546
473
282
265
363
274
260
329
284
528
736
573
223
397
454
282
347
353
143
377
632
844
946
714
188
402
751
951
1018
838
414
193
463
440
190
91
221
245
288
387
444
402
300
236
266
277
254
253
280
281
217
204
285
353
349
250
285
472
518
462
553
728
834
804
723
638
423
167
88
187
474
547
465
652
750
515
339
603
701
526
323
329
338
344
258
173
496
560
385
527
619
507
623
658
420
470
614
418
154
301
249
58
109
82
236
374
357
347
436
423
239
27
268
438
504
450
443
544
519
387
462
534
369
90
80
116
322
498
530
519
593
761
902
899
692
370
106
242
538
888
1078
891
384
374
620
449
70
336
520
542
415
388
649
743
529
267
281
193
155
429
630
657
436
111
88
232
400
265
237
763
948
743
493
519
530
388
229
215
173
204
556
900
1037
964
848
786
612
472
610
597
364
265
310
347
346
235
383
647
692
446
52
515
855
926
785
555
234
238
614
709
454
146
429
584
470
170
313
564
663
635
401
98
607
802
493
243
746
828
494
369
525
399
289
621
895
908
695
488
401
339
458
615
633
623
671
604
363
204
207
138
325
418
246
81
316
370
298
233
125
246
549
651
458
158
269
398
358
226
391
591
494
109
418
687
693
602
641
857
974
813
481
231
551
964
1108
906
498
188
566
785
581
442
808
785
259
390
633
359
198
574
623
460
398
386
237
283
553
672
635
578
570
532
453
341
181
94
18
161
294
301
197
141
310
374
239
188
270
127
257
517
482
175
246
491
561
520
451
398
396
417
404
306
134
114
269
423
725
1006
1048
844
577
383
306
480
728
844
745
470
163
349
654
811
765
550
370
483
628
623
525
458
429
396
365
337
271
401
745
1000
1036
864
559
183
217
530
665
582
406
342
418
525
562
465
291
196
135
201
444
628
659
524
242
97
287
267
266
389
411
399
451
571
668
514
99
681
1027
857
427
390
421
183
355
650
587
207
313
475
371
260
144
317
664
712
497
540
608
393
159
210
464
747
861
744
539
444
449
424
385
429
402
157
377
639
605
557
648
598
499
448
234
182
451
382
107
590
889
819
504
455
756
862
693
478
470
465
256
119
395
375
123
378
540
431
278
247
116
255
558
702
618
363
44
301
513
485
223
344
560
406
290
553
576
531
612
506
155
266
566
733
731
508
123
325
596
648
571
626
784
806
645
383
193
279
292
77
254
515
600
513
268
224
623
841
744
409
172
353
404
344
300
325
365
261
84
348
409
172
200
480
583
568
524
503
467
394
307
213
43
207
426
491
347
36
361
716
884
749
385
274
461
444
306
242
377
501
418
158
97
186
137
90
125
306
381
269
364
617
710
652
534
380
262
210
126
74
258
434
519
427
170
126
232
126
144
379
538
564
421
341
514
540
309
43
373
695
890
834
628
485
356
420
664
600
205
484
781
676
319
151
243
352
625
732
520
240
299
109
383
770
689
229
576
794
523
353
702
770
680
748
681
289
275
481
250
235
585
590
459
513
610
679
633
381
90
294
287
52
230
334
255
144
88
17
152
273
336
418
516
491
438
502
447
197
136
302
442
540
613
754
807
598
310
353
275
149
418
421
143
457
708
569
282
426
442
153
305
483
389
527
774
752
648
644
473
499
834
808
306
453
1098
1331
1052
469
574
1006
1054
785
486
382
369
276
83
245
507
697
771
699
526
355
271
217
160
323
556
693
681
533
352
218
104
167
379
495
357
119
532
808
853
812
798
698
497
338
257
483
764
757
411
140
344
230
185
538
660
488
161
260
378
227
94
307
248
102
281
312
368
546
626
569
491
487
579
718
737
460
179
684
939
821
518
304
321
346
296
256
258
312
331
221
116
245
263
197
275
371
438
613
862
945
752
354
183
372
407
309
139
350
564
470
92
339
536
529
601
610
456
530
689
742
817
892
875
789
553
230
350
562
589
465
296
384
581
602
396
291
548
683
607
415
221
297
592
751
639
377
313
360
296
252
197
71
371
568
554
578
658
508
181
186
431
662
713
463
200
544
673
540
445
431
321
183
112
347
513
444
348
421
341
292
522
560
302
110
464
561
351
259
496
380
160
684
931
771
379
331
519
545
542
587
665
772
695
277
341
805
834
495
175
65
187
426
388
94
382
524
327
170
439
652
832
785
396
370
809
912
675
358
281
336
294
144
68
188
228
230
254
433
713
847
685
351
186
281
236
113
441
678
633
357
59
121
190
455
630
475
48
353
407
168
387
593
514
566
908
991
631
122
406
459
254
8
223
310
193
277
585
692
537
367
563
673
500
312
481
527
307
227
433
412
304
476
539
336
227
380
321
54
337
661
797
629
231
344
617
675
564
286
306
751
985
884
564
388
335
177
469
656
533
306
206
239
475
596
385
349
846
951
536
104
810
1771
2683
2948
2551
2080
1972
2130
2277
2382
2398
2474
2614
2751
2730
2453
2185
2230
2467
2557
2465
2260
2012
1890
1872
1783
1539
1419
1612
2093
2559
2680
2386
2015
2019
2096
1998
1843
1852
2114
2407
2388
2001
1663
1621
1792
2022
2174
2152
1931
1706
1621
1759
2007
2274
2374
2240
1968
1860
2126
2418
2422
2041
1539
1205
1237
1582
1984
2282
2424
2505
2441
2253
2045
1992
2143
2323
2376
2201
2018
2015
2127
2167
2060
1793
1459
1432
1733
2040
2133
2054
1947
1873
1865
1885
1871
1672
1560
1810
2102
2046
1557
767
111
641
710
358
184
471
526
412
181
123
395
513
415
255
459
852
1156
1232
1042
712
395
204
92
147
273
479
628
487
279
654
850
653
384
500
421
159
793
1208
1111
642
435
497
467
680
633
171
707
946
480
376
840
673
135
650
1000
1041
961
821
567
306
230
380
587
641
509
441
380
270
563
694
379
258
621
488
176
661
823
594
387
383
312
353
408
352
434
628
681
524
272
84
96
148
163
171
199
156
68
141
200
298
363
254
17
195
221
234
561
746
539
288
733
877
546
165
451
452
239
220
225
100
162
259
265
376
559
585
364
72
519
843
931
816
600
452
392
502
737
900
877
687
390
140
312
455
437
317
84
303
738
987
907
575
295
299
271
184
131
211
324
257
43
144
193
318
450
409
386
539
561
421
304
367
571
756
773
584
371
426
415
179
75
113
104
340
438
352
251
386
529
509
312
138
396
667
885
1029
1013
807
569
485
466
429
327
346
738
1141
1264
1036
600
257
199
464
788
890
714
472
476
626
725
693
597
688
773
557
234
316
275
428
737
797
701
596
413
174
78
117
276
484
567
470
370
423
472
546
648
664
540
415
408
328
139
141
326
533
630
511
417
546
541
310
151
391
512
423
179
129
380
567
606
423
128
252
361
329
262
196
162
141
86
88
166
250
279
277
358
365
129
300
597
582
444
374
85
435
776
690
361
320
271
136
206
142
362
543
468
458
610
582
398
209
292
671
937
888
581
326
439
485
352
350
405
294
180
154
333
585
605
335
90
412
495
343
147
244
299
120
402
835
934
692
600
674
421
159
370
169
400
734
582
181
459
474
117
364
446
227
572
829
693
482
436
233
409
800
931
750
336
226
483
476
318
152
95
211
233
410
603
580
604
948
1201
1087
687
439
556
558
682
956
940
533
322
655
723
532
262
66
135
315
485
517
433
517
637
555
467
627
687
529
333
233
182
216
199
424
697
683
452
387
332
130
240
389
550
589
307
284
817
1076
938
560
441
567
667
806
785
507
269
361
364
316
273
161
117
225
366
512
540
389
185
124
95
225
459
710
931
996
835
517
171
329
580
701
873
1014
823
313
486
906
944
654
426
572
596
380
327
466
369
224
293
211
400
668
592
289
379
513
485
443
379
258
137
115
232
349
391
338
232
174
295
615
1034
1284
1141
648
515
823
821
576
481
506
372
103
359
602
497
61
418
616
496
321
235
53
352
572
500
296
367
325
87
445
618
515
381
347
366
400
320
252
360
413
458
543
566
576
675
721
692
664
690
708
673
637
728
857
779
416
135
507
600
426
156
228
470
694
866
886
732
492
439
508
370
49
288
354
231
110
125
434
496
199
336
551
392
276
432
408
273
151
99
129
159
131
96
186
160
223
456
472
398
710
858
567
318
593
505
102
387
483
251
192
376
428
539
659
559
223
362
653
648
446
238
84
234
403
437
338
309
391
434
528
449
86
703
1105
978
640
741
706
193
522
937
808
342
543
749
524
285
521
545
315
348
574
585
407
214
452
809
927
658
114
459
688
488
64
347
414
206
176
285
290
396
704
973
936
609
326
277
126
233
497
562
381
271
592
753
567
217
56
331
751
985
797
318
139
367
439
440
485
439
107
547
1024
1151
944
567
260
494
630
421
204
518
617
509
519
578
503
415
379
243
11
261
455
543
509
401
258
19
297
521
547
469
405
293
270
474
577
507
377
193
175
486
614
492
324
376
487
526
446
274
83
70
147
154
335
602
727
616
405
350
338
213
59
69
225
456
654
667
408
270
587
637
371
177
380
444
446
494
515
490
438
330
113
165
327
251
166
490
706
712
561
283
110
466
650
645
627
611
456
164
135
269
272
250
275
326
503
704
649
231
358
775
818
635
532
543
515
390
299
509
596
367
162
321
249
275
434
514
572
568
567
604
532
522
631
504
122
370
740
928
830
460
293
563
618
483
315
354
692
954
920
627
299
273
411
483
499
405
276
650
1032
989
561
503
667
465
594
1075
1271
1115
788
597
526
341
79
208
273
159
121
343
421
352
519
829
898
636
242
110
85
220
334
294
506
865
980
708
199
352
567
502
396
477
593
677
815
921
755
234
476
918
853
368
288
654
746
699
663
591
435
295
293
249
16
417
797
995
1009
943
766
442
64
242
387
335
136
298
503
575
515
315
355
585
461
168
564
567
117
692
1060
935
523
96
361
724
943
981
861
669
446
236
137
171
150
159
254
321
294
217
220
337
487
495
263
258
558
641
503
257
36
146
278
461
571
483
227
100
251
264
333
596
744
603
316
229
230
333
575
707
592
250
282
656
825
759
501
150
225
362
370
368
356
302
158
135
477
703
721
640
614
632
597
459
244
58
183
242
388
634
752
666
438
160
116
291
278
59
264
453
346
34
376
506
444
539
543
292
622
993
958
625
325
307
347
285
402
684
791
686
596
571
539
498
407
556
861
849
458
496
814
744
455
340
336
269
334
559
710
720
628
431
120
212
375
394
438
458
365
217
175
585
951
995
754
431
189
499
769
687
346
240
304
171
144
239
308
498
627
521
252
463
785
827
582
219
244
436
577
625
514
422
553
697
730
679
623
562
484
479
533
437
163
111
167
84
353
576
610
451
334
456
481
374
311
278
278
312
280
308
308
85
365
621
524
234
417
655
873
1125
1216
1064
811
695
585
339
254
369
394
501
576
411
83
165
213
227
224
140
301
494
591
663
713
632
397
163
179
191
251
328
351
490
653
598
316
208
290
241
420
565
475
274
159
159
190
200
206
281
431
466
320
285
309
116
332
678
836
803
824
988
1005
753
368
159
291
383
271
129
431
584
535
473
446
334
361
543
616
681
872
1002
844
364
279
716
725
259
559
1258
1451
969
145
627
623
160
848
1174
841
174
322
432
561
767
701
418
260
346
550
646
446
132
295
436
744
1118
1208
915
473
487
663
612
435
272
358
652
851
850
691
527
620
760
703
637
772
798
513
44
517
803
789
597
454
572
780
822
733
783
847
611
137
338
646
794
783
599
329
85
288
660
888
788
414
224
466
499
329
125
232
398
407
220
508
972
1168
1023
649
432
708
865
707
565
634
441
69
398
410
222
61
440
959
1209
1018
555
293
381
346
195
84
128
175
289
395
374
210
152
392
595
679
601
402
312
425
425
270
249
367
377
307
235
167
160
272
409
424
257
141
330
382
254
204
445
618
593
475
639
911
931
685
549
721
719
400
191
470
447
133
239
431
424
404
530
685
715
545
211
128
318
374
442
484
433
242
131
506
649
434
95
283
356
491
595
359
196
756
1007
846
464
136
32
91
141
141
168
278
334
239
144
316
380
304
280
321
263
294
530
645
509
256
129
99
207
262
466
770
855
704
503
372
302
261
254
328
459
568
582
543
491
438
474
740
942
742
206
630
922
662
194
323
279
181
350
232
260
488
351
344
703
643
153
429
660
448
91
263
317
488
649
515
205
435
650
611
420
250
165
150
210
285
359
476
595
592
540
578
585
494
395
214
122
506
740
675
337
37
162
38
291
334
342
794
1112
1017
574
152
347
410
289
106
89
251
345
367
372
393
428
600
854
952
777
447
419
609
548
188
283
579
534
275
344
478
388
133
176
440
567
491
258
254
359
227
389
827
1020
857
533
519
674
665
535
348
152
100
304
481
525
434
297
221
243
301
378
441
391
211
170
256
200
200
296
327
363
463
514
415
227
359
560
635
635
495
236
490
836
917
693
364
160
87
503
837
816
469
69
147
102
88
231
274
199
52
214
347
313
135
304
729
1140
1304
1068
638
578
672
532
294
268
373
424
411
413
497
491
246
173
531
653
552
423
293
181
544
845
782
368
200
360
222
625
1054
1090
718
201
208
263
137
394
646
656
419
131
133
157
250
358
344
214
125
140
234
537
811
806
469
35
323
411
365
265
281
506
689
638
344
206
370
375
507
641
630
659
675
476
123
147
93
256
587
613
304
248
425
246
158
480
544
413
323
327
252
94
73
110
170
418
645
710
579
325
139
269
496
561
312
167
496
617
706
707
406
191
426
487
623
703
463
154
565
879
934
659
279
591
738
414
193
457
286
217
547
393
279
810
838
310
775
1308
1167
501
299
634
553
297
177
307
522
622
495
206
196
210
191
342
267
68
422
530
335
31
391
589
508
178
222
444
457
404
299
80
127
241
561
975
1069
680
117
441
419
167
384
421
195
264
431
426
332
197
471
833
907
659
382
462
568
454
143
381
733
859
803
687
420
178
691
1012
967
646
269
265
662
889
756
318
205
520
598
544
464
352
285
298
225
224
410
421
194
113
284
301
363
392
206
137
335
321
556
836
756
431
238
119
348
636
663
441
312
460
419
141
250
530
718
825
706
289
415
759
653
215
269
492
456
274
113
276
509
599
477
255
95
200
490
752
838
844
906
897
876
1006
1022
736
325
269
299
174
128
139
350
577
581
399
223
199
343
452
387
140
341
571
470
261
258
233
447
507
447
776
998
831
414
89
268
352
308
238
331
461
473
379
289
254
213
134
101
297
558
792
904
827
609
364
200
201
353
513
541
359
15
331
522
514
419
368
220
236
640
829
641
162
394
775
853
619
255
329
418
282
211
255
231
329
286
83
478
577
236
396
755
668
365
608
800
598
477
791
800
374
370
769
735
411
475
698
716
799
952
866
495
77
250
484
692
797
747
545
476
679
820
882
911
836
588
327
413
546
506
512
800
930
622
192
438
406
158
240
191
78
138
40
325
545
556
382
158
126
457
771
920
839
565
253
217
274
244
282
326
292
236
200
133
76
371
605
672
633
603
566
519
500
435
263
210
327
292
157
116
314
594
697
472
171
372
314
94
536
863
1002
944
683
309
135
234
206
104
92
267
404
500
581
586
452
194
128
417
539
454
471
777
921
773
501
228
100
274
277
209
338
440
314
49
304
360
217
162
262
432
534
494
413
373
312
230
97
219
429
397
135
448
663
554
481
571
407
278
534
594
470
493
783
967
750
243
498
783
702
522
576
612
445
190
200
275
211
289
481
532
467
475
472
311
347
629
766
864
924
671
95
471
667
591
624
646
521
369
196
343
709
886
733
304
280
656
762
599
316
43
260
590
843
929
941
990
928
570
48
359
390
208
477
630
402
97
553
711
635
820
1098
1003
671
680
803
702
582
559
695
1012
1198
1063
689
407
263
123
362
447
323
202
272
438
517
422
293
238
179
193
291
436
560
601
667
782
841
774
621
440
410
547
589
462
288
179
222
556
823
801
458
242
471
386
65
358
456
331
223
331
572
592
131
661
1287
1325
826
278
263
329
499
547
295
144
496
608
491
234
135
477
671
625
475
428
303
276
602
754
675
532
410
209
315
600
683
495
93
426
831
949
669
60
572
874
793
610
363
377
1166
1630
1405
718
81
216
302
426
457
313
100
143
239
380
473
344
44
214
272
186
92
230
374
326
61
294
526
505
266
37
227
286
215
178
344
393
383
441
327
168
440
448
241
463
627
498
305
376
541
658
637
539
494
506
417
127
336
650
683
478
385
581
703
680
673
741
744
595
396
274
321
447
454
288
50
326
628
769
717
618
553
362
172
484
593
377
170
357
365
196
201
309
252
153
317
439
434
386
321
358
513
479
203
360
550
385
189
502
646
652
900
1208
1326
1544
1991
2291
2239
1965
1805
1869
2125
2320
2329
2109
1765
1504
1463
1727
2135
2550
2778
2757
2507
2173
1949
1855
1845
1840
1908
2045
2249
2407
2419
2325
2145
2036
2060
2187
2166
1867
1479
1378
1668
1988
2185
2175
2041
1775
1469
1490
1932
2289
2243
1960
1680
1591
1640
1691
1693
1757
1945
2021
1918
1731
1719
1995
2334
2448
2205
1825
1521
1494
1714
2025
2137
1912
1494
1169
1197
1466
1800
2086
2347
2534
2561
2437
2182
2003
1959
2019
2068
2141
2292
2399
2383
2199
2014
1861
1768
1694
1637
1537
1366
1065
581
125
431
495
293
62
219
438
521
406
212
265
372
281
112
307
458
554
592
417
193
442
502
359
313
231
306
533
487
110
416
776
741
314
210
478
370
236
351
265
372
685
708
343
260
587
586
565
616
356
178
567
597
449
532
530
206
350
803
984
821
359
245
743
952
849
620
519
447
303
181
24
407
823
1020
874
476
190
361
494
680
826
742
443
203
243
277
517
738
701
455
361
454
346
229
503
650
627
544
365
150
244
304
223
185
359
458
462
450
361
335
432
372
225
275
379
540
758
875
759
477
236
322
573
823
936
881
691
414
80
259
487
526
453
488
488
248
209
378
183
435
822
740
249
561
857
668
495
802
774
333
605
923
780
456
320
524
942
1159
967
560
331
252
237
272
123
303
511
481
287
99
103
138
67
110
325
487
545
546
596
602
462
399
400
275
493
741
639
242
193
413
382
291
325
242
111
527
766
679
514
568
440
42
373
378
277
692
841
627
716
1029
960
500
49
314
295
308
534
647
579
596
846
917
620
116
321
429
419
517
485
375
582
781
726
491
311
314
423
592
711
634
341
43
272
289
204
188
204
176
108
166
318
458
496
473
506
464
238
277
528
508
266
125
41
328
654
756
610
297
86
297
291
170
196
151
60
215
317
409
542
675
697
572
424
470
580
488
142
332
658
716
596
531
522
401
244
324
400
422
452
436
337
295
514
745
772
599
417
209
274
799
1084
928
520
516
717
657
404
191
279
554
798
764
412
286
435
236
204
545
599
409
222
148
29
149
261
282
214
420
647
525
130
468
637
462
189
130
242
301
210
52
174
62
340
706
774
470
162
470
582
590
710
732
494
283
447
466
308
234
299
289
133
259
611
848
850
620
323
224
140
33
97
132
417
574
443
245
457
738
901
765
405
510
752
748
732
759
694
686
878
994
836
494
360
431
340
320
611
778
704
505
448
798
1018
797
240
383
675
598
382
289
146
258
508
558
393
262
496
677
605
319
405
769
930
905
837
767
603
353
291
400
440
552
671
619
418
296
368
412
565
806
854
617
239
109
124
147
378
433
181
285
680
753
574
574
660
474
79
334
446
284
294
564
639
440
235
479
693
744
653
452
203
55
155
459
767
864
716
437
327
490
537
377
332
610
773
694
478
300
206
86
79
121
85
305
496
503
373
441
624
631
463
299
424
655
750
689
624
618
518
341
421
558
530
456
495
584
655
687
696
591
284
95
332
484
679
800
846
845
680
455
416
706
1121
1298
1008
435
189
213
100
519
749
670
343
58
292
325
335
506
640
644
576
469
397
438
464
401
339
355
347
163
256
507
542
753
1104
1107
707
183
160
196
18
188
321
406
433
273
323
763
926
681
534
869
1015
801
483
636
850
792
544
408
535
592
422
248
386
409
239
66
193
414
571
492
222
186
351
507
665
708
579
309
70
119
212
571
926
1014
876
716
705
735
617
324
269
447
493
434
253
102
359
455
370
369
507
598
608
587
581
541
470
458
390
336
449
453
372
518
621
459
132
149
198
91
269
682
949
843
517
464
396
114
296
304
110
240
252
186
255
288
279
221
155
217
336
376
319
312
357
377
535
750
821
652
238
345
772
850
552
125
274
364
256
123
141
342
568
628
480
323
341
329
359
538
636
552
431
460
486
394
247
187
289
288
106
344
623
678
512
373
516
578
339
195
506
403
146
798
1138
972
503
224
293
271
327
410
425
403
307
87
196
341
222
309
673
783
574
284
288
458
620
657
500
198
131
284
244
198
340
451
346
76
686
1156
1181
826
582
597
495
345
282
482
755
823
625
382
353
391
508
609
458
60
363
553
472
301
303
367
325
139
158
411
494
384
257
294
285
183
125
126
177
322
367
237
302
490
421
98
286
528
540
392
368
538
715
783
638
466
628
684
518
739
1099
1126
849
540
335
190
498
792
779
458
40
253
402
608
828
846
563
104
343
586
590
362
51
237
384
496
514
351
88
178
368
419
248
96
407
517
396
181
10
189
393
494
455
593
875
878
485
134
297
271
627
894
739
294
119
306
329
316
407
535
552
538
540
365
393
828
1054
929
593
288
34
285
535
481
128
284
454
365
189
94
205
213
93
469
757
719
350
115
318
264
552
850
741
340
210
174
171
451
521
496
533
543
506
410
239
65
116
370
579
601
449
265
99
84
225
270
276
310
296
184
148
388
486
309
302
624
676
435
343
445
327
81
204
287
237
236
380
497
574
698
738
557
300
228
198
490
741
706
565
572
537
419
464
638
756
628
263
332
535
389
123
358
443
298
102
232
360
420
452
423
307
242
251
172
346
503
397
133
99
106
145
146
231
480
587
507
414
410
443
497
443
207
151
372
371
185
67
161
72
121
218
120
299
581
669
558
392
360
577
734
634
319
368
680
671
272
280
654
716
664
681
699
644
563
488
390
192
159
389
438
308
242
355
377
313
291
264
376
718
999
993
606
31
549
703
486
173
366
619
704
581
312
73
245
483
623
609
525
531
746
1117
1412
1336
803
441
929
1045
717
303
223
364
605
810
903
921
803
474
83
281
330
254
342
432
376
270
338
396
277
144
254
269
206
192
220
341
463
462
377
303
244
347
522
687
933
1034
757
369
681
838
613
492
563
302
387
894
1001
775
600
457
115
310
562
621
578
498
364
170
238
494
595
448
130
205
339
298
209
181
198
164
28
240
442
486
344
83
180
359
425
373
232
216
302
274
295
394
317
214
397
456
309
193
244
335
495
559
487
670
976
928
456
153
542
554
366
439
516
310
89
339
357
258
197
81
200
264
176
343
436
248
242
477
573
557
390
141
202
211
116
143
164
142
172
240
240
145
226
340
206
166
543
720
683
563
403
353
649
894
861
618
355
256
284
216
91
249
289
299
346
178
170
406
344
249
461
516
625
927
991
664
278
434
475
291
290
466
533
