0
0
0
0
0
0
0
0
0
0
0
0
0
0
0
0
0
0
0
0
0
0
0
0
0
0
0
0
0
0
0
0
0
0
0
0
0
0
0
0
0
0
0
0
0
0
0
0
0
0
0
0
0
0
0
0
0
0
0
0
0
0
0
0
0
0
0
0
0
0
0
0
0
0
0
0
0
0
0
0
0
0
0
0
0
0
0
0
0
0
0
0
0
0
0
0
0
0
0
0
0
0
0
0
0
0
0
0
0
0
0
0
0
0
0
0
0
0
0
0
0
0
0
0
0
0
0
0
271
5462
-1779
1323
6310
6475
1789
6229
13034
13446
3357
22004
15365
74914
-85185
-35084
-12994
-10171
-2925
-3021
6558
-884
3934
978
1746
223
3656
-1798
1575
-1469
1673
-1474
1669
-1568
1551
-1530
1517
-1525
1459
-1462
1475
-1471
1453
-1438
1416
-1424
1408
-1406
1389
-1384
1364
-1386
1367
-1372
1361
-1377
1344
-1346
1346
-1355
1329
-1331
1340
-1347
1328
-1333
1347
-1336
1311
-1292
1335
-1315
1312
-1290
1299
-1312
1314
-1311
1312
-1313
1315
-1306
1298
-1340
1312
-1340
1320
-1319
1316
-1318
1318
-1334
1345
-1341
1325
-1359
1404
-1235
1316
-1548
1882
-2054
1957
-1544
1412
-1270
-342
2416
3992
8885
2229
-13648
1645
-5975
410
-955
-1295
-9304
9468
-4193
-6885
2481
-6431
-11749
-2830
5063
-8215
1361
6802
3689
6880
-854
320
512
-869
8618
10029
2625
709
7854
406
634
-3842
-3883
-5424
-1177
4158
-322
2976
-7232
-2740
1108
-382
943
-972
492
-337
-73
-264
146
-176
192
-72
161
-33
142
-12
111
6
116
28
133
-14
111
-9
101
-3
103
-9
96
-19
87
-17
76
-42
80
-20
79
-36
76
-70
61
-79
48
-71
59
-107
39
-106
43
-111
41
-145
33
-152
23
-171
21
-194
8
-218
9
-249
17
-240
-10
-319
-25
-356
-34
-427
-34
-508
-59
-503
123
-773
117
-428
492
-702
190
-380
1958
-4860
-8209
-2401
-3242
-579
2428
-4677
1057
-4420
-7059
5390
-4909
5517
4269
-1889
-273
1594
3468
8728
2168
282
5838
-6678
-4612
-845
5343
-3161
-5832
-2145
-6074
7293
1096
-5927
7535
-4525
-6167
6805
-2784
-1133
1684
-850
-4746
-3517
-2469
-1048
-18
2578
1737
98
636
-356
497
-394
399
-273
269
-331
244
-348
189
-368
144
-370
165
-379
128
-395
102
-408
70
-422
53
-430
37
-445
16
-439
-10
-459
8
-465
-7
-480
-52
-485
-30
-478
-70
-524
-69
-550
-65
-555
-93
-534
-90
-561
-103
-565
-106
-583
-113
-596
-122
-621
-110
-639
-142
-642
-143
-681
-160
-741
-140
-768
-117
-837
-80
-947
-65
-1086
-158
-1012
-94
-1228
1705
-513
1776
-2848
715
-1103
-8563
1517
-3908
-4382
489
-2927
-4069
-6265
-7214
757
-1211
-5995
-5055
8937
-4337
7564
2686
3457
5229
-6515
7696
-2040
-1196
-1149
1364
3875
977
-8962
-6109
-3692
6174
-6314
7560
8082
-3445
3390
-2752
8414
-1725
-4669
676
2692
179
364
-584
1417
-727
962
53
343
-70
326
89
449
55
452
41
435
62
437
40
440
49
472
51
454
38
474
36
482
39
492
32
513
40
516
12
510
23
533
25
543
-7
574
6
520
-26
568
11
582
0
602
-13
619
-22
625
-28
643
-41
660
-56
693
-82
709
-71
709
-101
770
-102
787
-160
835
-197
870
-214
978
-188
1207
-328
1179
-684
2227
-579
606
-2270
5150
-886
1820
6639
-2803
6030
1901
-986
-793
5945
-1791
8064
-1042
458
400
-2328
743
-3116
-1767
9465
13999
3668
6678
-2282
7533
1961
-3732
-8627
2065
-880
10921
722
-4129
3008
-4883
8028
-5000
-4457
-4586
-6563
-2981
-12413
1613
842
-3539
2133
2804
-1963
693
-884
412
-961
298
-866
275
-701
356
-683
350
-659
349
-625
302
-571
368
-565
339
-500
352
-485
353
-455
349
-426
354
-402
361
-388
349
-335
367
-290
371
-301
351
-255
358
-246
391
-211
392
-210
412
-143
408
-133
402
-82
417
-50
425
-15
434
23
457
49
473
110
485
144
507
236
512
272
566
340
621
446
669
519
893
930
871
365
1755
1463
-372
2467
1772
734
-1437
5633
-5596
4183
-370
2268
1305
-670
-1582
-3749
-5501
8800
1171
-472
-9295
7522
2410
365
-1231
2395
2850
5675
13079
1844
5298
2309
5735
2275
7298
-8974
3191
4353
-9815
-7956
660
5432
-8467
3700
6427
7255
-830
3553
1397
390
1502
1321
1580
1587
111
670
-35
1057
46
1015
-23
1031
-45
997
-61
1011
-71
1000
-88
963
-76
935
-96
914
-88
907
-94
888
-100
855
-94
851
-127
830
-125
815
-130
797
-161
774
-132
739
-134
755
-144
743
-142
705
-145
669
-168
642
-163
610
-168
584
-175
554
-197
530
-194
478
-182
459
-246
402
-243
348
-289
279
-310
237
-398
64
-273
27
-632
405
-842
-866
-400
897
-6966
-1513
-2747
-2357
7040
-2368
2051
2384
-1552
-1582
9915
-591
10189
8850
6108
-81
4136
-5286
1962
-1641
205
9264
5583
9299
8161
1582
1856
16826
11858
-7438
-870
-3698
-2596
674
-5814
-5392
948
-1493
-6712
3954
-322
-11613
-3289
-3107
5384
-480
-704
-722
474
-390
349
337
32
415
48
254
-90
269
-107
270
-151
279
-186
245
-237
279
-234
274
-251
238
-278
242
-299
236
-322
224
-337
219
-362
214
-430
177
-396
199
-444
171
-455
181
-471
191
-478
191
-499
167
-504
149
-547
143
-571
131
-596
120
-622
113
-645
93
-720
85
-731
55
-790
23
-824
-8
-870
-20
-954
-5
-1242
-322
-1268
-503
-1522
-962
-1152
-1325
-543
-381
-1123
-3711
6861
-2796
-9184
-588
-736
7239
-2501
-4165
2277
1219
636
6374
-2037
-4788
2204
-6618
-1398
-3761
2986
3182
3912
-5746
-183
-3673
-1001
-1970
498
-1635
-8009
143
-14270
-6994
2930
-2208
6999
-3123
7015
-1716
8462
-6155
3266
-4274
347
595
-1591
865
-922
212
-712
252
-273
-97
-506
40
-431
-22
-476
-33
-499
-54
-504
-74
-535
-47
-578
-46
-594
-67
-604
-71
-618
-66
-636
-49
-655
-69
-666
-72
-697
-57
-712
-47
-735
-32
-767
-64
-792
-24
-778
-24
-815
-4
-808
11
-847
18
-868
40
-900
57
-932
68
-961
121
-987
100
-1041
146
-1052
183
-1089
251
-1158
310
-1217
429
-1411
378
-1402
683
-1542
934
-2596
446
-2684
-483
-1257
6826
-3282
-9343
2838
5170
-4774
-2427
2364
-962
-9493
-6353
-2848
-3892
-10494
-11382
-1886
-1653
-4821
-6186
4578
6220
-25
6171
2301
2331
-9292
3218
7618
417
-7158
-5968
8174
5437
-3318
-3640
5189
3442
3956
2840
-8671
-1015
-5068
-6039
-594
-422
-400
-1628
-286
-196
5
16
0
-473
-38
-398
26
-402
23
-390
61
-377
50
-375
79
-344
94
-356
112
-337
109
-332
124
-320
134
-319
154
-282
166
-303
155
-277
213
-285
193
-282
213
-253
212
-238
238
-214
261
-218
245
-203
290
-198
287
-187
298
-175
319
-144
331
-169
340
-130
396
-99
380
-110
400
-76
431
-57
472
-80
542
-35
447
55
235
13
172
596
1697
841
-4630
-3925
1808
6858
-9107
-12090
4095
2846
-5739
11933
3456
7124
-491
-10167
5048
3190
-2406
-6769
-2165
-2328
2832
290
3786
-8666
-2671
-4047
2922
-4282
1767
5605
343
-7290
-5124
-5952
-1034
3810
-417
-2926
4768
1882
3578
-9376
-1615
-4616
4532
829
-1762
1606
-1523
261
-1006
562
-1170
387
-1032
316
-1055
315
-1063
292
-1080
255
-1059
226
-1097
269
-1095
253
-1099
216
-1106
204
-1108
198
-1110
195
-1119
185
-1146
166
-1138
184
-1159
186
-1154
196
-1187
184
-1208
189
-1170
175
-1189
166
-1181
175
-1206
171
-1212
172
-1233
171
-1251
171
-1256
202
-1275
192
-1285
204
-1311
167
-1338
197
-1345
171
-1347
129
-1323
119
-1384
80
-1042
-15
-2214
864
-153
-482
-3762
-2833
-5038
-10022
-321
7982
2579
4476
-3011
732
-5691
-7968
-3093
-4209
-10765
-7487
-2133
-5937
-5453
-11679
7438
-5511
2121
-957
3227
6457
4156
-2801
-3846
32
-2132
-283
4082
4157
2838
-5787
639
-5290
-1803
-422
2445
3016
6008
-1145
982
2504
2572
1024
885
900
636
694
780
493
717
438
613
427
533
400
481
369
423
367
404
357
340
332
313
323
284
316
255
305
219
297
196
299
172
287
152
280
100
256
86
274
62
255
71
255
38
281
-6
255
-41
255
-63
253
-92
256
-118
255
-155
265
-197
256
-221
252
-242
255
-290
300
-346
297
-399
328
-471
306
-503
419
-818
411
-1356
424
-918
508
-3462
1618
-3602
2050
677
5125
3912
-3526
6946
-3890
-1563
-5860
-1174
1392
1986
156
3406
3989
2768
-3886
-8369
2461
-8502
2206
2529
5773
-825
2762
527
5786
-1250
-272
6394
11
5910
3555
-556
-5726
-918
-1098
5799
-408
4751
4707
2597
1724
-612
-2460
-802
1189
-607
1294
-656
535
-143
469
-220
499
-134
449
-110
434
-71
424
-46
438
-83
421
-84
421
-91
425
-91
418
-95
418
-108
410
-116
415
-133
425
-138
401
-145
405
-155
392
-180
396
-179
409
-240
393
-222
403
-252
411
-270
402
-291
403
-322
401
-358
419
-391
422
-415
418
-444
421
-516
403
-566
414
-632
436
-716
431
-803
506
-1048
892
-1603
191
-1431
398
-556
943
-4564
-2990
-6230
-4095
432
-3251
13436
-982
6521
2742
-365
-3348
2980
-4301
-653
884
-3045
703
11681
2206
-3307
4054
-9306
-5423
6146
-3573
4387
4353
-1483
-504
9519
-2423
-2231
7528
2749
-1574
-255
-5291
-5749
-4121
-3735
-7713
-1393
-5149
-487
411
-2463
1399
-199
43
-60
243
-676
207
-577
232
-437
174
-373
147
-343
148
-267
118
-247
151
-228
153
-186
149
-154
158
-124
163
-99
173
-56
178
-51
211
-10
201
11
242
23
268
97
264
89
297
121
301
156
325
180
333
187
367
212
395
245
422
272
461
305
491
341
510
383
578
387
612
476
689
498
765
523
861
670
1186
678
1405
885
1447
449
111
2659
3146
-415
5990
2131
544
416
-1743
7136
-4832
3625
1829
-405
7106
-149
12411
769
783
-3135
-1081
350
-5143
414
86
-4021
5791
-430
-2513
-2351
1684
-2446
-5467
16673
3121
3313
-6524
678
580
2775
3158
-8693
-5071
1581
-4245
-919
3440
-3786
-1922
-2330
267
-1449
1055
-230
-34
-558
-33
-647
34
-636
43
-651
73
-610
67
-589
69
-594
42
-579
74
-566
68
-536
75
-527
75
-507
77
-504
70
-496
121
-467
97
-443
109
-437
87
-406
125
-410
91
-386
144
-368
126
-329
137
-313
134
-306
150
-278
153
-255
162
-233
186
-191
195
-181
190
-143
176
-101
228
-38
245
-16
283
109
429
229
-35
168
-33
-310
938
2476
1073
4128
-794
-4437
-6496
2242
-3567
915
-4152
3545
-2440
-9614
7480
-3125
-2292
-7338
-5814
1469
-9027
-4026
6517
3043
-4443
2080
9520
-3033
2780
5353
4813
-33
-5717
-236
-6270
-7220
-7446
3458
269
-3046
4699
4876
3895
-3497
-11134
-1965
1867
5522
1309
-956
-490
-842
-1814
-137
-397
263
-640
205
-457
269
-386
271
-309
257
-280
284
-257
288
-176
329
-115
347
-98
342
-67
351
-33
365
8
373
26
373
60
372
62
380
100
415
96
413
138
439
164
434
193
456
220
464
260
473
275
486
297
499
321
506
342
520
363
549
402
545
440
589
452
591
489
618
517
642
470
759
622
471
622
1019
506
725
1238
1260
-983
2624
3369
1653
11119
7900
8641
5184
-399
3036
1060
2957
-125
2592
-2172
-5262
1891
-3479
1137
951
4345
-2901
3891
5993
-697
-3384
-276
8516
-5353
-9129
5339
8434
3716
2051
5978
-7007
6512
1513
3275
-3520
3165
-790
-538
-8130
-6263
660
1822
261
1918
7
1779
-291
466
-257
788
-297
553
-324
440
-271
362
-229
304
-202
256
-183
242
-163
168
-163
120
-149
84
-136
46
-119
-2
-102
-38
-98
-55
-44
-94
-89
-119
-42
-155
-62
-190
-39
-217
-40
-246
-2
-291
16
-323
28
-355
40
-403
53
-449
69
-503
101
-545
104
-577
92
-680
140
-699
170
-795
183
-898
182
-1055
362
-937
177
-1410
1187
-1570
598
-3024
-1779
-3145
5495
-5556
-1158
-3153
-3658
8445
-1770
7274
3083
-3494
190
-3970
-6940
-3579
-5453
-3471
-977
-7133
5442
-1009
2079
445
1160
-5337
-1495
-4738
-1042
3503
-1655
6122
-8376
-7138
2835
2761
2544
-930
5765
2639
-85
-1712
-1876
-1232
1905
-2661
1532
938
-287
869
1467
464
813
-158
951
-23
788
96
809
62
755
49
714
60
698
30
662
50
624
42
607
45
583
45
560
47
540
51
529
71
507
37
500
44
491
69
474
74
454
66
437
39
448
66
429
62
425
77
395
71
392
81
384
87
381
88
367
87
370
102
340
103
353
93
328
123
333
143
333
124
300
83
134
29
14
93
-76
1253
1146
-21
3330
1958
-1238
4446
388
-883
-6105
3935
5430
145
-964
2338
6543
6789
-4745
2935
-207
723
-4831
5992
4544
-1638
6493
5267
594
-6228
-1770
-2140
5349
3433
-4008
2782
2029
1275
-4473
-411
-6751
8316
-9919
15072
-12530
-6466
5361
-283
606
586
591
248
98
209
664
10
801
176
434
145
373
73
349
70
332
28
319
-2
319
-32
302
-55
347
-97
315
-108
315
-136
319
-168
320
-188
333
-227
325
-225
339
-240
327
-298
314
-298
349
-320
347
-353
359
-374
345
-397
341
-418
349
-450
358
-480
362
-514
360
-534
378
-587
374
-603
395
-627
406
-709
415
-734
428
-846
453
-911
178
-1237
276
-776
1664
-1600
-114
-2445
27
2288
330
-2707
8148
-758
1535
-5804
6009
-1823
3310
83
-167
5565
-786
5250
-5560
980
-1407
-1573
-3570
-1967
1879
-42
6427
-8553
9134
7626
-1545
1131
-32
4955
8949
-2677
-1294
5946
-6642
-2840
-2853
3796
-7137
4573
-5697
-3915
2803
561
296
849
732
665
259
574
78
405
72
357
107
307
128
275
149
270
171
249
173
266
204
220
209
224
208
218
220
207
233
195
228
199
251
193
257
164
250
217
245
191
267
173
305
194
282
185
254
193
275
172
274
174
277
184
280
189
283
194
273
189
279
208
263
197
293
208
279
230
255
224
250
282
183
210
390
197
346
749
-572
443
-1173
-1715
1633
-2173
-2346
2336
-421
-4442
-3052
892
4352
-1370
-313
3729
7157
5719
10722
-3195
9587
5716
457
-198
-9235
3665
171
-1914
-1486
-1472
-1241
-3090
-8386
7802
5624
-48
1137
-620
-1533
9207
6790
-4554
5839
3020
3444
-4458
-103
-3512
-3130
-113
1151
-1114
-821
521
-168
-123
159
-61
60
-179
10
-211
25
-219
62
-255
29
-245
59
-272
39
-286
42
-318
39
-337
43
-353
47
-372
42
-390
29
-404
71
-419
45
-436
44
-450
36
-469
45
-494
54
-512
12
-527
25
-536
31
-551
24
-572
27
-592
23
-614
36
-635
64
-652
32
-655
10
-712
39
-725
33
-725
17
-681
-42
-713
70
-685
73
-770
469
-1337
3039
-530
-229
-409
-12226
-2205
-4365
2462
-13
-5384
-9069
-4672
-377
-24
-4864
-3590
-2432
241
4992
7277
-6424
1437
-2590
-1114
-821
1574
4743
6573
3833
3108
-3090
-161
-5356
9651
17982
16886
14915
60554
-84186
-39681
-9411
-14462
13648
-655
188
4862
8023
3862
7995
696
4091
399
3554
-471
2694
-201
2518
-597
2111
-608
1976
-627
1853
-651
1718
-630
1648
-644
1580
-647
1458
-663
1406
-659
1329
-674
1273
-676
1206
-652
1172
-666
1103
-684
1032
-693
979
-679
941
-684
897
-662
833
-666
773
-672
713
-686
660
-666
616
-674
548
-667
482
-665
417
-679
327
-669
283
-675
157
-659
78
-687
-27
-650
-158
-663
-351
-697
-718
-725
-1133
-648
232
-983
-443
2670
-2093
-166
6226
5479
-4576
120
-3400
-1939
2230
-1868
4579
-13882
-3876
-522
6419
-1362
2756
-3096
-816
-4481
-4768
1715
8807
2797
-4552
-2427
2502
-613
2927
1176
238
1752
-7676
-338
1552
12261
3986
-1223
3366
-318
-334
-1069
-13505
-498
-251
2400
1606
-30
8
789
408
1134
-329
805
-243
675
-215
585
-192
515
-171
457
-193
425
-149
390
-104
348
-125
315
-109
281
-92
255
-69
236
-51
197
-38
179
-27
168
-13
158
19
118
-7
122
44
56
28
88
67
62
94
47
115
11
131
-7
156
-26
180
-68
192
-99
231
-62
260
-140
280
-165
318
-193
373
-242
437
-240
390
-464
640
-314
1385
-861
914
-485
1629
845
4382
-9027
-145
11059
6732
3377
-12451
-3061
-2078
-7023
-669
558
3772
-6732
-2831
-5965
229
-7225
3471
12679
-372
-3520
-5546
-735
918
8330
-9453
-346
-3605
-3333
10323
-5369
-3160
3788
-5436
4327
-224
-4554
-6299
4481
-4279
-341
-6442
-4130
-2110
-1428
-2421
-507
-1901
-350
-1238
-906
-990
-383
-1112
-491
-1039
-550
-904
-533
-812
-533
-735
-528
-682
-509
-619
-517
-571
-513
-531
-502
-482
-501
-436
-505
-385
-506
-371
-476
-317
-487
-264
-523
-247
-488
-194
-493
-161
-512
-160
-470
-137
-461
-72
-477
-47
-487
-3
-489
31
-489
69
-493
106
-502
120
-491
175
-491
235
-506
295
-505
325
-520
366
-518
372
-555
369
-367
1412
-724
296
-1938
594
-3768
568
-3923
7841
1532
-489
-954
-1565
450
-7903
950
3128
-5063
7283
-1425
2121
-12607
4741
-2657
78
10427
-5155
1415
-1299
8057
396
446
5452
2324
-4553
-1181
95
1577
478
-7415
5899
-7798
2614
-2194
7955
2292
3980
-1433
-519
-7391
-2121
997
581
-140
401
231
-311
227
-209
-79
-88
-5
-43
17
-65
4
-64
22
-80
33
-60
58
-98
46
-107
46
-117
49
-119
57
-130
73
-150
76
-152
88
-157
76
-187
98
-186
79
-189
119
-186
112
-226
128
-221
129
-271
156
-270
164
-283
181
-307
197
-331
204
-357
243
-379
245
-399
212
-467
293
-501
323
-540
375
-619
462
-773
478
-846
696
-1063
97
-1150
600
-2706
6416
1709
1052
-822
-6093
3770
2117
-5450
-4906
2553
1806
-4409
-4485
347
-5102
1988
10087
-3398
-53
1745
4379
-5427
-2412
7298
8105
-2478
8620
5568
-466
1107
-7673
7978
-4769
3573
-3369
-4971
3191
8395
-1145
286
-7929
-1021
6730
8490
2805
-5412
89
-610
-891
-120
-490
100
-73
-10
-17
171
-99
146
-42
191
-14
218
14
231
32
279
16
257
43
287
84
311
94
321
111
336
119
341
140
339
177
343
174
340
171
381
181
355
241
387
233
377
248
385
306
400
308
404
317
403
351
400
381
406
406
417
437
433
481
417
527
428
564
435
589
435
664
455
729
442
770
399
886
712
1548
1688
1345
1554
661
954
1077
-5953
1784
-3305
5131
-3702
6334
-6838
10122
-1347
4806
7390
-2037
3594
-10051
-2786
3840
3957
3970
152
-4775
-3059
5231
7489
4472
6863
4423
-957
-12470
-4149
-1395
1476
1866
-4378
-3273
1469
-904
3604
-389
-951
2932
-5130
-1180
2363
-2131
-3640
1913
-2406
148
-906
359
-1056
312
-1079
310
-882
202
-766
178
-695
126
-582
99
-594
115
-519
89
-490
85
-452
68
-413
60
-382
45
-349
46
-311
50
-319
10
-303
14
-285
10
-234
60
-208
33
-212
31
-182
16
-186
36
-155
28
-158
30
-142
33
-136
41
-120
46
-103
54
-121
41
-98
29
-82
83
-97
87
-101
70
-73
152
-225
229
-246
416
-1676
206
500
161
4072
1410
-1777
1402
1352
3463
6895
3
-10
-5021
2689
6703
-130
-7797
-1977
4911
-1797
-4172
1198
-2765
-5047
-11815
1186
-5970
-3662
3940
13913
-1387
-4358
-980
1035
-414
272
-229
-5551
967
3659
895
4095
11134
-741
-2819
1184
-705
348
3616
-409
978
1599
2142
79
390
309
607
80
631
157
520
167
470
202
490
196
436
219
443
205
434
219
411
205
408
216
405
224
394
228
393
232
397
246
382
201
392
262
416
246
425
253
417
280
406
255
408
276
409
270
433
279
435
289
452
302
460
303
457
299
513
327
508
314
525
343
545
379
588
380
649
386
686
462
468
508
290
1230
596
2397
2917
2794
-3179
5409
8771
-2978
-2020
-10070
5581
-1387
-7317
7189
-1644
-2055
7120
1205
291
5965
3894
-3600
-5562
1461
-7784
2902
4455
-3832
614
10557
-518
5520
-16952
2720
-1854
-836
3184
-7326
-8213
-4513
619
-137
177
-1975
3740
-3290
-1785
-793
3620
240
-1561
319
255
-486
304
-499
290
-382
181
-454
203
-450
182
-438
195
-483
157
-423
158
-420
125
-420
118
-413
102
-405
88
-402
65
-388
52
-381
68
-419
31
-423
28
-377
-7
-394
-7
-389
-37
-376
-46
-397
-64
-393
-76
-393
-82
-382
-109
-390
-133
-391
-145
-408
-167
-403
-226
-443
-250
-432
-277
-448
-299
-465
-352
-492
-407
-575
-539
-624
-458
-838
-1145
-1663
-1206
-1888
-1742
1450
5712
-1498
-3912
3269
-8456
5921
1934
-3494
4573
1619
-9007
-4507
801
-26
3757
4100
5631
-2483
4533
2251
389
-248
8281
-1949
-849
6473
6325
-122
-1061
9040
4924
-2196
-3386
-4804
-3476
-9993
-2437
-7754
1144
2733
668
-3321
-1459
725
3598
1237
1679
-944
1024
205
515
-242
405
-193
398
-148
347
-148
308
-133
234
-127
217
-96
207
-93
166
-100
131
-87
114
-80
87
-74
59
-74
22
-70
27
-60
-19
-61
-11
-38
-65
-36
-23
-17
-75
-4
-85
-19
-96
-1
-116
1
-147
20
-172
27
-189
33
-220
57
-225
74
-259
42
-288
96
-303
129
-354
150
-385
201
-444
249
-521
305
-376
-63
-495
838
-1515
251
-2359
5534
3429
-2239
-4165
774
7482
-1499
-7390
-4217
5101
6768
-5068
6317
-3302
-1619
-5943
-768
-161
-6936
-469
-3362
-10646
-13290
-4106
3439
-6655
1586
-2425
-2254
-4353
-6359
-4789
11443
-6830
-8082
-8717
-1061
1995
3045
-4214
-2848
-3786
-1527
-2463
3210
3577
-2022
699
-656
-411
55
-82
-680
58
-564
110
-560
105
-599
82
-661
54
-679
-8
-698
34
-721
17
-739
9
-756
-5
-772
-7
-787
-21
-814
6
-815
-11
-835
-16
-854
0
-878
-5
-833
-12
-862
-4
-904
-24
-903
-35
-942
-20
-926
-17
-943
-11
-955
-10
-974
2
-997
-13
-1009
-14
-1056
-16
-1040
1
-1080
-1
-1107
10
-1121
-3
-1292
-231
-1421
-96
-1700
-39
-1557
126
-2878
-1560
1427
3761
-1756
3295
-3409
-7680
1448
-7322
2445
-4475
-6191
-2193
-4985
-7762
3411
8956
657
1053
4210
-3284
-7795
-2989
3678
-6287
-2683
639
5201
-10719
3559
-1616
-9673
-6229
4396
-15589
4457
-3887
-630
-516
1645
-1536
-6245
7679
-1061
3292
1421
2396
-1982
789
-152
1761
-85
754
-264
834
-285
765
-291
697
-298
644
-282
613
-295
536
-302
519
-291
481
-294
480
-296
452
-290
430
-282
421
-300
420
-287
379
-299
402
-323
373
-294
385
-318
365
-335
332
-308
357
-320
350
-321
356
-330
353
-336
359
-346
369
-354
371
-366
387
-388
378
-388
396
-393
440
-443
442
-428
479
-451
512
-526
487
-613
571
-535
-103
147
1669
-2056
1416
-1050
3901
3781
-1968
-1006
-167
-6884
-2127
3014
2447
666
326
2398
-602
-1178
-381
1373
-993
-2948
5783
9537
-1094
-10422
-8223
-5698
964
1376
-3037
-10094
6490
5044
-6934
-9146
-876
8307
4758
5151
-2244
9100
-4818
-3379
1893
-1080
-3498
3089
1841
559
87
1019
-167
545
-112
415
-418
211
-346
179
-366
100
-364
50
-353
10
-373
-19
-340
-53
-364
-88
-349
-122
-364
-149
-364
-174
-352
-191
-368
-245
-368
-220
-376
-275
-382
-270
-362
-276
-408
-326
-394
-352
-423
-354
-441
-404
-419
-411
-440
-425
-448
-446
-464
-467
-469
-485
-484
-512
-527
-557
-512
-543
-584
-612
-580
-624
-632
-672
-691
-689
-733
-769
-1258
-493
-1200
-1636
513
-142
-4698
-1869
2147
-3660
-7684
-5757
-5162
3751
-763
-5871
-2524
-5828
-4146
1306
-4934
-3180
13007
-2945
3157
3128
-1811
-1395
4102
-3862
181
8343
-2805
-8406
1833
2961
6408
8354
-6480
2083
8232
-3176
4727
-1393
1623
569
-2691
-2065
9443
-1010
6443
-3312
1376
2073
1625
512
319
1020
1232
1095
848
986
682
784
663
685
630
597
553
553
530
527
436
487
399
437
385
407
343
375
308
347
266
334
241
277
207
273
187
279
151
202
123
219
77
166
76
168
22
133
-2
111
-32
85
-69
64
-105
40
-141
15
-186
-17
-211
-62
-245
-72
-316
-110
-383
-159
-413
-188
-497
-235
-613
-292
-730
-509
-927
97
-1361
-1411
-636
-427
-1236
-350
-6632
3463
-4583
3872
1475
-3239
2798
-2283
-4832
1825
-1781
2929
-244
485
274
687
3533
-926
-5818
4050
4781
3217
2681
8753
-8809
-713
-7922
12147
5712
-2935
-240
-1196
-287
-282
7053
-2026
-3378
-8259
-3534
-5474
2065
-4841
1088
-1431
-1582
-1734
561
-1012
-452
-612
-107
-737
-353
-678
-322
-614
-316
-584
-307
-556
-308
-498
-303
-496
-309
-459
-309
-450
-296
-432
-292
-420
-296
-403
-297
-391
-299
-379
-323
-381
-269
-358
-274
-386
-303
-355
-303
-326
-285
-332
-290
-320
-299
-309
-298
-307
-308
-297
-307
-290
-304
-281
-316
-277
-329
-273
-314
-258
-299
-267
-310
-251
-315
-254
-288
-294
-282
-264
-111
-465
-69
-298
-705
65
-1263
329
-1468
-2976
-2637
-516
4590
-3243
-661
-10968
-2966
962
-1737
176
-1013
4911
-536
-508
-1895
1123
-3784
1151
-3683
-4101
1181
-3691
-1136
-1716
-8851
-2198
-3007
5124
1324
7979
-1615
-495
-1767
-2655
2505
1578
-6037
2452
-736
-2209
1505
4130
1189
-1449
286
195
621
-274
198
-790
269
-266
424
-187
152
-312
155
-275
144
-273
146
-269
163
-269
159
-291
171
-283
187
-292
192
-294
202
-297
208
-304
213
-322
233
-320
258
-311
280
-324
266
-318
250
-319
296
-328
296
-359
309
-345
324
-359
334
-356
358
-365
374
-373
399
-393
406
-426
455
-397
460
-410
497
-394
528
-406
560
-413
630
-406
714
-250
1073
-760
473
-702
-423
-773
588
-66
-3953
10088
6635
859
-5348
546
335
-2527
-2213
-7126
-5183
2613
753
-1167
-2885
5019
3338
-2440
-3074
-5735
6701
3142
-2093
-7357
-8344
1801
3263
3194
3762
-1506
-1189
2790
-2420
-1433
1466
1036
11309
1356
-5473
-48
11760
-320
-1274
1585
-1264
-766
-2529
697
-763
238
-683
218
-519
121
-363
139
-327
117
-295
110
-249
77
-267
78
-250
96
-275
89
-241
105
-245
102
-239
110
-239
110
-230
115
-242
120
-235
135
-198
159
-222
135
-222
172
-228
152
-196
211
-234
185
-210
206
-203
228
-204
244
-201
267
-198
290
-209
318
-188
339
-194
371
-158
422
-133
455
-102
514
-39
614
109
734
528
1229
493
1006
234
990
2205
4003
1669
743
4342
-4633
-4201
-5939
-3619
-492
-841
-2998
-7221
-5564
-3698
-4392
10211
-6432
-13063
1453
2280
-5384
-1548
4745
3030
581
3031
4568
3829
-3924
-3992
12947
-5130
-5587
-6637
-5312
1935
-5822
2630
-998
-360
4939
2732
4939
3878
2329
-1555
20
-1849
89
-816
34
-121
188
-267
130
-263
61
-184
60
-119
74
-71
68
-46
73
-31
104
-2
123
15
146
34
158
52
177
64
187
64
173
110
204
88
204
107
229
114
227
128
268
166
277
149
275
157
297
162
299
172
319
189
334
196
347
205
374
195
397
218
407
219
411
234
431
229
435
244
456
320
427
295
662
389
1015
1040
1474
956
1543
2703
2136
1914
-964
6694
-4302
1797
2118
-6446
5416
3737
-5995
2032
2095
7393
1127
1739
3169
3264
-495
-6635
-5128
1438
-910
-3994
-839
12089
-3726
5953
4660
3737
-1260
4365
987
-713
5056
3891
-2801
8912
-778
-818
1559
7015
-3013
1722
2480
1585
770
-315
454
282
470
419
832
177
715
191
670
184
621
175
601
153
562
123
553
113
556
79
522
72
513
50
492
29
480
14
461
-10
455
-38
431
-55
441
-105
431
-75
412
-118
395
-141
371
-163
366
-176
352
-182
319
-236
321
-253
310
-280
289
-311
277
-333
257
-376
227
-408
238
-451
166
-492
130
-521
92
-535
-76
-713
-156
-564
286
-482
204
725
-718
-2705
427
-697
-1331
-5198
-172
902
999
-6251
-1093
-8570
-2318
-4482
15776
1314
-4103
1463
-2184
3265
2779
4347
293
2990
-6545
-5495
-589
4471
2796
-813
-6127
-9231
6622
1742
-9022
11174
2116
8319
13499
-3408
-6736
3793
8555
12
5345
5119
-1392
2897
-515
1520
155
1088
-339
742
-149
867
126
842
193
833
233
774
256
745
284
701
316
660
310
656
323
608
343
593
351
562
359
538
387
493
383
508
388
454
375
423
396
430
417
351
395
365
392
367
387
312
396
269
410
256
407
233
417
201
416
179
420
122
437
117
436
67
422
19
443
-16
454
-97
490
-192
502
-367
515
-688
1296
-169
203
-503
1415
1179
1665
-1230
-641
10489
907
-823
8661
-1557
695
-6341
-2787
5107
-2012
3632
10751
1271
11256
-5816
941
1287
-94
12070
-3835
-1828
980
616
2012
-3581
-3912
-5607
-911
-1490
-4638
-7797
-3866
-6589
3738
13967
4738
-1256
-5607
-4679
-299
2241
-35
3803
-3065
-237
-1536
1180
-1349
371
-743
140
-865
219
-726
150
-685
129
-601
115
-577
54
-513
72
-476
79
-425
71
-390
53
-354
51
-313
48
-281
37
-242
46
-208
36
-190
30
-150
39
-102
43
-83
24
-64
41
13
54
23
27
58
27
110
39
153
41
204
44
249
45
297
48
320
55
431
102
523
68
592
87
701
69
880
156
923
283
1205
530
2386
-1374
-45
-2468
5953
3733
2633
172
-1205
-3975
-3658
2007
-8316
-1345
-5878
-1912
6216
5798
9488
-796
-7911
-6063
4579
3789
1648
-2831
-1702
-7677
-1705
-2578
-3207
850
-9668
3082
2510
-670
6959
20241
8286
71208
-87293
-39155
-5132
-22345
-465
-3479
7022
894
4364
2644
2327
-1702
1600
-1209
1929
-1448
948
-1578
1065
-1637
956
-1576
901
-1550
874
-1527
818
-1521
821
-1479
782
-1452
763
-1420
757
-1407
730
-1396
730
-1380
725
-1346
695
-1329
709
-1331
685
-1306
665
-1273
650
-1271
622
-1260
631
-1235
632
-1224
572
-1220
581
-1214
575
-1191
551
-1179
538
-1152
511
-1148
506
-1136
489
-1118
463
-1098
412
-1070
386
-1057
337
-1064
287
-1009
79
-670
141
-1644
-625
-645
-1414
-1334
-2660
-1529
-2513
1097
2331
-6788
7332
4877
599
9791
-3624
-3811
6544
-5309
12026
4696
-6033
-6608
-4102
-3715
3433
-3198
4636
-4439
7312
-1892
-1691
-5133
11305
-90
-5124
8885
-1052
5478
-1022
5124
28
1455
5570
-4030
-11321
-3900
-4078
6603
345
-396
-45
-35
1335
-257
843
-146
698
-43
467
86
515
18
473
-2
420
0
392
-32
351
-73
351
-58
326
-56
287
-79
262
-87
240
-99
222
-115
225
-134
173
-106
174
-135
130
-131
120
-171
129
-171
94
-183
63
-206
82
-216
53
-223
20
-242
2
-263
-15
-287
-60
-299
-57
-320
-101
-352
-135
-400
-166
-437
-214
-490
-225
-604
-339
-822
-612
-605
-28
-612
-687
-1083
-67
-1490
-647
-2461
-5698
553
11177
-2192
-1483
7796
932
-2369
-1079
5932
-7398
1553
-7313
-5256
7171
426
1925
628
-3688
3189
-2913
-5109
-368
-15320
-2680
-8404
-1234
-3834
3680
-1439
7812
6472
-2946
-2966
892
8923
-6598
-3310
-5426
6067
-8543
610
33
1387
2909
833
2141
570
1062
446
665
348
761
216
657
209
614
167
575
168
545
171
541
147
543
123
502
141
491
141
472
141
462
132
463
152
457
166
460
180
457
208
438
187
451
189
464
185
438
200
441
205
455
225
463
242
467
261
475
283
483
299
513
312
511
351
525
388
550
408
598
482
628
519
659
548
883
883
835
766
1523
1074
426
873
2635
1593
3645
3893
5000
6086
-6853
7559
-3691
-1506
6210
5
-593
1458
-718
-595
-455
965
4796
1067
3537
3303
-4905
-3130
5658
-4849
2354
1412
1543
6024
4779
4078
5685
-1958
-1873
-2692
3963
-1855
-3932
1184
6575
9478
1894
-4578
6216
-1697
-4581
116
-1146
1466
-596
757
-582
680
-197
523
-27
433
0
403
28
349
52
302
90
273
107
229
74
214
110
168
107
142
123
116
131
96
137
63
129
40
138
15
157
1
156
0
146
-44
161
-90
149
-64
201
-120
167
-116
186
-143
187
-166
189
-194
199
-228
195
-248
221
-282
224
-309
211
-328
243
-384
266
-445
316
-520
409
-585
575
-587
17
-735
572
-1495
-36
397
-1156
-158
-3636
-364
5854
-309
-4666
4204
-4200
-462
-5465
-1691
-4525
-6626
-4128
10272
-5701
-10797
2970
9832
2902
2170
-2287
5575
4811
-1899
-4597
2474
8008
4776
-4763
12517
6174
2709
2928
-2999
-2832
-574
4518
-9601
4504
-5254
-4251
1606
2397
1258
1266
1780
1228
54
-553
-421
-33
-201
-62
-143
-76
-121
-100
-129
-132
-102
-109
-90
-124
-82
-116
-69
-147
-77
-142
-87
-155
-86
-171
-86
-188
-83
-168
-96
-201
-72
-182
-72
-226
-88
-214
-43
-251
-52
-226
-49
-235
-50
-273
-56
-271
-36
-295
-40
-312
-28
-332
-18
-350
-22
-358
-9
-381
1
-419
18
-429
45
-457
39
-503
44
-428
213
-423
-85
-527
11
-1470
-395
-1383
848
-2813
-521
-6086
1431
-5360
-4253
-3551
-9299
-3089
5379
8041
1445
-7374
-3036
3565
914
-5525
-5542
-5621
-7000
5709
-7589
-628
-4903
-7836
-14532
-8258
-3112
-6838
-8258
645
-5144
-2779
7932
-2301
-1109
5032
-3264
-4926
-7192
2510
-7365
7155
4546
-1820
3230
2121
-664
1085
-463
183
-609
133
-312
12
-299
-78
-261
-118
-227
-163
-180
-215
-148
-185
-146
-236
-84
-240
-73
-247
-47
-267
-22
-285
-1
-281
28
-303
70
-310
78
-305
132
-326
128
-352
117
-375
180
-383
174
-393
240
-385
253
-396
270
-395
311
-412
349
-428
387
-419
422
-425
478
-437
526
-456
616
-454
638
-456
717
-448
873
-591
747
-285
987
-593
1055
596
406
-1768
1742
-2261
-79
-5848
3736
-6665
9925
1674
4565
-993
783
-2689
-6337
8717
-4183
4080
-10450
112
5625
6540
-3862
3074
7476
3034
-3544
-1917
-721
-6342
-3998
-4349
-4935
4936
-3632
-10101
-5235
4424
-566
-3695
-4564
1123
6316
-1109
583
3856
1061
2147
6061
1894
2022
-252
955
-273
1041
-440
1129
-173
833
-288
806
-267
732
-280
662
-288
627
-244
616
-260
578
-242
543
-246
519
-232
493
-223
483
-213
443
-219
449
-202
426
-190
397
-191
394
-200
363
-169
352
-169
358
-181
327
-167
322
-146
291
-136
286
-127
271
-114
253
-120
250
-103
231
-92
200
-75
194
-54
196
-49
174
-42
190
-122
51
2
100
-273
-117
-1013
-621
-954
-74
1406
-312
2458
-412
9637
-1964
-551
3680
591
43
-4717
777
7189
-5657
2936
546
7216
-1715
-3095
2339
-4214
1829
1910
-639
1290
2389
2457
4
8496
5309
-4186
1943
5316
1308
-4818
1307
240
-986
1377
-13155
7012
807
-171
-314
-102
-877
-2952
917
-661
-67
-1268
114
-897
0
-582
-84
-526
-59
-456
-84
-409
-74
-333
-100
-331
-88
-302
-89
-294
-89
-247
-104
-233
-108
-217
-122
-207
-117
-186
-147
-189
-127
-173
-142
-159
-142
-155
-151
-137
-185
-107
-184
-158
-165
-133
-196
-124
-185
-127
-210
-125
-225
-126
-234
-130
-254
-113
-269
-145
-297
-136
-321
-137
-361
-159
-408
-153
-489
-188
-633
-273
-713
-210
-313
-368
-1220
-778
-1973
826
-1031
-6275
306
1988
-1561
6234
354
-2810
-440
7240
-1027
-9995
573
2800
-6003
2782
11573
-10401
6695
-386
-618
-5975
-1628
-1906
-3478
3402
1467
-596
-536
-1764
1642
4775
3374
1352
13
832
4409
170
-1029
31
-2699
-4777
1614
-1708
-2468
-2625
-249
-534
-848
495
-397
11
-366
54
-327
52
-285
57
-249
56
-241
94
-255
79
-262
107
-242
106
-242
117
-240
123
-238
131
-239
141
-229
156
-232
160
-238
161
-217
179
-224
201
-246
201
-245
208
-214
215
-203
218
-224
230
-208
226
-214
238
-213
255
-204
245
-195
257
-202
262
-208
304
-199
313
-182
337
-163
345
-113
324
-142
450
-418
341
-8
485
465
778
3
5180
3259
6293
-1385
7483
-9991
628
1654
-3427
3279
4939
6045
-7764
1361
1347
-5346
-6412
-3863
-7404
4972
-4003
4740
-11846
1321
-6072
2159
-3593
-5492
-7463
-6136
-10171
8717
-200
-7426
7694
-4959
6860
-1537
-8579
5868
1881
4493
3990
-3977
3055
-469
2608
981
3
63
1489
248
897
256
814
185
690
188
626
204
566
155
529
188
481
201
440
173
419
174
391
193
368
192
344
209
311
207
331
215
301
217
273
205
274
212
282
217
206
231
217
230
201
262
170
243
193
254
189
273
174
286
158
296
163
315
167
323
165
370
156
411
174
414
157
453
176
506
331
770
476
1015
66
1605
1080
468
-55
1267
-2179
4299
-1497
2604
1009
7565
2238
-9212
787
7713
-5611
-4012
1702
-7063
16386
-1422
342
4063
1593
-316
7404
3068
787
2698
-2337
-1045
1478
5225
4728
-5189
-8314
-982
-3576
5342
4274
-3501
-5072
376
-407
1692
-4740
-5012
-806
4314
-2
238
-148
-2021
-704
312
-382
-94
-603
-391
-241
-395
-227
-321
-228
-328
-178
-326
-213
-327
-189
-338
-168
-312
-154
-317
-157
-318
-151
-320
-150
-317
-132
-320
-119
-333
-149
-344
-125
-331
-114
-350
-118
-340
-120
-347
-104
-360
-103
-372
-99
-373
-93
-388
-87
-397
-78
-409
-66
-417
-57
-437
-78
-463
-35
-478
-65
-501
-61
-534
-16
-570
7
-652
22
-764
-56
-938
-82
-1550
343
-488
673
1651
-2227
-771
6378
-4217
-6303
-5571
-1486
4021
-6388
-3096
-211
648
2655
-423
-134
2280
1519
909
115
-1801
2852
-1543
5534
-4668
4086
-7983
-3938
-3687
5676
-4193
2716
-4113
-7871
2562
-13630
-2645
-5345
-3861
-738
4266
-3899
-2745
529
-3229
-2288
-2338
534
-250
-492
-445
172
-379
-6
-348
-12
-257
-93
-175
-160
-131
-195
-130
-209
-90
-225
-94
-244
-87
-235
-80
-250
-66
-249
-52
-251
-54
-242
-52
-257
-33
-269
-12
-246
-1
-275
1
-277
-15
-264
-4
-251
-30
-268
17
-265
-12
-248
-8
-247
5
-247
3
-236
4
-245
-6
-241
14
-249
-10
-234
-22
-226
-33
-231
-68
-188
-112
-201
-239
-132
260
-275
-146
-547
-661
-257
-1388
1979
-3132
-109
4179
1307
-3157
-2209
11981
1172
1603
-7925
2951
1626
183
12317
-4161
599
11708
1987
-416
2841
1968
2878
-8165
4322
-4142
-4141
4587
7538
8799
-5406
-4178
2192
-3805
-1164
2945
13583
5481
7757
10096
3883
-2098
-9757
3031
-3687
-3925
-2285
1290
-1934
22
-1100
982
-885
825
-669
611
-682
604
-595
580
-549
529
-462
524
-464
461
-392
456
-381
414
-356
388
-320
366
-288
341
-269
329
-252
271
-237
275
-189
267
-206
268
-191
213
-192
225
-164
153
-153
174
-123
137
-130
132
-129
97
-118
76
-110
56
-110
40
-111
-5
-77
-52
-111
-57
-121
-61
-123
-131
-170
-125
-108
-11
132
-259
-239
-841
-1770
-233
-2509
2411
-3491
-2248
713
-7287
1293
-4642
1406
-1594
4144
2425
10481
4249
-4908
6667
-2706
-7080
-3102
8613
6075
-7567
6326
3185
116
6129
3940
6546
6989
-13364
801
2467
5396
2862
853
2588
-6808
7295
-3254
-1245
-3159
-489
4681
3596
601
-3135
-1632
-1896
630
887
-136
625
302
725
159
370
389
269
296
304
248
269
232
218
225
211
195
170
171
125
153
97
152
75
138
50
130
15
118
-12
103
-28
107
-20
48
-87
56
-111
56
-131
39
-142
28
-162
-22
-202
-13
-219
-20
-246
-45
-277
-64
-308
-93
-346
-100
-367
-110
-426
-169
-452
-213
-529
-255
-570
-296
-636
-338
-736
-455
-940
-616
-1051
-664
-1086
-1058
-742
419
-1007
-1635
1783
-9409
-5625
-1487
8797
2708
-2727
-2121
-3009
661
483
-1920
-5355
-119
-1420
11855
2818
-911
679
78
4595
242
-5394
-715
3771
5624
6235
-3920
-2886
-8869
-7530
-10628
2745
-2216
2652
-1963
-3018
11469
1140
-10741
5969
700
-1792
4983
907
-1978
731
-1451
565
-1282
542
-921
410
-833
438
-779
449
-748
439
-705
420
-659
386
-650
422
-599
376
-551
388
-539
358
-502
349
-474
342
-434
327
-420
305
-407
273
-397
282
-357
302
-344
286
-337
259
-324
252
-286
255
-264
265
-237
244
-206
230
-185
229
-162
210
-137
220
-127
192
-82
221
-35
197
-11
202
18
223
66
229
107
249
103
356
-110
795
437
1089
1209
-1044
-690
4021
7612
-2927
2724
2484
-8648
-5735
8632
-1993
6227
-8885
4179
-9269
-4008
-2199
-1376
1099
6483
4085
5262
-1969
3838
-3488
-2366
-1251
89
3595
-7196
6626
-2013
-6507
5196
6047
6940
181
2882
-3377
-4598
-4510
194
-4593
-1383
-5477
-542
1063
-1925
-1374
-2130
-665
-1354
-423
-1125
-737
-1363
-490
-1150
-513
-1096
-451
-1027
-416
-998
-385
-938
-311
-918
-285
-886
-262
-852
-234
-830
-212
-812
-186
-781
-146
-776
-145
-730
-136
-724
-99
-702
-75
-706
-77
-687
-32
-662
-35
-613
-19
-618
-7
-604
16
-581
23
-562
39
-537
55
-519
76
-504
90
-480
102
-458
98
-445
109
-395
122
-359
24
-233
107
-618
-261
132
-95
205
838
941
66
-65
-2266
-2025
-6319
-3823
-4207
-3957
4944
2559
-4553
4203
-4184
-3011
2305
-829
2383
-8168
-4460
2517
-7119
2198
2690
-113
6018
5838
8254
1297
-482
-3260
-3133
-7438
-4889
3852
-5627
-1348
-5920
-7811
3477
6172
-590
-54
1307
-482
-2842
5899
-2201
-625
376
470
117
169
315
-80
49
105
11
79
39
57
23
46
30
54
18
-9
55
10
36
3
45
-3
42
-6
51
-10
57
-20
78
-15
70
-24
70
-37
54
-43
71
-24
99
-34
78
-2
146
-10
150
-31
143
-10
145
-1
161
1
181
2
188
26
205
36
231
30
267
56
274
63
300
107
350
159
377
218
430
208
643
300
575
1262
1770
2410
956
2657
3784
-1152
2808
-5244
7752
-5402
-8145
-6618
1517
103
-4656
5589
-7284
8639
-3387
-4706
-8959
-12677
6272
3075
-646
11208
7238
-7489
-530
-939
3404
1724
2719
10082
-6633
-15372
6901
-4313
-3454
-9757
903
-6071
2985
-1278
4655
-1648
-2031
99
-3070
-1379
-2716
694
-334
-179
-944
-100
-434
9
-601
-61
-581
0
-587
47
-547
41
-575
50
-581
87
-604
107
-602
127
-601
146
-608
163
-616
205
-649
182
-641
218
-655
247
-657
282
-700
242
-694
291
-691
323
-721
344
-739
350
-743
381
-751
411
-784
426
-811
458
-848
489
-866
512
-900
553
-930
570
-971
620
-1043
650
-1097
716
-1216
827
-1236
732
-968
860
-1249
1568
-2244
1283
-1737
-673
-3390
1445
-4390
2289
2739
-2728
3635
7918
12208
1102
-8636
-9706
-4344
-4322
5154
-3426
1843
-1614
-3678
930
2202
4110
4752
-742
9586
2079
7864
-136
2446
-11204
-3091
1439
8693
5138
3094
-4025
4358
4553
2864
64
2879
-10281
-2428
-7514
-1077
-1670
-1476
-2027
-1234
-1155
-742
-1314
-646
-1316
-474
-1080
-481
-945
-435
-843
-412
-760
-374
-645
-381
-572
-372
-530
-357
-471
-355
-413
-350
-361
-345
-297
-329
-247
-360
-216
-368
-170
-373
-115
-363
-93
-347
-43
-368
2
-353
27
-348
80
-375
129
-381
169
-389
220
-406
266
-407
311
-431
346
-432
444
-453
501
-493
519
-506
610
-533
700
-544
816
-554
1063
-433
697
-739
1275
1521
1814
-540
-853
-6313
6670
-1805
-431
-9839
8195
-8008
-62
-4011
-3612
1127
-2512
-1665
3928
-7175
1385
244
-3054
4761
1061
-610
-4860
-223
197
2387
7831
-72
-4991
-5567
69
-2004
-3030
4707
-6208
3621
-1160
2882
4777
5764
-1225
1540
-1866
-4248
-2931
792
2765
1055
1207
242
528
396
299
486
249
435
242
359
230
298
191
260
175
257
189
209
157
160
147
132
129
105
124
85
119
55
122
34
111
26
105
-16
70
-27
89
-41
98
-32
70
-81
71
-91
57
-113
60
-130
54
-167
62
-174
52
-196
52
-222
45
-243
47
-290
22
-289
34
-319
1
-378
10
-423
3
-461
63
-445
182
-726
108
-590
1032
380
145
-1185
389
5871
-674
-845
323
-769
-4458
2521
-2526
2981
-9140
-5608
9048
-2609
2171
-2584
3982
-1066
49
816
3140
-8197
-1419
-1487
-6147
-307
5839
5393
-655
-840
-8259
6248
4903
25195
19223
69351
-92152
-36352
-3103
-4680
717
-198
5360
648
4584
-2294
4472
-1142
2089
-1138
1435
-1482
1267
-1376
1325
-1429
1138
-1307
1070
-1252
1034
-1203
999
-1123
966
-1100
957
-1070
947
-1035
928
-998
917
-979
922
-942
934
-905
941
-894
917
-885
907
-838
938
-820
923
-782
901
-779
925
-772
951
-721
928
-715
945
-711
958
-689
974
-667
991
-656
992
-636
1017
-618
1038
-580
1065
-532
1108
-508
1133
-496
1179
-460
1294
-308
1410
257
1702
-709
1059
-1689
-309
-1556
-594
958
1707
2968
5975
-1985
-7263
3725
11311
-11686
2070
-2218
8505
-4798
6325
-2309
-10616
1
979
-2606
6838
-6067
5290
6135
-4160
6383
2881
5818
852
226
-11244
-4547
-7580
6885
8946
-1019
3031
-11413
7383
7834
1595
6548
-2778
5771
1987
-109
1368
1883
1408
349
335
309
131
459
14
450
58
368
72
325
50
319
78
311
53
271
81
255
61
245
47
231
57
217
49
217
65
204
59
169
38
154
36
147
56
135
20
147
-1
164
8
143
32
118
23
122
23
117
5
110
-1
104
-5
100
-20
81
-33
100
-10
106
-35
65
-84
51
-70
50
-104
67
-90
130
19
83
-765
-702
381
1259
922
-1116
-5063
-7015
-510
2701
-2973
-4715
-3014
1878
6999
-2978
-943
3548
-5107
-4275
-4133
75
-271
-7741
6869
-8261
8681
1019
1713
-2512
1239
-4778
7547
9096
-3894
9791
-3944
-3020
-840
-1645
707
-2822
-2550
-1004
-1583
-670
1981
2626
-3676
-5239
4415
-1024
427
-200
-962
-463
-600
-637
-240
-179
-255
-194
-213
-223
-164
-230
-155
-257
-147
-246
-162
-211
-136
-248
-145
-251
-138
-255
-137
-261
-138
-265
-139
-268
-148
-301
-129
-322
-147
-278
-144
-293
-149
-316
-155
-294
-144
-314
-130
-332
-152
-351
-145
-344
-151
-364
-157
-374
-157
-392
-159
-391
-143
-423
-168
-430
-201
-447
-186
-480
-200
-477
-235
-460
-315
-527
-274
-726
-751
-621
285
-1404
747
829
-749
1716
-7836
-5889
708
1210
-3869
-502
-3670
7301
4822
-651
-7974
-357
2998
1665
-3891
-6395
-493
-8542
1747
1965
-3577
12443
6622
5669
26
-2945
574
4979
-44
3992
7426
2726
-485
-8594
1954
-447
5884
5280
2281
2278
4363
634
-5078
701
-2044
1408
1140
112
574
647
533
465
520
446
535
422
541
409
526
427
568
390
577
367
543
375
554
374
550
372
559
372
555
366
555
375
566
364
576
379
568
352
556
333
594
377
601
353
559
361
588
402
591
359
587
366
586
366
587
367
585
355
587
374
592
363
579
385
613
352
607
352
588
343
611
358
552
248
669
595
697
869
571
488
1403
-3036
993
1962
1484
-395
8143
8434
-1037
-4640
-977
6072
3958
4904
1755
5802
8129
-10121
-6793
655
6256
8073
-4943
-1911
-1216
-4725
3171
-995
1038
9143
-1444
1370
-8093
77
-11440
569
3469
2050
3293
6220
3537
-897
-2965
503
3008
-609
310
-920
1972
282
2937
-275
943
-151
959
-153
844
-76
718
-24
604
-17
509
37
463
44
410
31
357
29
326
41
283
40
243
47
209
63
185
51
156
42
117
28
100
58
61
75
47
70
22
54
-3
39
-46
57
-63
82
-80
76
-107
69
-133
73
-170
77
-201
78
-237
93
-230
72
-284
98
-368
110
-393
127
-459
149
-579
121
-695
184
-960
-384
-1020
1661
-2663
2164
-3806
-4786
2036
2117
2892
2124
4461
-6220
-1288
-5424
6075
-4877
-4
-8606
-5867
1296
1390
10118
679
3011
62
-2708
-683
6425
-10436
9174
-778
4049
12695
13186
9177
7401
7379
-6390
-277
2653
3808
-7115
-3339
2299
6851
-2970
309
-4434
2659
1229
-2434
-517
-85
-614
-367
136
-277
-116
-92
-103
-7
-74
48
-61
81
-22
117
-47
135
25
150
33
161
31
179
52
192
61
203
66
191
70
200
68
214
104
244
82
289
81
265
82
276
86
268
117
274
86
299
99
304
88
291
78
313
71
325
60
330
61
367
21
356
76
340
-7
394
-62
428
-92
447
-132
474
-251
630
-765
276
-737
1865
-1874
4506
-2664
-4090
3204
-8330
-5510
3841
-1654
-395
100
3175
-6112
6647
15114
-36
1988
-5907
1519
5747
-4024
-645
6593
-2492
6727
-6284
-499
6355
-239
2397
-6502
1036
-8049
5709
-1310
1764
-3693
-2255
-627
2969
1880
4146
-4471
-1384
-3791
-2569
1945
-3724
252
-1701
834
-2402
702
-1662
599
-1413
582
-1073
376
-1046
360
-957
312
-893
257
-851
250
-818
217
-797
221
-776
204
-752
179
-732
167
-713
153
-703
143
-692
157
-688
149
-690
129
-693
129
-649
166
-669
143
-652
118
-645
134
-648
131
-649
135
-656
140
-662
147
-671
153
-686
160
-677
161
-682
197
-696
217
-721
220
-745
269
-765
305
-849
270
-932
191
-1353
1015
-303
1156
-1184
886
-3154
4244
-635
5841
6114
1008
586
-2762
3152
131
-2059
-181
-2955
-2677
-2555
-4272
-5967
-902
-645
-8250
1948
-13065
1650
-4119
-2332
-1323
-7280
11561
1457
5
180
10820
4408
1434
6217
2087
-649
-2326
-475
3972
-2218
4906
2503
-2602
1208
-629
512
826
1904
-298
952
-331
854
-488
602
-456
580
-473
555
-450
541
-408
573
-406
559
-389
551
-403
558
-386
549
-376
551
-374
550
-365
544
-365
568
-354
555
-374
601
-351
583
-338
571
-338
584
-334
599
-358
587
-355
591
-350
607
-339
605
-344
610
-349
621
-371
619
-360
635
-348
667
-363
654
-373
659
-385
679
-399
680
-389
625
-476
644
-503
1424
-895
1033
-558
987
-118
-1630
-6384
960
1719
11040
6477
-6240
4459
-2457
2707
-3158
1051
-9722
-1839
-2166
2899
520
5226
-2070
-5090
-1250
-3727
6674
-1270
12766
-1964
-4678
296
4684
7286
2581
-654
-1923
2494
-5598
3114
-4785
-1201
723
-273
5646
9162
-1545
727
-2792
5927
-420
2139
935
-57
564
1041
328
643
516
494
464
473
457
411
423
368
454
291
512
262
495
215
480
193
500
162
511
134
523
100
536
72
535
38
554
36
583
6
537
-4
566
-51
591
-67
604
-59
638
-82
639
-115
653
-123
662
-151
677
-174
691
-201
723
-210
726
-249
742
-291
803
-271
804
-289
838
-317
848
-314
890
-276
970
-348
1172
-759
558
-230
-1863
-1309
3577
805
4561
-6066
-467
5189
2523
-7527
-6008
6479
2809
2042
-7078
1695
-338
-2343
-6669
-7489
-1544
3781
1763
5957
7704
77
2123
-703
10814
-503
2787
3097
-981
-8565
-7689
-5029
-1105
-11626
-2609
-8684
-2061
-3392
4061
-4162
2702
-2453
730
989
-4256
83
-460
-154
-633
-234
-787
-136
-616
-117
-652
-35
-661
-5
-663
43
-636
1
-642
63
-648
88
-634
97
-617
119
-603
138
-599
162
-586
174
-596
178
-581
204
-596
237
-562
248
-567
230
-516
271
-521
304
-515
304
-503
326
-468
349
-458
371
-439
394
-419
425
-396
433
-385
479
-377
483
-316
544
-265
571
-255
623
-231
659
-112
864
-191
708
177
1510
186
-124
-1111
-576
4118
-1343
-133
668
-9360
-7030
-2005
-4817
-9831
1063
-1794
2339
-3592
-3641
3799
4008
5833
-358
-418
4185
-4899
10058
3282
-2520
2122
-2586
-5902
-1763
2986
4791
277
-5873
-2453
10492
-2304
-7507
-11423
4278
3677
8015
2836
3372
10390
8019
-464
17
-2206
1606
983
476
-445
823
-76
507
-69
511
10
435
15
366
2
362
39
295
6
242
-12
243
4
215
-7
195
-9
175
-20
150
-3
135
-29
104
-26
107
-13
83
-44
72
-52
27
-67
40
-41
19
-59
0
-63
0
-62
-19
-66
-36
-69
-52
-80
-62
-82
-82
-88
-98
-97
-131
-122
-136
-99
-171
-112
-214
-108
-201
-68
-232
303
-506
-493
99
20
-1025
38
1732
1346
214
-656
-805
-2605
-2128
3232
-5447
1745
-10331
-1576
-5939
-2506
-7473
-4862
-557
-31
118
-3801
-4175
5083
6760
943
3754
-7493
-3926
191
8798
478
5713
-3947
2008
-1332
-5671
2763
-3419
-7520
-2495
-9133
4291
6454
-9721
205
-792
-1084
1257
239
523
-1124
895
-532
-11
-259
-186
-319
-315
-320
-355
-275
-361
-199
-391
-167
-382
-122
-385
-107
-370
-79
-412
-50
-403
-26
-413
-4
-413
9
-423
35
-444
53
-456
83
-424
112
-457
102
-473
99
-454
140
-441
143
-443
151
-465
160
-459
177
-462
187
-467
198
-468
201
-484
201
-491
238
-494
238
-481
223
-484
233
-483
195
-473
233
-326
139
-538
561
-817
214
101
-958
506
-1634
179
6573
2647
1041
-6166
380
-4321
-734
3123
-1507
-2736
-1215
3604
4672
-2155
-996
-2281
-5262
131
4748
8567
-5494
195
3504
2399
-7424
-477
-1105
6992
7475
2471
4484
688
1765
2774
1044
3072
1424
-5068
7763
4165
-530
114
-5922
127
-1634
78
-917
29
-763
-476
-732
-127
-541
16
-412
58
-360
75
-320
97
-280
114
-233
110
-231
132
-228
149
-190
158
-177
169
-160
178
-150
189
-144
204
-106
223
-83
212
-101
236
-62
278
-84
235
-72
255
-63
270
-10
308
-16
314
-6
329
8
341
18
364
20
387
64
425
80
461
98
467
138
514
169
567
221
630
245
672
273
980
759
944
657
811
2200
189
-383
-1875
-4525
2781
8266
-2305
5612
-2424
5042
-5935
-4800
-2066
-3476
-3137
-15834
-6422
3198
2744
4368
6997
6878
-9173
-8369
-10322
2098
-10506
-5301
8672
5973
-2738
-5317
-1138
954
705
-435
-3751
-2025
2752
9134
4411
-8475
-9366
-3915
1107
-4218
1367
-117
-1245
-1179
-492
68
-964
-196
-844
-106
-726
-162
-626
-224
-575
-239
-576
-279
-552
-247
-551
-264
-504
-260
-492
-288
-482
-286
-462
-289
-445
-287
-422
-280
-417
-307
-410
-256
-354
-290
-332
-254
-356
-273
-329
-281
-283
-255
-298
-248
-296
-229
-255
-239
-237
-229
-221
-217
-189
-200
-168
-185
-152
-172
-97
-158
-79
-128
-47
-101
-17
-52
69
36
169
346
426
350
472
563
400
1188
18
-1541
2133
-2664
-2869
-4442
-1802
5351
7426
1154
-4124
-5613
3843
-15438
-2134
1056
-4158
1255
-14576
396
-1737
-1818
1314
3430
-5098
3214
524
159
-5645
4091
-602
2789
-5979
-3411
-7389
1019
700
989
-964
1013
3081
1812
960
-13403
-1802
-344
-1072
1137
-684
-489
-727
224
-561
64
-563
-129
-417
-121
-379
-148
-310
-160
-287
-172
-227
-171
-201
-139
-186
-183
-162
-191
-137
-194
-116
-195
-91
-204
-79
-222
-62
-224
-28
-228
-33
-236
0
-241
-5
-258
1
-200
2
-236
7
-253
38
-252
47
-248
58
-252
68
-253
84
-257
81
-260
120
-265
109
-240
142
-263
147
-244
160
-244
150
-243
155
-336
236
-339
-524
-287
94
-2157
-1828
374
-5327
-2002
3516
-3199
-2359
1178
2668
-1456
1750
23
-1782
1590
1407
-406
11639
1064
8576
-8475
-1785
8828
459
3268
-682
2090
2267
1939
-3536
121
5986
-681
-2633
-737
1358
6754
-9269
391
8233
3899
-4061
-8588
-2053
4247
-2801
-2609
2897
1886
591
1394
39
1038
310
1033
204
502
305
474
229
406
251
346
261
306
265
322
262
254
257
255
272
226
263
202
267
179
279
168
284
144
276
144
300
115
294
105
312
88
311
64
322
61
336
58
358
63
335
38
370
29
392
17
407
10
423
-2
470
-18
465
-16
508
-39
541
-34
609
-68
679
-121
756
-118
985
-324
915
146
1306
-808
637
-202
1459
-2387
2268
-203
-9415
1435
1744
-3451
9192
-2381
-5051
-9283
-1449
-5929
9062
4932
-7805
1174
-2261
3950
779
7154
2552
144
-4971
1218
6879
-1760
-1445
-2445
-591
5003
4991
12160
-925
-2734
-920
1852
8216
-3645
694
-13681
-5615
-840
-1184
1295
2246
-528
727
-572
-550
259
68
-227
-140
-284
-36
-238
-37
-248
-22
-258
-40
-228
-57
-200
-38
-185
-45
-145
-47
-145
-55
-132
-62
-113
-77
-107
-68
-78
-61
-53
-72
-42
-103
-23
-70
-7
-93
35
-100
14
-90
60
-119
73
-110
90
-134
115
-140
141
-152
166
-164
190
-195
208
-207
251
-214
298
-238
287
-254
320
-271
342
-325
397
-303
270
-513
382
-193
425
1095
-176
-1490
-939
-281
4538
3704
-2300
-4782
-1170
-7796
3016
888
-1948
1633
5571
-534
-4023
3759
-881
-6730
3584
2921
-7259
-78
-290
3836
3957
2106
-6672
-7587
1248
5531
7697
6606
-4431
3901
4619
5756
5579
-14845
2967
8034
-1294
-8103
-3337
1031
-2914
-2027
-264
716
-1327
511
-1313
184
-899
-12
-628
-67
-604
-10
-561
-7
-501
-9
-452
37
-438
22
-410
55
-387
41
-386
51
-359
53
-347
62
-331
46
-325
65
-296
96
-286
62
-303
64
-282
82
-262
58
-272
76
-271
89
-274
84
-266
79
-262
76
-262
75
-268
72
-274
87
-277
71
-248
71
-250
83
-302
66
-334
60
-364
55
-434
10
-489
-33
-743
447
-855
839
-3620
-1711
-6843
-5148
-827
-5724
6739
1699
4171
-4326
5457
1450
3695
-1322
4084
-1751
3702
-299
-1456
2578
-1501
7368
-3750
-1886
6981
648
13447
-3578
1745
-2071
-4973
6959
9340
-469
-11325
-9818
-4272
-195
-739
800
-3473
6840
252
1613
2842
3326
1477
2289
3556
123
470
1368
646
917
943
448
819
467
819
399
751
349
742
289
668
289
668
249
642
231
626
206
600
197
584
182
574
171
552
130
517
134
544
122
509
119
454
106
463
72
461
82
454
74
459
73
429
55
405
61
392
50
375
41
357
42
338
31
317
13
339
15
243
27
246
-5
220
-17
185
-67
201
-17
36
-129
62
-268
423
-1110
-415
3662
-6360
-825
1123
-651
511
-1501
7330
3259
-996
769
2067
-729
-3205
6692
1211
2239
-6304
-980
875
777
2798
7452
961
-1020
-851
7180
9037
-3889
-8049
-2441
2685
-5899
-9836
-3467
-11360
-5662
3139
3649
-3633
9056
2471
-3975
929
3130
-1311
-2266
-642
520
899
-137
-100
149
12
-251
107
-295
99
-281
93
-293
99
-265
134
-261
113
-281
122
-249
132
-259
130
-237
137
-224
146
-219
157
-220
147
-196
175
-202
134
-203
181
-172
181
-164
188
-152
206
-152
203
-126
223
-118
227
-98
236
-80
252
-62
267
-40
285
-26
294
3
317
41
359
61
359
101
404
126
438
229
474
283
760
361
1403
148
923
1369
837
-1102
92
-563
933
113
-4393
-2332
-1041
1103
1636
-6432
-1488
1988
-1465
3825
-178
-1767
631
4693
-348
-691
1562
-125
-2762
-8517
4850
-4234
-786
-1216
3956
10634
10558
12548
13967
21419
12079
65702
-87179
-34622
-4178
-8353
1627
-7360
8001
-3380
3589
176
1004
-282
1354
-750
1422
-1612
1202
-1398
884
-1232
977
-1282
972
-1247
972
-1213
980
-1194
968
-1138
936
-1108
947
-1092
941
-1065
932
-1052
942
-1035
940
-1007
939
-984
958
-947
960
-928
939
-894
964
-898
946
-930
968
-869
976
-852
991
-847
984
-826
1005
-807
1014
-796
1027
-779
1057
-757
1064
-727
1075
-725
1096
-719
1146
-672
1201
-634
1230
-551
1257
-533
1483
-743
1280
-888
1492
-514
3971
1043
6426
-688
2670
-2467
-3076
3672
2883
898
-3591
-2689
-8915
-8174
-3202
2534
-3405
-5634
-3549
-4371
-5005
9911
6057
-2893
7932
-384
246
-1676
9009
-1098
270
-5943
-2025
-7437
-1083
9368
1658
5076
-10029
-1169
-664
1000
-2961
1872
195
53
1408
-941
1046
-1037
20
-191
1014
632
16
275
77
278
83
260
65
243
58
207
30
191
29
161
45
127
55
110
56
87
62
65
67
44
92
33
85
13
79
-15
63
-17
92
-43
73
-64
102
-79
108
-136
123
-130
129
-126
116
-167
132
-179
143
-206
149
-245
160
-266
173
-279
169
-331
211
-346
195
-428
200
-452
202
-560
267
-541
18
-931
-16
-202
1520
-247
-830
-2400
2723
-3579
-594
1580
4066
5909
-3342
-4521
3136
-5292
-9047
-290
6567
3287
-9979
4190
-6104
10336
4147
-600
1251
406
2255
-9791
6573
8429
5556
6265
-1090
-6811
-1154
-1729
-3776
608
14761
-4176
-908
1422
5237
-2059
908
3798
-4149
618
-4559
1691
-1900
-492
-316
651
-367
1082
-141
837
-146
708
-204
680
-199
648
-184
624
-197
558
-158
511
-155
477
-159
453
-143
411
-130
377
-124
363
-108
325
-100
306
-109
247
-107
217
-97
250
-85
196
-48
153
-69
100
-89
107
-39
63
-43
53
-34
8
-26
-29
-23
-77
-12
-114
25
-147
7
-161
16
-252
48
-332
81
-406
141
-509
135
-745
225
-468
67
-1318
1008
-1911
2469
-3432
-1074
-713
-6937
4360
6417
7057
98
-5562
4799
1416
2699
-3964
-11184
3261
-4402
-8715
4184
13404
3493
4499
-5870
-2734
-6344
6359
2746
9524
4084
6597
1265
-4820
8413
2259
-3087
1108
-3477
1069
6060
-5588
7190
-85
6357
638
1044
-589
630
1443
-2831
-1359
-968
-941
-288
-153
-392
-274
-318
-266
-246
-250
-182
-219
-142
-197
-117
-225
-79
-180
-59
-167
-46
-162
-24
-159
-4
-151
8
-150
21
-160
24
-131
26
-160
36
-171
53
-166
88
-158
81
-176
71
-157
67
-164
70
-194
91
-195
76
-206
82
-225
86
-241
86
-273
74
-281
64
-317
64
-363
74
-400
69
-473
63
-591
97
-674
32
-907
-419
-1310
-804
-2182
-138
-2804
549
-3424
691
2341
-2683
-574
442
8517
-1653
-5198
-1717
8227
-5339
-695
7800
-1901
2876
-130
-1339
7115
-2788
1907
4345
6829
2676
-3956
-9300
2335
-202
-9598
-9212
9265
1319
1032
-2358
9546
6840
-1712
-1928
-1868
-1838
2696
-1148
2492
-5349
-2547
2520
970
601
-166
1145
-512
629
-551
402
-214
574
-271
524
-271
495
-295
503
-243
493
-312
475
-305
460
-297
451
-298
441
-300
438
-305
426
-307
457
-303
412
-318
443
-317
397
-347
390
-327
379
-342
381
-352
388
-348
365
-350
353
-342
354
-347
342
-354
326
-365
325
-358
306
-365
263
-375
295
-417
274
-403
236
-411
188
-401
99
-449
98
-442
-450
-631
-980
-1060
378
-5052
2797
-2356
-1563
-4635
346
6798
2118
-3150
2944
1083
-2814
-5164
-3737
4994
1073
6788
-2591
4669
3887
3486
6392
725
7202
4363
-2222
1328
1731
-987
3724
2096
-9488
-7270
-4014
-3043
5078
7467
5507
-5439
2191
1540
12093
-366
-3665
1315
-223
1856
919
1274
-42
1074
177
830
-277
879
145
757
93
776
74
703
52
639
28
604
20
559
9
527
-34
470
-35
438
-45
402
-53
377
-65
347
-82
284
-106
271
-118
234
-118
189
-159
180
-144
151
-128
107
-181
68
-165
25
-190
-2
-208
-52
-213
-97
-225
-140
-249
-193
-241
-255
-289
-324
-279
-337
-312
-426
-303
-515
-321
-601
-450
-894
-441
-1004
-250
-2065
-390
-1728
-3413
-1768
2018
3051
-2563
2795
6277
-4014
4234
-2623
-7150
-339
7016
5077
-4510
6606
-3497
-3152
4638
2959
-8816
-5743
-1312
-3004
6044
-4352
8230
-5243
7930
5206
-1977
7897
-4561
-4658
-1459
-3404
-3090
-7027
-1990
1747
-9769
-1991
5568
1314
11616
-1306
1812
-3146
630
-197
1406
-525
682
-618
294
-177
375
-261
201
-135
181
-65
150
16
155
70
113
106
86
141
104
172
113
218
103
251
98
283
96
317
88
320
106
343
91
408
84
433
98
431
132
438
146
494
164
520
185
538
194
555
220
585
234
605
258
610
289
656
322
676
362
730
406
760
460
781
542
807
641
833
759
846
921
929
1439
758
1754
1034
1773
782
646
4290
4550
3317
9691
13801
-3703
2377
6906
5607
-11341
-4356
-1962
-1494
-5608
-6464
-5911
-4778
-5576
6635
-748
2313
1061
-3646
-9683
-1569
-7358
-2950
2582
2574
3063
2468
-4769
-4574
-5375
2922
-4188
-1349
1372
-1664
-5881
-8208
10184
-81
1388
1438
281
-640
1989
-471
985
-361
700
-175
657
-207
570
-189
529
-179
473
-128
429
-143
408
-116
344
-82
357
-70
319
-54
294
-33
275
-17
248
-13
228
10
217
45
222
47
220
64
173
68
166
81
171
109
172
111
150
130
113
155
132
171
116
187
118
217
93
235
75
234
99
268
75
316
74
325
86
370
83
440
92
511
220
592
-71
442
1049
950
261
3663
361
6494
10923
1283
4766
-10173
1487
7030
8876
7945
-2835
-11371
981
10799
-4214
5386
-5709
-4254
-5435
-478
160
67
702
-167
7086
842
-109
1937
-3346
-5670
-4827
-5071
-11897
-3488
1498
963
552
-1766
2629
-3037
-6261
42
9386
5418
2045
2614
3072
794
2165
1004
1162
631
1280
440
1092
384
995
315
893
264
815
247
724
232
673
201
593
207
562
212
501
202
452
201
408
211
371
196
324
199
276
182
240
185
182
195
167
193
123
189
117
230
79
192
20
217
-10
209
-47
216
-93
222
-136
237
-182
222
-231
243
-307
210
-341
228
-430
255
-496
233
-596
271
-675
301
-567
81
-800
51
-1933
1280
-2051
1523
4561
2685
629
8337
-3653
-551
3545
7193
6282
2134
-112
-2408
4184
-5202
-1109
6604
113
-10388
-8834
11
3096
217
4214
-7409
3641
2280
-5486
-1480
-149
-2157
1345
5710
-7872
-463
-838
-763
2968
-8393
-5676
-2333
8131
1174
-1957
-4858
1942
-1199
273
-210
75
-1135
263
-99
183
-383
107
-321
166
-348
162
-340
133
-336
134
-318
107
-281
99
-286
68
-279
69
-256
56
-244
41
-228
29
-237
24
-209
8
-197
9
-207
-22
-161
-38
-173
-32
-184
-65
-150
-55
-169
-58
-143
-88
-131
-91
-124
-109
-111
-115
-100
-117
-90
-135
-97
-185
-48
-155
-60
-216
-54
-235
-20
-296
-1
-343
78
-554
-89
-134
-142
177
911
-306
-4375
-1073
3021
-6527
-5921
-10718
-515
-5133
8213
3754
5781
3151
-2171
1433
6258
-5327
4454
4143
-4819
5258
6319
451
-868
-5185
-2445
-6184
-2112
-1222
-4610
-1639
-5436
-7221
-1808
152
12691
3858
3492
-8611
3513
2337
-7579
537
-861
-1796
247
-3234
2949
-284
-762
-145
-1408
-313
-389
-294
-327
-37
-471
-202
-356
-220
-328
-267
-306
-292
-304
-256
-290
-288
-267
-311
-248
-316
-244
-335
-232
-351
-221
-343
-201
-349
-199
-375
-186
-389
-182
-382
-177
-394
-171
-418
-168
-450
-179
-444
-144
-454
-154
-458
-152
-478
-143
-487
-135
-507
-137
-537
-118
-544
-131
-583
-121
-584
-112
-598
-103
-664
-94
-724
-47
-815
-36
-774
60
-1279
273
-1640
-1159
-2108
-2164
-226
2592
-1358
-1883
7269
-1336
-4632
-9663
6210
-5762
-869
3329
1237
-2871
4032
-5964
-2762
2891
7126
908
-648
-1571
-30
4107
-680
7965
6948
1007
7805
1864
-3716
6832
-105
11091
1275
-2873
-1292
1656
-4583
15340
-4203
6845
5965
-5075
-22
1125
126
433
1750
33
36
115
303
521
368
483
294
502
278
470
231
488
222
443
221
436
181
376
197
355
166
345
160
318
144
292
146
267
148
234
115
227
98
190
117
174
102
188
81
139
84
141
69
87
72
78
60
36
56
12
48
-18
39
-48
27
-70
34
-99
13
-145
5
-193
-12
-210
-6
-267
-18
-314
-20
-376
11
-576
168
-878
-680
-125
236
-473
475
-2653
-5246
-3000
3359
-132
1610
1451
-787
-4504
-1512
-3765
5707
-4728
-3704
-1535
5229
-7691
-2299
-186
3798
-7070
458
-3040
6355
8996
5487
8324
-6479
-12460
5840
10243
-3880
-2764
-6310
-6030
414
-3302
204
-5223
2210
3497
-1089
-1488
-5289
-279
-124
1323
-629
1021
-35
358
-394
404
-425
306
-500
296
-516
291
-512
266
-503
275
-496
237
-520
222
-529
220
-516
207
-513
200
-513
187
-518
160
-497
201
-511
131
-518
126
-512
155
-495
136
-482
110
-497
108
-494
88
-464
72
-481
76
-456
45
-452
30
-439
12
-451
0
-435
-26
-448
-61
-411
-82
-396
-107
-384
-151
-392
-174
-317
-98
-226
-218
-131
-736
-595
-1147
-754
-2248
2781
-571
-1189
-4584
4519
-9768
-4846
-1684
-1414
1851
6282
-11764
-5346
7309
-4096
-1909
4631
432
2993
4664
-1930
-835
1610
-2828
-3578
4277
-4357
3292
-799
-4291
4095
8553
-1318
6027
-4803
1707
5756
570
-4356
2675
-3567
5486
1963
-7355
3004
3247
2265
-1160
1249
-40
752
-177
628
-266
722
-394
546
-319
488
-301
460
-274
392
-266
411
-203
370
-231
359
-201
336
-177
318
-158
302
-147
294
-139
294
-96
275
-95
283
-88
279
-49
252
-5
247
-27
227
6
254
14
249
52
247
78
239
97
237
125
236
155
225
173
241
198
231
257
222
317
260
350
279
391
301
452
387
590
515
801
489
222
619
-619
23
1493
-498
6323
-1216
5966
532
-4284
-3178
-1140
-1126
-5587
1802
-2766
-5766
-5181
-7351
-628
-2153
-6521
5784
2705
2889
-10218
-5272
-3485
1027
-2434
-1718
-4221
-8543
-2228
-6190
-5673
-5640
1582
-1302
-1657
-1943
8979
1996
-5309
111
-4667
7774
6449
4569
1850
2632
1297
2320
-153
936
746
1003
479
698
416
638
304
573
246
480
224
438
190
383
151
341
150
317
121
284
94
241
80
207
67
185
54
148
36
129
20
81
10
44
8
35
-6
1
-13
-38
-26
-78
-19
-126
-29
-143
-41
-177
-30
-221
-34
-263
-28
-311
-32
-368
-33
-402
-25
-424
-7
-530
14
-595
28
-721
47
-806
174
-1070
-137
-767
-298
-1791
951
-3742
-2267
-3273
-290
3648
2699
1350
-67
4393
8107
5574
-920
-9236
-3179
3992
-6097
7361
441
-454
2736
-903
-669
-3974
-1790
1778
6152
7545
-2162
-2377
4315
669
-2750
-3593
-3789
2307
-1956
3436
-3767
-1858
7833
3567
-6612
-8402
-5214
-2908
-582
2312
502
-2693
91
-436
160
-581
223
-242
408
-152
179
-264
159
-245
117
-251
87
-246
10
-268
9
-253
-19
-245
-40
-247
-81
-250
-105
-249
-126
-249
-140
-248
-171
-261
-203
-244
-213
-282
-253
-263
-263
-258
-282
-259
-308
-266
-322
-281
-347
-292
-360
-297
-403
-304
-428
-315
-454
-313
-483
-329
-514
-339
-534
-368
-606
-387
-682
-406
-747
-451
-805
-459
-862
-399
-1314
-397
-1232
251
-1623
487
-3336
-4498
-5958
-5665
-6156
-5630
1830
3964
467
-2741
298
13343
-1830
-2051
3657
-124
3212
-3602
3493
-2253
1033
-1393
2072
-7129
-3661
1862
-3375
4448
-5611
-1249
7974
-1140
-11784
3066
3138
4134
-2728
-7660
-2468
5980
298
6819
992
1214
2186
-3607
1140
1386
62
-544
-255
-403
268
-623
74
-365
66
-379
120
-393
112
-408
98
-423
128
-394
101
-415
117
-427
113
-423
113
-422
116
-428
122
-422
144
-451
120
-426
149
-457
159
-455
167
-430
177
-448
207
-440
214
-421
208
-443
209
-469
231
-455
251
-461
269
-464
287
-485
317
-472
317
-472
379
-471
414
-490
464
-504
540
-526
603
-525
785
-729
1006
-375
1182
-421
1847
-583
1333
-2203
7283
1492
2493
7758
-3094
-3582
-1710
511
-2723
-5870
-8562
140
7521
-1384
-812
-8616
-13399
-5617
-12629
-3508
-4902
1308
6177
-4003
190
2832
-4276
3725
2300
-680
-1848
539
-1720
-8324
2689
-2523
-4548
4978
-2708
11610
1814
5511
377
-4802
3536
-877
694
-608
783
-1
614
186
495
260
432
290
381
301
337
313
289
305
248
347
222
296
217
289
193
305
177
306
167
307
145
302
138
298
116
295
126
284
109
303
75
285
100
277
101
273
58
281
52
291
52
253
46
251
39
249
32
237
23
251
38
248
20
232
12
211
19
213
-9
202
-4
166
-35
236
113
41
-296
491
109
1033
-454
269
804
-199
-562
-5122
-7222
-928
11089
5795
-1165
-5085
23
2539
4987
3961
12933
-6586
1662
27
2237
6068
-6857
2100
-3654
1023
24
3980
2767
3294
8961
-2594
-4231
4128
5394
481
3060
1484
-6895
-5717
-1819
10074
-845
2769
-6098
-846
4367
3573
-1891
-696
801
1241
851
100
256
255
220
256
136
231
114
231
89
240
114
254
95
195
89
216
112
201
98
190
88
184
91
168
92
160
87
155
110
138
73
130
94
113
106
107
142
83
113
83
115
87
133
68
132
37
136
18
151
-4
161
-23
169
-46
177
-77
196
-99
189
-108
229
-176
244
-199
269
-287
283
-231
531
-363
176
-874
-106
-629
1266
-2468
383
656
-412
1996
2777
-785
1792
-2541
2862
-1615
4247
-4167
3134
2362
4261
-2258
-2921
-6767
-2363
829
-1327
5598
-9834
