0
0
0
0
0
0
0
0
0
0
0
0
0
0
0
0
0
0
0
0
0
0
0
0
0
0
0
0
0
0
0
0
0
0
0
0
0
0
0
0
0
0
0
0
0
0
0
0
0
0
0
0
0
0
0
0
0
0
0
0
0
0
0
0
0
0
0
0
0
0
0
0
0
0
0
0
0
0
0
0
0
0
0
0
0
0
0
0
0
0
0
0
0
0
0
0
0
0
0
0
0
0
0
0
0
0
0
0
0
0
0
0
0
0
0
0
0
0
0
0
0
0
0
0
0
0
0
0
9644
5513
5628
5198
12381
7128
9011
6438
18589
19700
13939
26046
25489
101143
116957
55120
14221
26288
3323
19618
6860
8199
4454
5135
4357
5686
6081
3097
3550
3291
3269
2994
3018
2723
2646
2524
2429
2347
2205
2198
2111
2068
1971
1934
1857
1847
1772
1756
1690
1675
1621
1633
1571
1572
1528
1534
1468
1476
1448
1451
1402
1410
1397
1400
1364
1373
1370
1356
1321
1307
1343
1319
1313
1291
1299
1312
1315
1312
1315
1319
1324
1321
1313
1362
1341
1375
1368
1372
1379
1390
1397
1423
1449
1462
1458
1486
1582
1434
1426
1626
2003
2307
2567
2333
2527
2501
3862
2654
4573
9317
14979
14009
3827
7075
4805
3599
2024
9461
12033
15019
11289
5493
6522
11770
17231
6155
10817
5477
6819
3690
7265
5264
2098
1545
5797
9945
10509
7979
884
8915
7705
5380
7491
4215
5511
6005
4343
871
5205
8522
6017
1123
1395
1118
1004
547
352
127
407
204
301
260
182
215
154
189
141
162
165
159
177
150
153
148
159
146
171
145
169
141
172
143
177
130
195
157
194
139
196
129
201
141
210
151
225
139
229
158
245
161
248
150
263
167
269
167
286
169
300
174
324
179
347
203
325
155
390
181
425
176
491
193
563
259
606
197
794
501
471
499
837
192
563
2919
8094
8616
4347
4409
5394
2446
4680
4640
5825
12930
6760
6392
10967
4510
2632
5121
5558
7729
9070
3312
4051
7407
8100
4994
4986
5384
7217
6215
2197
8454
9981
7467
7728
7674
9001
9966
7035
4706
3614
1809
2586
4907
4588
3595
4321
3429
4358
1865
1187
663
1184
519
1037
511
852
358
837
348
766
310
730
290
719
293
654
264
627
247
601
230
592
224
575
213
566
216
544
195
560
194
539
184
530
190
540
180
512
154
554
159
573
173
567
197
545
166
566
173
568
162
583
160
596
155
622
142
645
164
651
149
696
160
757
140
792
119
872
96
1005
74
1175
196
1067
96
1257
1747
1739
2084
4869
1650
8241
8709
1962
5216
4910
923
4369
4069
6535
9783
4377
1548
5996
13507
9568
4581
10771
5062
4927
9667
6515
7720
8088
1202
2094
1845
4774
8423
10240
6779
7643
6633
6347
14411
12626
3542
4488
3700
8444
8343
4723
3069
2862
1219
1396
615
1624
1002
963
908
553
478
453
263
613
249
611
227
576
191
580
154
559
120
574
129
552
90
553
80
547
69
547
53
555
61
556
44
535
28
552
28
561
8
580
42
525
37
568
26
582
31
602
36
621
38
630
52
653
66
677
86
719
102
756
92
766
144
850
136
880
198
967
237
1060
292
1220
325
1421
355
1450
863
2626
1054
1392
2880
6773
3742
8249
8092
3385
6108
3298
2853
4946
6165
2110
8067
6286
1272
3461
2417
894
3117
8791
12240
14211
14222
9349
2340
7824
7973
9571
8874
3503
2725
10978
12917
4195
6259
4911
8431
13389
4469
8315
6838
5731
12974
8655
1597
4220
5065
3627
1977
700
890
480
967
333
871
288
704
395
701
392
692
384
681
332
619
396
649
354
598
371
604
366
597
359
587
360
583
365
595
350
563
367
560
372
592
351
565
359
559
394
576
396
588
428
602
423
621
430
618
449
637
465
653
484
668
515
700
554
739
577
773
633
835
644
857
726
925
819
1029
895
1081
1198
1548
963
1253
2289
3453
1373
2825
1775
4764
3362
7216
5800
4630
3297
2283
4228
3278
2803
4995
8610
9280
5661
4626
9472
11335
7444
1647
3548
7134
2866
9044
13384
5382
5413
3610
6103
4112
10061
12479
8208
13518
10548
8230
10652
7364
8967
9338
7303
7955
2420
3621
3216
498
1527
1572
1602
2536
848
1380
38
1336
105
1251
43
1187
57
1106
61
1081
71
1044
90
986
76
949
96
917
89
907
94
889
100
859
97
857
128
849
127
845
131
840
162
850
133
834
142
868
146
885
142
879
145
875
168
900
163
913
168
934
175
954
198
1002
194
1030
183
1037
246
1108
243
1139
289
1210
313
1263
398
1426
307
1239
710
1498
966
1909
1131
1250
7067
7700
2747
11848
7260
3352
5202
3907
1560
11929
10489
4070
12544
8977
7615
1853
4915
5628
5493
1733
9813
9944
9011
9767
8487
3604
6138
17110
21386
13407
2718
7164
2612
4574
7411
5802
1857
4563
6953
5656
9492
11630
6250
7075
6883
2453
2464
931
2371
399
2379
365
1709
415
1281
263
1199
269
1086
270
1001
280
911
247
897
290
819
287
755
252
745
261
715
259
691
254
672
250
659
242
667
258
654
257
650
261
658
280
654
302
636
306
625
308
615
290
643
307
651
319
662
331
676
345
684
334
748
394
747
399
799
446
828
476
871
491
955
471
1281
836
1304
1055
1577
1858
1166
2358
761
1733
1771
6059
7148
8992
10076
5517
6185
7570
5865
6956
4281
2018
2976
6436
7659
6878
2564
6759
4953
7125
9394
5939
7432
5979
762
3726
2046
1970
1170
5504
8060
319
14791
18107
4338
10312
7073
5566
7267
2606
8496
7497
5174
6072
6695
3319
4010
1275
2327
528
2063
288
1484
448
1619
263
1375
289
1295
265
1207
247
1137
262
1110
260
1060
236
1004
231
972
234
947
237
927
238
891
246
878
265
884
260
872
269
867
278
864
281
888
257
852
293
875
284
853
325
877
335
889
358
912
376
938
391
963
421
987
447
1041
459
1057
514
1099
594
1181
660
1257
810
1504
722
1483
1037
1736
1521
3014
534
3168
931
1783
6855
11899
9850
5704
6933
8213
3162
4128
7798
11540
6894
3403
4602
11618
13799
6287
3877
4824
11560
9169
6743
4912
6195
3059
7150
9378
9533
8666
6886
8787
10042
9695
8156
6224
4873
5907
4939
4394
10990
10132
1057
7249
6875
2158
1277
729
1789
762
654
21
297
641
496
411
419
422
405
403
390
395
380
386
378
365
354
380
372
359
365
353
364
344
361
341
366
324
347
349
379
316
346
353
392
325
390
314
387
311
380
322
383
346
421
324
404
357
445
348
459
350
473
361
497
382
537
369
542
419
623
411
661
419
711
449
787
491
901
547
1155
449
1375
249
1405
241
1340
1750
5382
5294
4180
5374
9308
13302
14053
11350
4890
9513
13290
6143
7175
13459
10499
6601
6006
6502
6800
3579
3518
4796
2003
3865
8971
6457
5775
5290
4284
8474
5763
5351
7905
5898
6909
8582
4872
1223
5780
5701
1885
6152
9943
5697
5100
8981
4984
4869
2269
2651
722
2612
931
2206
595
1955
540
1847
490
1716
440
1615
371
1523
353
1506
349
1415
322
1350
282
1317
261
1282
249
1250
245
1226
237
1225
205
1204
223
1204
215
1183
230
1200
210
1214
198
1171
193
1189
181
1183
199
1215
191
1230
197
1264
195
1300
191
1323
222
1381
213
1429
229
1514
197
1579
217
1676
194
1773
162
1849
208
2030
121
1991
902
2751
1011
3525
2673
5839
2888
6911
10706
10145
8228
4165
6140
8104
2845
12170
8019
4293
4979
11956
10977
2954
7161
6868
16911
8398
5627
2258
4647
5136
6750
6977
4651
3912
2705
2132
6250
4365
4364
7228
5801
738
5290
5456
4546
5079
4714
6017
2593
3512
2538
2600
1687
1044
1093
751
721
852
540
833
495
769
470
703
429
664
391
636
378
620
370
571
337
563
325
550
317
534
305
521
297
518
300
502
289
496
280
480
262
504
282
487
272
504
265
518
290
488
269
505
276
512
277
525
286
534
289
553
304
561
311
580
317
606
317
657
357
668
363
715
390
748
378
835
424
1022
416
1506
801
1218
659
3703
2757
3653
6380
809
7504
8016
4716
7258
6253
1605
5860
6262
2856
2787
920
4721
4609
4237
9141
9572
2561
8583
9951
3795
5955
1290
3067
945
5864
4991
6191
6539
271
5919
5769
6287
5744
2632
4311
6193
1169
6274
5900
3046
4922
2791
3470
2329
1860
847
1653
712
677
143
730
244
636
161
566
166
517
166
493
182
507
189
467
204
453
215
444
213
431
220
426
226
413
239
417
249
425
235
401
251
407
252
396
278
405
281
417
312
419
307
430
327
448
331
449
348
459
371
471
404
505
425
532
439
548
461
559
524
584
573
623
636
673
716
713
803
752
1048
1078
1804
1352
1536
1808
1059
1020
5791
4263
6358
11283
1470
13599
13845
1841
7481
5096
2312
3568
3263
4704
6238
922
4883
9197
12493
8210
5344
4659
10764
11014
6147
3575
5967
5784
4075
4002
9833
9574
3925
7677
9261
6091
6799
8818
6360
4307
4965
7730
2725
5150
5472
1662
3507
1653
232
220
429
930
692
573
577
483
459
469
426
467
419
436
394
451
373
456
389
432
385
425
374
422
371
418
365
406
358
420
343
412
360
409
331
425
340
410
370
440
350
442
372
440
373
460
384
470
367
482
375
495
389
513
396
539
417
560
440
572
449
636
452
646
513
727
524
794
536
870
670
1200
692
1408
975
1476
1034
930
3110
3695
608
6087
6003
830
4267
3603
7585
6294
6144
5966
4624
7729
1136
12629
11679
4501
8400
1086
7183
5435
1002
5502
6965
6525
4671
2805
2484
4419
5070
14328
17113
8615
6096
8481
4382
3348
3245
10039
10066
6155
1842
4984
5729
4676
4149
1923
2980
675
1858
1384
371
152
566
235
666
219
645
235
655
209
610
215
590
227
600
204
584
203
580
185
558
192
558
185
549
189
556
176
547
185
556
168
544
180
564
156
536
191
580
155
551
187
588
165
581
183
604
187
620
191
645
193
666
202
691
217
735
236
797
224
849
211
867
254
958
281
1050
298
1171
449
1666
271
1470
287
1199
1688
3413
1182
6068
6570
7585
6775
2242
4195
923
4694
4292
11073
11262
7564
7677
2863
8605
8349
1832
9091
11093
8096
4935
5219
2224
9988
8553
4599
7821
6634
12722
6483
5847
8142
7625
9199
5916
2977
4151
5940
5738
6539
11377
11152
6414
4610
5524
4470
2356
1360
2114
1829
145
431
723
774
480
615
504
598
477
565
467
526
458
516
410
456
430
448
451
459
431
443
426
432
426
430
431
431
420
425
420
407
411
388
443
398
427
390
448
407
439
399
459
411
464
424
473
422
486
427
500
435
510
435
529
435
568
464
575
475
626
482
651
502
700
520
747
471
969
624
808
813
1306
577
1641
1578
1444
1818
5929
3407
6492
11699
8356
9105
10143
4346
4229
4083
4389
5057
3659
9204
5565
2738
3480
1523
2033
5209
2950
4263
6503
5211
4499
4974
8620
11346
14127
10142
9310
6290
4621
9707
7141
7115
2902
4770
4103
3176
4619
3661
9174
8941
5165
2692
1447
2208
241
1922
910
913
277
1058
477
886
477
857
424
812
383
768
356
729
333
708
356
663
347
650
333
639
328
631
326
623
309
612
294
627
291
569
296
612
293
582
297
609
290
608
293
636
304
639
299
641
303
649
317
670
322
693
330
726
330
735
330
747
365
845
343
849
397
916
415
1002
426
1177
449
998
648
1638
1295
1609
1165
3188
1792
4846
5509
7361
5323
4222
10915
8523
1770
7856
8957
4337
2729
6394
6957
4082
5462
7152
991
10210
8599
1181
5062
2340
5317
5841
1496
4763
5953
3590
2045
6520
11846
11706
5376
4483
3048
3306
5895
4183
3285
2031
1998
3042
2003
2709
3107
1105
751
1629
1469
476
897
364
955
127
805
196
814
117
763
90
725
90
709
47
682
54
646
47
636
46
618
46
602
47
590
51
589
71
563
38
576
44
585
70
572
76
557
66
549
40
591
67
583
62
602
79
590
71
612
81
626
87
643
88
660
87
698
103
708
104
749
93
805
124
854
143
891
126
957
116
1072
50
1391
320
2079
1718
1494
1000
4404
3857
2858
4460
2099
3255
6849
8214
5565
2268
2336
3906
7136
10081
5703
3116
3059
1944
4836
8506
8958
2268
7933
6461
5524
6805
4540
2827
8488
8273
4740
2794
2337
7193
4827
4698
10265
8798
10376
15178
19763
16542
5361
2313
755
2602
1163
1912
811
2224
1006
1714
916
1146
646
1127
599
1067
528
1009
507
958
474
920
453
878
421
878
446
806
396
794
389
780
383
766
370
757
374
739
350
731
361
707
352
719
324
736
357
717
353
724
361
711
346
721
341
737
349
754
360
767
366
786
370
807
389
838
399
862
425
879
432
945
463
972
470
1067
522
1072
297
1572
784
1800
1672
1604
709
2731
3621
3252
1946
6389
8273
3291
1911
5902
7974
4381
6534
5586
6995
6913
1951
7280
6082
1643
2326
1578
3618
6481
3903
4221
7788
8557
13897
11841
2298
2412
1625
5212
9965
11119
4098
10345
8325
3238
4189
5344
7174
4865
8603
7884
3063
671
309
1139
944
666
724
576
748
407
663
364
625
315
576
283
526
278
505
255
461
274
481
226
437
229
417
225
406
216
396
202
367
212
371
204
366
175
317
228
332
214
337
204
347
206
326
196
291
220
310
202
297
209
291
222
290
231
289
237
278
246
280
263
265
281
293
279
279
298
255
310
251
355
193
416
391
235
383
822
856
512
2043
2780
1633
2517
3719
3268
2812
4647
5201
7393
4540
2004
5204
8545
7496
6979
11597
4117
10752
11439
3010
8599
9309
7345
485
2311
1910
2337
2077
3120
11733
14363
6420
1783
1160
2099
5198
12159
11096
4759
6084
3614
6482
5799
159
4441
4067
2215
1277
1302
1915
864
371
715
472
431
290
443
283
488
278
498
254
471
258
482
231
461
216
466
197
474
197
479
196
478
193
477
191
479
190
495
199
476
190
484
191
487
186
500
187
514
198
519
199
535
210
540
212
551
210
572
217
594
223
619
235
646
255
687
266
709
248
777
296
833
332
889
367
930
328
969
343
1096
247
1163
474
1569
3171
5975
487
10154
12235
3979
4988
3765
4473
6759
9140
7607
4733
25
4981
5464
6249
6097
8406
8830
6872
3812
3310
4203
7533
4277
10385
6775
5320
7171
5438
2353
14315
13615
21608
23463
22342
87995
109704
62730
9577
36113
16685
6733
6010
14178
8023
7703
8501
1792
4459
2111
3985
1573
2853
1586
2725
1407
2208
1414
2026
1335
1875
1252
1723
1192
1648
1125
1581
1035
1464
1020
1423
961
1359
937
1323
898
1282
857
1263
823
1219
810
1184
803
1175
777
1168
761
1171
720
1143
711
1128
707
1120
713
1140
688
1141
686
1151
675
1159
670
1169
680
1200
671
1234
675
1276
659
1308
687
1408
650
1464
663
1576
697
1830
788
2247
1625
2185
1071
4258
2706
2160
5121
7296
7990
5779
1354
4398
5812
2840
3381
7496
14323
11253
6220
7810
2698
4385
5092
4964
5595
11371
3275
9580
8826
4829
3432
3590
1066
4454
4201
2591
6137
7836
5325
8025
12422
9192
2367
3757
5956
1158
9546
13514
8025
1971
4199
1974
269
405
1006
462
1146
473
834
442
718
441
637
435
573
425
514
423
511
411
485
404
430
408
418
404
402
394
392
385
382
392
359
375
351
365
352
366
359
384
319
363
365
398
325
341
368
377
366
386
364
407
361
406
369
417
373
439
378
433
406
422
399
497
421
490
451
513
485
559
523
594
512
644
835
713
959
1511
873
914
848
1635
1320
6080
9744
12209
11065
8304
13612
14429
5813
5068
7646
3069
3798
5570
7268
3172
6560
3946
7872
15520
12711
6176
5659
5633
876
4411
11207
11722
3375
5898
8207
10474
11490
6539
6470
5436
4329
6123
7274
7100
4555
6266
1430
7811
5146
2128
1761
2423
1398
1955
1395
1563
1310
1063
670
1328
741
1288
781
1159
722
1092
683
1035
644
993
607
965
590
933
570
908
549
890
537
873
532
849
520
834
492
843
497
844
526
803
490
814
493
819
514
791
473
817
462
845
484
857
496
864
504
878
511
899
523
922
544
933
532
975
540
1029
567
1075
591
1139
617
1205
632
1307
636
1363
390
2370
1375
2577
1976
2519
3769
615
4749
8547
7633
1274
4637
1567
4901
8008
6824
6009
5735
7284
5052
5762
12924
10608
8570
11816
13573
6006
4414
5046
9009
5772
4622
5895
4772
6865
4433
2602
3908
8640
9425
6206
7804
4917
3806
8797
4488
4514
5702
2978
8035
6562
1048
1672
870
1594
1274
1066
714
655
486
726
442
649
442
580
402
555
383
521
345
493
364
449
333
434
315
422
297
414
294
409
292
397
273
390
271
370
273
393
256
370
243
395
256
368
273
394
260
383
282
422
268
410
272
418
286
430
295
441
298
467
321
465
322
472
314
568
357
585
379
622
431
694
515
816
494
903
704
1064
138
1470
603
3944
7273
5349
1096
6226
6508
4896
5545
6670
6351
4263
3595
5223
5634
2112
5380
11308
10391
5163
2868
2477
5302
6541
4730
9927
9259
3161
9853
12103
1439
9642
8395
8069
6408
3666
7250
6297
6766
8905
5977
3332
8348
9498
7261
8606
10818
6130
97
2038
1148
669
938
307
929
402
711
493
765
377
682
369
648
359
620
352
576
379
590
325
540
329
526
347
521
346
512
354
511
351
512
343
510
348
499
342
467
381
497
360
491
389
502
386
496
408
521
420
528
432
536
449
558
459
571
480
586
510
610
548
659
560
689
589
725
622
755
683
819
739
894
783
933
896
946
1322
1571
1777
2079
1598
3087
1682
6407
6336
1787
4926
5131
4071
6346
6864
12533
7506
10431
12330
2038
8540
10348
7715
6338
3957
3971
5131
6728
12022
9415
7618
4536
7292
8740
11723
13346
7121
1812
3546
4378
4837
4299
2553
968
4024
4862
2819
5218
5545
2898
2378
4838
4673
1936
2435
705
933
373
1057
324
1079
324
896
225
783
199
725
166
617
106
625
142
569
108
545
108
520
96
491
86
472
75
444
71
421
55
448
36
421
46
405
65
352
75
378
39
380
44
372
19
360
45
362
29
363
34
358
34
356
44
356
49
355
54
376
52
363
46
317
87
345
99
349
102
273
152
339
258
340
448
1741
2441
574
2813
4093
3059
1847
2793
1400
4733
8187
4856
4648
5083
5065
7749
9406
8474
4918
5071
7156
4204
2300
4761
6740
12057
2523
6083
8688
10486
13947
11227
4563
1100
2246
1732
2191
3365
6308
6023
4624
1218
7756
11636
8273
2819
1213
1355
2692
3745
1461
1149
1600
2550
1703
702
724
913
569
767
604
647
530
571
462
582
462
515
418
519
395
494
391
471
357
453
347
442
341
427
327
420
317
418
323
409
268
398
304
426
291
430
300
420
322
411
290
409
302
410
287
433
296
435
300
453
312
462
312
460
301
522
333
517
318
547
346
577
380
623
381
702
394
791
514
705
515
1054
1300
1223
2666
2917
3987
3229
8214
11854
7276
5951
10159
8696
9037
10315
7701
4139
5685
7526
4876
2825
6139
6798
9611
6090
3871
7789
2917
4981
6836
8921
12138
3601
13111
17862
9425
7363
5127
8314
8582
8215
8373
2442
3083
994
4343
3776
3674
2883
3554
3986
2349
1691
1267
338
811
323
688
368
510
221
580
261
546
254
524
253
533
281
472
265
451
246
448
251
433
250
419
246
411
247
395
237
388
219
420
242
424
282
377
253
394
267
390
277
377
264
400
287
397
297
399
310
394
314
404
329
407
332
430
358
438
380
471
428
462
445
481
467
509
507
541
538
634
669
649
575
993
1179
1664
1783
1948
3968
4152
5733
6736
5981
4276
8676
9728
6125
4501
4894
6635
9487
8933
3828
5337
5280
5058
6175
2638
5744
4406
1284
14052
8382
2234
6065
8247
6986
3324
3008
9332
11330
6103
7411
4870
6454
10149
3324
8686
8596
3097
844
3364
4433
4404
4129
1237
1684
980
1783
398
812
266
874
193
856
149
780
151
741
143
686
130
670
99
628
108
588
119
574
107
553
111
534
113
514
119
505
102
501
120
491
101
498
118
485
75
482
125
474
111
453
119
468
132
463
148
477
151
477
151
481
162
501
160
495
187
492
179
554
198
561
238
586
245
621
289
657
319
705
319
510
326
1217
1111
1611
263
3625
6571
6101
4102
4184
5618
7684
8751
7415
6638
9030
9516
5115
6334
8017
1800
6738
4816
5405
7052
1929
4265
11121
13604
12790
4367
6916
2393
2763
2561
4356
6381
11979
11460
12195
8233
9583
9375
4032
3045
4969
4277
4058
5228
4189
8045
4411
2403
1008
1289
815
1820
243
1830
148
1600
146
1414
112
1287
82
1207
55
1125
9
1118
34
1053
21
1015
23
982
28
961
36
938
52
945
38
908
55
907
60
910
57
913
25
856
79
875
100
908
86
904
109
942
79
927
100
947
108
968
120
997
130
1038
134
1068
158
1135
130
1145
172
1224
182
1295
204
1381
312
1643
365
1676
287
1985
81
1960
246
3501
3186
1938
4104
4265
3361
11364
8362
3463
7323
2625
7370
6396
2421
5102
9927
11136
8982
4954
1055
6955
10085
8265
4408
7768
7813
2687
3390
9915
11112
4806
8965
10253
9890
5915
15592
12038
5914
8775
1537
6456
6281
12237
8016
1547
3684
1652
3048
1983
1203
1276
1771
143
762
619
838
561
768
518
699
490
645
454
614
416
536
424
519
395
481
395
481
372
452
357
432
345
422
352
423
322
381
342
405
346
383
320
390
332
374
344
352
325
372
329
370
329
376
334
377
340
385
348
399
355
405
366
423
389
429
388
451
393
488
448
520
434
554
463
585
553
598
633
788
677
779
958
1779
2078
2245
1052
5272
6299
3379
1342
2611
7123
7722
3518
2722
2271
2124
3168
1101
1735
2402
1833
993
3446
10428
12052
3285
12812
9383
7600
7150
1414
3628
11523
13959
8703
7108
9978
15372
9304
5977
6557
3952
9215
8756
5660
2205
1754
4867
5182
1929
616
492
1110
175
764
117
519
418
555
357
519
374
505
375
495
366
467
385
483
350
441
372
449
355
428
369
430
368
431
354
408
369
428
371
397
376
419
382
410
362
374
411
419
398
417
427
414
452
460
429
448
453
454
467
465
489
480
501
490
527
512
582
557
569
548
671
617
674
644
752
712
825
762
917
983
1367
538
1809
1661
540
3305
5194
3286
3119
6938
7755
6080
7392
5940
5514
6022
2541
6089
6720
4756
5061
14646
13079
4834
5247
4942
3699
2085
6942
3894
6950
8422
8455
10575
8268
6375
8104
9127
7771
11654
9517
3377
4735
1562
2040
606
2899
9452
9513
1146
6460
5144
5322
2443
2123
1610
1898
1020
1897
1198
1368
1041
1077
798
1030
690
979
601
930
553
911
527
836
491
799
451
794
424
770
400
756
380
744
380
715
339
736
348
736
355
684
307
731
321
697
316
731
301
716
302
730
298
741
292
758
293
774
295
792
294
812
310
834
308
887
285
922
298
971
334
1031
313
1104
318
1206
351
1303
528
1811
130
1507
1554
2488
624
2863
2488
7974
4938
4729
8053
4053
4661
3218
3318
6700
4434
3173
5281
317
3930
916
4407
3559
2397
6893
9614
5533
3232
5135
11418
10259
2116
8952
16322
13690
2971
4216
1962
3579
4427
8855
6776
7799
8283
3538
6690
2248
4842
3346
2141
2029
2035
1643
1127
1281
616
686
768
712
682
630
617
555
587
506
561
483
504
428
504
418
469
388
460
363
446
344
440
337
427
327
420
320
415
335
404
280
402
276
442
309
413
306
388
285
409
290
411
300
408
302
420
315
418
319
424
323
437
343
446
366
441
365
447
379
486
404
497
449
509
487
569
507
552
597
879
432
1330
854
1234
1657
830
3458
3005
2638
3865
5409
5180
3726
11407
9839
1043
4050
224
4963
4935
1878
1862
2288
2116
3798
1240
4090
5464
6308
7600
3410
6846
9379
3999
8044
6401
3195
8008
6035
819
3059
3743
3366
4378
6046
4910
2966
4103
3096
4320
4046
1476
435
714
1232
335
1011
878
345
463
543
200
480
360
382
328
364
329
347
326
345
314
341
332
320
321
323
320
313
316
311
314
309
316
307
333
303
328
312
314
330
324
308
318
291
319
331
330
330
363
327
352
340
371
343
372
364
391
378
407
401
444
406
479
458
490
466
521
512
548
549
604
596
657
690
742
817
775
1083
1758
877
1998
1306
1257
2664
3192
7592
10993
9167
8168
6348
1101
4559
3694
4163
7465
7767
4372
1200
1479
3968
6281
6703
3776
4609
7257
6889
3146
4020
7501
11306
9896
4751
4578
3892
2089
3410
2970
2771
5526
2550
7126
11345
8547
5493
8076
11761
9083
1846
3722
1634
2612
2693
702
763
384
685
279
519
165
367
208
328
192
296
179
249
192
268
176
252
197
276
158
242
178
245
170
239
174
240
168
232
177
245
167
239
166
205
207
241
182
234
209
255
180
215
248
279
207
255
228
259
249
275
262
286
282
304
303
332
324
351
343
380
371
393
422
439
456
472
521
505
638
584
787
780
1231
1343
1025
1394
1259
2312
4159
5907
1299
8627
9238
5611
6444
3841
560
3029
5115
7774
6409
3703
8996
10214
14430
14406
8231
2675
5442
6220
4801
3332
1557
3350
5412
6107
9312
8172
13523
14414
5682
7534
8233
1962
6104
5717
1590
6123
5188
2942
4962
4582
5601
3405
2093
2384
344
1409
96
848
546
894
454
840
338
712
300
623
287
571
284
512
275
453
263
422
263
394
262
381
260
363
265
358
266
355
231
327
271
318
250
299
264
300
253
274
281
303
296
294
286
281
303
284
301
274
319
279
334
279
348
275
377
266
410
287
429
287
453
288
494
279
549
275
652
334
690
317
1041
432
1623
1043
1805
1068
2473
2849
2185
3880
2457
7149
6325
4476
6308
6640
7957
7901
6008
4616
3219
7394
5124
1835
4243
4626
8017
7209
6098
6245
1090
3994
13348
12092
3731
8545
4704
4117
1290
4935
2523
2795
6299
5956
4324
8978
5762
2083
3259
7155
5403
4569
3573
1627
3148
648
1280
853
1093
1096
1315
709
1022
660
896
617
793
605
735
574
667
574
625
568
610
530
555
532
536
517
506
515
488
507
465
511
457
503
431
521
441
513
440
495
418
499
407
501
392
518
398
517
394
511
360
554
382
558
382
567
378
587
386
597
379
621
380
658
402
653
389
699
408
728
422
719
373
955
609
1132
639
793
772
762
2085
3048
929
707
2308
5591
3813
2432
3214
6284
1492
8961
7979
12336
18750
11546
7958
1537
7076
4420
5937
4535
2649
3155
11395
6171
4620
4936
4173
4198
6971
11710
12470
6945
13529
14488
2191
12035
15421
10685
7467
9021
8659
2294
6142
8020
2061
3297
1996
1649
1406
1403
1142
780
623
869
541
846
485
842
480
791
443
774
434
743
427
710
389
722
395
697
389
695
388
683
385
684
406
651
388
677
397
646
378
658
396
678
418
624
399
658
399
682
391
689
406
700
433
712
440
739
459
754
476
784
488
816
540
843
551
877
572
951
631
1012
667
1102
747
1190
824
1360
991
1856
2075
809
1596
2159
3196
1902
2209
1265
7829
10979
6572
5949
8880
4602
1677
6693
9172
5910
2357
10905
10837
1367
11679
10872
6807
5417
7782
13536
4048
2024
1054
1525
4776
6733
4649
5653
1989
3545
5253
7832
5937
8414
15370
13968
8727
7814
6114
4824
4973
2393
1863
4714
3884
257
1539
1180
1701
446
1119
204
1056
224
978
173
932
144
871
148
872
88
793
106
772
106
757
105
751
93
731
89
718
92
714
84
696
94
702
99
701
84
690
84
693
105
712
98
698
77
709
119
745
103
742
95
749
107
772
113
796
127
823
138
851
156
870
118
920
165
1030
184
1072
197
1173
199
1277
345
1365
360
1727
534
3447
2440
1294
3026
6570
6116
4266
6668
4017
6963
4273
5180
8710
2979
5935
9815
7010
6115
11183
11359
9431
7751
5968
4962
5274
6032
1718
9481
7879
6970
9151
7757
12640
4534
7242
3847
22444
26083
22870
94088
118087
64945
9176
31944
9514
18069
8331
7433
4477
4963
4493
3866
2303
3472
2567
2459
1758
2694
1642
2463
1388
2269
1260
2123
1167
1983
1067
1903
1004
1777
933
1693
883
1613
857
1550
811
1508
788
1460
764
1398
727
1366
733
1348
697
1312
671
1274
654
1271
623
1261
631
1241
633
1246
574
1247
586
1256
586
1256
569
1265
567
1269
547
1289
555
1315
556
1344
552
1381
531
1401
525
1458
511
1539
547
1643
576
1459
158
2471
1236
1867
1444
1873
2778
1737
3294
4509
3368
7504
11637
7187
3547
10481
10296
6360
7088
5313
12830
16644
9265
8005
4215
3723
3670
7939
6382
5500
7507
4741
1877
7498
13458
11261
10697
8892
1076
5511
1490
5135
4419
1857
7632
11779
11322
5640
7811
8397
3677
2473
705
2713
1423
1227
847
933
702
691
490
747
517
626
480
549
433
513
406
472
370
468
391
423
374
387
339
380
329
371
318
366
312
368
324
335
321
342
302
326
296
341
278
365
309
338
300
344
295
378
318
358
324
355
322
372
329
387
339
395
363
425
368
425
380
456
394
502
428
536
457
599
460
679
553
886
990
1045
700
666
846
1440
752
1518
1339
2524
6890
10937
11302
6895
7830
7806
3918
3550
4867
7232
7994
3052
8663
13165
7976
432
2406
1248
3980
7964
7632
5188
8721
15359
5521
8595
7295
5601
8001
2042
11793
10883
3282
3561
8264
11409
8304
3510
7661
6077
8954
8183
246
5536
3022
1925
2260
674
1222
544
857
588
914
360
759
313
703
245
638
219
596
210
588
173
580
128
524
143
510
141
487
141
473
132
467
152
459
167
461
183
457
213
439
190
452
192
464
195
439
205
444
208
462
228
474
244
483
263
497
284
510
299
547
313
562
351
588
388
622
410
700
484
740
525
804
582
1112
886
966
849
1706
1192
813
1494
3037
1593
4369
4320
5202
11185
6990
7610
9373
6100
6774
4075
1936
1916
3681
595
1731
2658
5451
3051
4544
8390
10150
3252
6848
4878
5532
1935
4617
6901
4992
4143
7601
5014
2345
3593
4181
4156
5471
6335
8254
9732
8985
4585
6234
8521
4905
116
1961
1466
602
758
590
754
198
604
40
491
9
465
42
425
61
398
93
369
111
321
76
345
113
310
108
310
123
299
131
290
137
275
130
284
141
288
164
274
168
267
152
284
170
283
184
305
216
272
206
288
221
286
228
291
236
302
252
313
267
328
296
336
317
345
330
363
355
403
392
454
460
521
582
594
783
871
546
778
802
1892
2245
1670
1502
1495
3796
4479
6071
7243
5812
4493
4881
814
5584
2611
4627
7303
11457
10992
10631
15131
13189
11347
4114
5669
12018
7923
4830
3229
7569
8728
9458
6815
6905
14435
10290
2864
8272
4200
3961
4599
8327
9606
5457
7757
7851
3541
3283
1366
1822
1938
1396
1845
596
615
323
520
343
435
332
385
317
351
340
280
314
273
304
247
288
254
276
232
260
239
264
238
266
234
273
212
248
244
281
216
253
252
277
235
282
250
289
224
261
253
262
284
290
278
289
301
305
314
319
329
335
344
350
361
358
397
382
437
422
457
436
514
479
577
536
599
470
827
691
1141
682
1803
1620
1501
1383
2537
3269
2808
6127
1731
7446
5354
4491
10094
10066
9958
8152
7047
8114
6961
3647
3756
7218
6074
5674
12015
6502
7648
12009
10306
12506
14817
9647
3501
6954
10413
4909
5171
10412
8408
5028
6177
5781
4727
5521
9481
3525
8396
12753
6746
2769
3507
2592
1264
1130
1499
463
1128
763
937
614
866
591
783
567
739
556
696
534
620
480
644
506
597
461
586
448
585
439
576
432
558
417
570
421
564
398
559
392
587
375
593
387
585
418
587
406
577
422
588
399
601
404
606
403
638
416
657
429
669
419
701
425
748
439
790
459
853
471
883
478
962
479
1143
704
932
380
1376
739
1203
983
2946
1794
2766
2474
2976
6299
3802
6982
12255
7548
4759
9241
2357
11013
11044
9619
4477
6571
10875
8079
5901
8562
6535
4141
10630
5569
6194
1930
4662
6992
4160
4450
7249
5171
8188
10202
10146
7192
2538
4373
5978
10176
6372
1165
4278
4739
1076
5160
6100
2401
2924
843
1316
273
1213
447
1146
239
883
292
824
277
743
293
665
296
627
253
616
277
580
267
547
273
528
266
507
260
501
267
466
264
482
268
466
271
442
271
445
295
439
273
429
275
440
310
438
303
452
315
439
308
448
321
454
329
451
338
480
358
492
378
505
375
529
387
545
428
562
455
568
592
690
533
544
778
596
1300
1861
965
3676
1495
3264
2499
4691
9660
6950
3127
3962
2703
2790
4949
7272
8572
6017
4234
669
7238
9661
3866
4461
4394
2652
2339
2362
1796
3652
2763
3533
8787
9292
5402
3968
6159
6297
5896
2946
5602
2125
9087
13473
10604
5753
1270
2776
676
3558
3402
921
666
840
1289
173
897
51
583
88
526
59
456
86
410
90
336
102
332
97
306
99
299
117
256
122
243
126
230
138
219
137
206
159
198
146
190
160
175
157
176
168
168
198
128
186
168
176
158
204
140
190
155
215
150
228
149
236
156
257
141
269
172
298
165
322
171
361
192
408
195
490
225
635
273
713
313
336
605
1232
783
2066
1616
3298
6515
6425
1989
4052
6593
4803
2918
3691
7312
10380
10274
6564
2806
6009
13347
13767
10496
9813
5755
4677
7718
5416
2659
6732
4589
1539
612
981
2628
5153
4921
3702
2558
1244
1331
4702
4914
2083
2705
4746
4922
2083
3460
2495
2665
2438
798
2085
495
799
151
784
158
662
149
580
152
513
171
491
200
444
183
442
176
396
177
382
179
365
177
351
177
342
176
327
188
314
188
310
178
294
199
294
220
295
210
289
210
256
217
242
223
258
231
237
227
245
238
243
255
229
245
229
257
240
263
264
308
254
322
260
349
264
363
279
330
446
450
619
586
890
695
1623
779
3740
5305
3339
7584
2412
8977
13096
8644
7021
5369
3279
5459
12446
8765
1546
5604
9114
6562
4734
10057
5276
4018
4781
11982
1556
6347
2196
7397
5831
7480
6295
13088
14326
9257
12535
7804
5142
8421
8099
11086
9528
1885
6142
6738
4101
3513
470
3037
1829
38
710
1554
381
965
298
859
254
753
235
696
243
626
194
615
222
569
229
521
196
514
196
502
210
480
208
470
222
439
211
457
224
434
226
411
209
425
215
438
232
404
233
411
231
423
263
390
244
425
255
440
274
443
288
448
302
470
323
488
331
532
380
547
426
559
428
615
479
700
560
920
788
991
1029
896
1655
1082
1164
1217
1913
3080
4417
1885
3764
1015
7747
11686
9241
6668
8094
10183
8306
3830
12074
16918
10699
4749
5344
2195
2281
7575
16556
3285
3918
2627
1703
3244
5230
7830
10887
8665
1946
5275
6913
6633
6504
5334
1706
619
2579
5888
5906
5404
4694
2236
855
1957
2045
1230
788
472
483
723
872
318
687
250
577
260
560
211
491
239
492
217
482
186
442
182
421
185
411
181
400
179
393
170
381
168
373
190
390
164
370
169
377
164
363
177
370
174
375
177
383
174
382
181
394
181
401
183
411
183
418
195
437
212
463
201
481
221
504
236
536
245
577
282
668
299
799
300
959
297
1550
990
607
1324
2459
3144
3414
6987
9651
6304
5623
7005
4568
6780
6011
3046
3693
2816
581
2433
2623
1608
997
1634
2175
2947
2644
10687
6334
7206
11440
3975
3884
5695
8299
2862
13594
9062
8001
13870
5180
5351
5861
4883
4268
5674
4713
1064
3229
2529
3573
2333
607
1070
1163
819
586
677
473
638
300
578
191
504
139
436
133
413
91
365
94
352
87
325
84
322
69
306
59
290
60
274
70
286
57
290
31
259
56
279
38
277
26
265
17
251
43
269
21
268
13
249
8
249
6
253
15
244
12
257
28
251
38
270
66
258
82
253
100
263
156
223
175
225
304
262
278
445
229
701
1030
359
2190
2019
3287
5729
4191
1840
3831
9725
12063
6121
3945
8156
9186
4379
8759
12800
7541
7143
11730
9945
548
5292
1979
6230
8196
6440
6854
10217
6929
8812
11466
8894
5860
2460
3844
7092
9574
14381
7665
8264
13436
9144
14097
9760
3082
6180
3937
3216
1317
1980
286
1235
986
889
829
723
612
711
606
633
584
600
542
517
532
536
488
462
481
465
452
441
443
412
433
388
417
372
415
375
383
336
407
303
382
316
402
335
375
312
409
331
380
281
405
290
378
282
388
297
394
287
399
283
402
284
411
303
434
291
404
273
422
278
437
315
442
304
502
264
484
537
269
681
1093
1779
358
2586
2835
5534
5833
3928
8181
3052
5649
5418
4631
7440
4459
11196
10770
5131
6670
8231
7410
8008
12008
10943
7902
7815
3706
2432
7470
4215
7043
13937
13912
9966
2524
6520
6245
2191
7555
7402
7386
6453
2271
3217
6234
4911
3821
4524
3321
1699
2576
2508
962
794
1101
652
955
222
850
449
601
427
586
363
565
336
533
344
505
305
483
285
470
285
470
291
456
286
450
281
439
287
432
297
434
312
395
259
441
289
444
308
434
322
431
322
416
318
463
340
462
346
461
357
474
372
486
389
515
414
519
414
534
467
552
485
613
549
644
591
694
635
765
731
957
997
1078
1258
1094
1832
1122
1522
1976
3216
3994
9595
9208
9376
10712
6317
2760
2144
5126
2827
2073
2333
7674
5294
9929
13439
6401
2737
943
5113
4920
661
6862
7513
3906
6129
12600
7310
8632
9261
7956
13050
6853
2886
4524
2799
8618
12110
12529
11382
8540
4249
3640
5107
4712
1980
1262
1453
713
1284
543
933
414
836
439
784
449
759
441
723
425
686
394
673
441
646
406
600
416
608
401
581
400
566
402
548
387
552
373
554
357
535
385
511
398
533
392
550
391
543
414
527
425
529
446
552
451
555
452
559
468
578
477
577
498
612
533
596
572
645
578
654
615
672
673
715
717
742
761
725
860
680
1639
1216
1964
2756
1271
971
6867
9825
4497
2788
6790
11626
12220
8753
2044
8467
9614
4190
11810
8299
2237
6095
4424
7564
4736
5909
6732
4427
6131
3421
1497
4304
5809
7281
7921
8828
9244
7113
6210
8917
4941
6401
8264
5771
4510
1470
5245
1384
5656
4794
2688
1937
2049
2293
848
1456
762
1127
1127
1394
730
1156
750
1101
679
1028
652
998
605
938
564
920
535
892
512
863
496
848
482
837
458
815
449
829
423
796
439
796
423
795
428
823
409
813
390
829
377
810
410
840
403
854
397
877
400
895
402
919
413
952
425
1000
429
1052
439
1120
449
1186
440
1267
463
1418
448
1430
703
1857
274
1532
559
1453
1068
3212
2227
4490
3804
4976
6731
3933
4215
6347
6843
6537
4617
4225
6993
4964
2489
1135
4685
10043
8427
3301
7263
6418
2703
5186
7238
5853
9007
8583
4880
6820
4132
8483
8566
4191
6028
1733
6327
10635
10471
6205
1426
1041
1603
2380
5048
5953
4342
2670
470
1101
623
844
606
377
186
385
234
373
231
308
215
283
204
251
237
247
193
195
194
188
193
168
190
160
192
148
196
144
196
112
200
104
202
96
188
115
176
113
198
90
171
126
231
80
243
64
219
53
225
57
242
54
258
43
256
52
279
61
308
59
329
64
342
76
354
123
399
170
431
243
498
304
659
337
630
1471
1781
2437
2227
2889
6645
2017
6138
5344
7927
14087
8160
6687
7022
6342
7628
6636
7357
8845
11419
4720
10812
17279
12078
3087
1454
11885
14516
8711
1294
1329
3494
2775
2750
11875
20385
16675
7109
7374
4707
9901
3812
6154
6586
1560
5551
6951
4013
3498
3394
1814
4044
1035
1186
678
1597
208
1270
551
1151
492
1121
484
1056
451
949
480
925
463
904
463
878
438
846
427
817
427
797
425
788
443
773
399
767
414
764
417
748
444
756
384
760
407
745
435
760
437
766
426
766
446
767
474
793
478
817
500
849
516
866
533
901
565
933
577
976
624
1055
650
1115
717
1242
850
1313
833
1037
863
1276
1578
2556
1580
2791
788
3394
2737
4482
8240
4764
5161
5164
9231
14536
13166
13713
9901
4399
8456
5244
3498
3066
2884
5039
5007
5491
8470
7033
6195
9785
2123
9598
4833
9261
11913
7063
6287
8849
6390
7495
4432
4641
6025
7397
4178
10751
12517
2465
8046
4049
3216
1761
2744
1690
1732
849
1843
745
1761
693
1622
661
1483
600
1397
565
1317
537
1255
511
1194
477
1153
462
1119
454
1083
443
1053
436
1023
410
1031
422
1006
428
981
430
953
407
943
396
959
410
939
388
951
388
981
409
982
409
995
416
1017
427
1029
424
1066
445
1080
453
1145
464
1199
497
1214
515
1285
541
1353
552
1451
562
1618
500
1651
786
1458
1523
4567
1349
6406
7385
6683
4716
5813
10127
8371
11300
5663
7047
7527
1590
2810
3112
3940
7826
9267
4554
8458
4846
2086
618
8169
3187
4210
4665
7832
8448
5215
5616
5357
3289
8568
4931
6745
6139
1756
6116
5114
6287
3796
1553
4791
4346
4025
5175
2901
1290
1211
394
629
558
448
687
323
673
279
613
260
551
229
533
223
534
214
476
181
455
179
435
166
429
166
421
161
413
169
394
169
385
153
366
152
395
169
388
184
358
143
376
164
369
158
382
165
382
161
400
189
390
188
399
196
406
209
416
213
432
257
444
264
449
274
512
328
551
399
615
504
621
520
799
982
904
1885
679
693
1221
4650
5975
3829
930
613
3309
4716
2768
2839
3017
11385
14997
9057
2675
2209
2875
4303
2645
1254
930
5104
9611
8063
7861
10021
1871
11914
10961
4875
10821
16553
6254
21948
26732
26372
99272
118794
64927
3254
21940
1947
15065
6465
7871
7322
5375
5409
2034
3692
2007
3280
2207
2706
2056
2530
1845
2133
1665
1947
1544
1791
1433
1646
1308
1561
1247
1475
1181
1398
1115
1326
1059
1272
1025
1223
973
1194
923
1177
900
1127
887
1078
839
1089
821
1052
786
1025
784
1028
782
1028
747
1005
745
1011
751
1008
743
1014
738
1024
749
1017
742
1036
747
1049
738
1072
722
1115
745
1139
766
1182
765
1294
783
1410
911
1986
1826
1409
2647
435
1739
2054
1645
1901
3304
7080
7596
7273
10547
15308
12890
5102
2221
8526
8643
7419
15654
11351
2414
1412
2608
7015
11560
10472
9757
5658
6624
2903
6740
4216
8137
11579
6538
10031
15763
10093
1253
5388
11789
16097
8921
3357
7546
2806
6193
4917
288
1421
1952
2316
1392
975
927
537
780
480
595
470
474
400
411
326
364
299
352
285
292
257
278
226
261
208
237
196
221
176
218
183
205
187
171
159
154
141
148
137
135
102
147
96
168
123
153
132
125
113
129
118
121
121
116
126
111
133
105
150
88
143
112
169
107
227
66
252
54
267
53
311
68
369
138
576
502
1250
862
405
1323
2959
3930
6347
7486
5492
2704
4197
5237
5103
7630
7158
4956
3762
4326
6670
5052
4446
6671
3804
11579
7415
8862
14176
3445
1717
2720
2529
5577
13720
12217
4079
9930
10363
3609
2298
2140
1843
3146
2678
1712
1682
3021
2407
3136
6036
7522
5006
1979
1480
1193
1113
486
775
783
861
361
578
389
459
405
395
378
351
378
347
350
344
332
274
334
275
331
259
323
246
318
237
314
227
308
212
337
205
342
244
300
211
309
204
327
220
305
190
320
173
333
188
352
190
344
184
365
190
377
188
399
194
402
171
451
202
472
229
493
216
552
246
588
282
625
331
681
282
1000
808
623
310
1614
1998
2929
844
5330
8780
7410
4944
2091
4068
1505
6091
9220
7105
5813
8175
6877
3225
2434
7733
7448
1372
9314
7938
2680
9440
14329
8180
6279
7263
2969
2591
5056
2317
6193
8643
5104
8965
8654
4670
1846
7284
6288
2960
3070
4902
8201
5211
701
2163
2223
2101
323
908
724
1061
568
938
535
884
507
829
488
766
476
784
443
754
429
685
415
669
406
645
395
633
390
615
377
599
380
601
367
598
381
589
353
567
334
595
378
602
353
559
368
590
410
591
372
593
385
597
393
606
404
611
408
631
440
645
446
657
503
692
490
721
517
738
574
805
617
788
741
1119
967
1062
1227
610
1600
1626
3205
4690
2718
2150
4143
10299
10159
5740
4669
7101
6855
3990
4950
2175
6123
12730
13994
10102
5170
9425
10607
5726
2207
1235
5265
6400
2500
8917
9943
3239
5703
8128
77
11481
13017
4008
5182
4060
6605
6046
2233
3054
4808
3332
746
674
2498
2058
1555
2946
785
954
160
978
157
895
76
789
28
686
20
623
42
572
47
520
35
486
40
473
45
443
45
425
54
410
71
382
60
370
50
359
50
385
68
369
92
345
85
329
74
331
60
358
88
364
112
342
107
340
106
349
108
359
121
368
131
384
164
357
125
404
134
453
177
462
182
505
190
597
191
708
229
965
491
1556
1669
2728
2593
6025
7897
3758
4009
3155
2955
8035
6737
1436
6464
6217
6833
1660
9711
12813
4348
9939
10126
2640
3025
3849
2747
1871
7162
10575
14308
3574
14527
12872
13237
12972
7755
16538
9289
1404
2711
9796
8815
3881
4765
8529
5864
2424
4698
3731
5307
2722
812
673
1401
375
892
676
632
522
557
463
496
436
450
395
400
402
373
329
340
343
311
338
278
318
258
315
240
310
232
289
197
282
165
269
156
304
126
329
150
298
130
299
129
282
136
295
96
309
107
314
96
299
78
317
72
327
63
330
78
368
37
356
88
344
105
396
127
429
143
449
183
488
314
698
765
283
1231
1885
1891
4570
7313
5908
4093
9009
10263
5669
1714
4345
3745
3762
6529
17657
15977
4407
4583
5911
6538
5808
5445
9453
6869
4470
6756
10280
9583
6498
254
4349
6502
1043
8442
8456
3634
2659
5253
5222
1940
4666
2191
4561
7645
3058
5498
6917
3344
4244
253
2929
1199
2911
727
2111
631
1787
658
1343
402
1305
394
1172
345
1073
288
1017
276
955
243
920
247
873
233
828
210
797
199
766
182
748
172
732
181
715
172
709
158
709
177
664
186
673
176
653
151
647
158
648
155
649
156
657
161
663
167
674
173
691
190
685
190
690
220
708
237
737
244
759
294
783
322
872
305
940
235
1418
1429
303
1156
1201
889
3455
5526
1335
7983
9061
2867
6540
2765
3873
4856
4454
2398
6354
2775
5442
4461
6351
4921
7883
8934
4488
13209
2384
4586
6363
1940
13105
13927
4092
3258
5574
12046
7912
2568
6735
4820
4138
2470
2418
4005
2581
6074
7375
2610
1797
632
864
1338
2837
529
1807
405
1628
582
1262
486
1138
489
1003
460
905
412
882
414
822
398
787
411
743
397
707
388
684
387
659
380
636
378
638
375
617
388
636
384
611
379
594
377
601
380
612
417
592
417
593
418
607
425
605
439
611
454
624
489
630
488
654
494
690
549
687
575
706
605
741
654
766
694
716
702
776
553
1474
1452
1402
1473
1337
2454
2200
6489
8083
3713
12728
15056
6255
5155
2802
4330
3732
4946
9938
5375
3445
4441
579
5228
7838
5327
1265
4424
7403
4179
12778
11308
6081
2745
7644
7986
4006
5838
3007
5046
5680
3174
5116
5268
2346
4009
8792
10106
4289
1404
3308
6273
3673
2880
3425
682
1163
1150
1485
918
1332
695
1123
660
1046
595
957
591
931
551
890
483
842
445
783
448
765
428
744
412
729
395
713
373
690
373
674
367
689
316
631
356
651
360
650
352
644
352
674
326
670
328
671
319
677
324
687
326
696
337
725
317
726
338
742
372
808
319
811
325
849
332
869
322
918
277
982
357
1173
1045
805
1134
1866
3784
3825
833
5208
7476
7286
5287
5121
9934
11455
7138
2865
6272
7100
3807
2893
2860
6835
9686
9573
7755
4274
9196
12366
1016
6190
3815
11725
7904
4674
8266
12510
11461
8551
5333
6629
11664
2967
8735
5445
5300
4750
4359
4866
4240
4937
5079
4592
703
1338
772
1229
914
1263
701
1028
779
985
746
896
714
837
673
741
668
741
650
710
617
672
595
641
585
616
583
604
575
586
579
597
556
582
563
600
537
577
544
596
501
547
542
565
552
586
540
588
537
580
560
597
570
612
585
629
608
662
623
684
658
746
644
748
707
816
763
888
817
990
844
1041
1101
1434
899
1357
1795
3103
1607
2914
1254
4901
5872
1553
8426
11267
7324
2236
5978
10937
6690
2468
4032
4425
8943
6073
5423
6003
3024
2906
4358
5163
13515
4159
3018
2848
5725
7165
5056
7588
5031
1829
6359
11885
10517
6754
8089
15191
13231
7097
9318
2888
6803
10633
10420
5598
2430
2354
2153
1856
796
753
871
759
574
499
618
446
541
383
484
301
498
304
421
263
391
203
410
196
383
179
375
169
362
165
362
152
333
158
335
135
338
148
303
151
310
171
307
147
334
156
308
166
313
165
317
184
314
197
315
210
312
225
319
249
323
271
327
305
338
326
374
365
383
404
425
412
460
486
568
692
521
547
646
1100
1137
644
1938
2756
1282
3171
1091
4633
4325
5916
5546
4475
10807
3717
6183
3748
7548
9714
3955
4840
594
4308
8416
10685
6770
2681
7923
8783
4998
6751
8808
3319
6660
7801
2192
9032
5785
3267
7865
7525
2495
9413
12017
10818
9842
5000
1009
2910
1522
383
721
1132
1084
1073
577
762
391
727
458
642
502
566
515
514
509
458
492
427
470
405
450
419
476
375
457
368
456
351
446
347
452
343
464
322
472
291
435
323
460
297
474
258
456
266
441
268
444
274
467
256
462
260
469
257
478
256
486
253
507
238
515
258
534
246
538
227
545
234
565
197
543
258
459
158
548
562
1044
844
972
1049
577
1654
4839
6575
4703
6069
6676
1464
5031
5792
3638
2040
2759
4474
4279
5209
5501
1522
4549
6771
4446
8448
9496
8556
3492
5475
6028
7514
5614
5918
10442
7736
2545
4771
2588
1818
3219
1701
3125
5783
5265
8879
9365
2687
6856
6034
465
1885
169
1256
393
1226
626
794
273
603
220
505
249
468
249
430
243
398
238
369
252
351
250
344
232
322
237
312
236
302
236
295
237
290
232
274
249
283
248
272
253
258
301
319
249
286
263
283
271
269
311
298
315
306
329
320
342
328
364
343
391
362
429
397
468
452
481
479
532
532
592
609
659
707
722
735
1116
1372
967
1704
1060
3105
1933
2763
2377
4565
8776
9724
2804
6269
4820
6043
11950
5140
4466
3477
7671
15836
15007
8754
5548
5778
7210
10868
11947
10866
12179
2989
10695
15151
11035
7027
6167
5525
3621
2087
723
1345
3756
5101
5667
9150
12600
11836
9380
7172
1291
4423
3948
1312
1594
1209
1873
238
1232
238
1061
249
823
284
672
290
603
270
586
301
560
262
551
281
504
267
497
290
490
288
476
289
466
287
452
281
463
310
448
258
433
299
409
281
461
294
452
305
419
310
453
311
468
291
480
319
484
329
498
332
508
346
532
363
562
364
585
406
613
425
652
451
685
447
720
486
740
617
1176
885
1383
1241
1776
1815
4075
1651
3751
5282
3475
4461
4664
6387
9086
8842
9575
5621
8260
17282
10734
6883
4856
8812
14583
6869
3046
2647
4015
7793
5139
3238
2462
5735
5738
4113
2825
5166
8293
3451
7420
6493
1479
1867
2294
3620
4448
2093
10666
13580
7533
345
2954
1173
685
515
1012
381
567
269
577
380
426
331
401
345
343
320
328
330
278
301
255
264
283
283
261
281
244
272
235
265
232
259
233
268
218
267
209
253
209
260
201
251
198
265
156
206
211
240
207
258
194
253
190
248
196
252
197
254
204
261
202
263
220
281
203
259
248
300
245
309
278
355
307
408
394
550
439
1025
717
480
1331
2785
2151
1403
5507
6454
3521
3486
4136
4162
2677
1561
2597
886
2581
4310
1483
7115
11666
4045
9186
13759
12250
9839
961
3654
1472
2340
2473
3638
4006
4644
6046
5552
2740
755
4764
8817
10089
9752
8249
7553
8983
8602
6911
4339
3954
5366
4072
1892
668
1395
221
1159
431
1087
735
651
552
561
494
522
480
468
454
426
418
427
442
372
403
374
415
342
401
329
396
317
391
305
393
284
372
299
396
270
380
275
391
259
387
258
382
259
388
258
403
236
391
263
416
259
436
250
447
248
463
259
507
225
499
246
547
241
578
248
657
237
733
232
805
229
1059
335
923
158
1615
1149
682
387
2054
2748
2581
7078
9430
7582
3968
6107
9203
8988
5824
9392
5993
7760
14777
11780
8419
2445
5776
4947
4269
7364
2994
1497
5149
7834
6999
4016
1729
2606
6267
6138
6042
12591
11698
2742
2914
5086
11384
7196
8079
14948
9666
2005
3679
2638
2246
1209
852
1587
998
430
88
664
141
521
78
516
47
510
31
528
62
509
75
472
56
475
68
459
52
463
60
458
68
454
80
436
77
431
69
442
75
451
105
414
72
446
97
443
101
436
92
464
119
450
110
474
134
474
141
486
154
498
169
517
203
511
215
525
229
555
279
543
298
558
333
576
396
569
476
533
583
389
439
468
1329
2058
1538
951
2561
4620
5901
7085
4782
2564
8054
7086
3019
3070
3205
5574
6745
4515
3778
5668
6834
6714
7508
7307
3894
2561
4396
4390
6099
8541
9375
8700
7147
7901
9264
5396
6166
5872
5756
15559
15446
10612
10209
9030
9265
5392
1908
3051
2099
1956
1442
1356
818
1332
232
947
90
667
218
620
192
582
163
524
155
471
169
469
149
438
150
428
148
426
126
406
123
398
118
394
106
380
99
357
126
380
111
386
88
368
100
374
91
371
97
379
104
399
92
406
85
413
81
423
79
440
74
452
87
487
74
487
71
510
93
585
76
640
70
707
88
823
93
908
248
1006
550
1585
1712
5087
1716
7760
9306
838
10729
8564
2513
4431
4680
7131
1807
3699
1713
4345
3253
5038
5979
4823
3819
4327
7753
6111
2771
8698
3993
14081
10306
2003
7622
7181
8032
10840
14391
12831
10044
8353
3185
4633
967
6946
8279
1558
4433
2985
3540
1797
3046
4047
1398
473
1374
981
1019
1248
503
941
529
912
443
820
403
790
328
694
346
687
304
651
289
631
263
601
258
584
247
575
231
553
199
526
226
556
188
530
177
484
206
497
194
518
197
521
197
541
173
525
166
531
176
533
172
540
171
554
174
560
175
571
191
624
127
614
185
625
177
663
174
689
200
804
85
767
222
882
332
1115
1387
3888
4440
6559
6329
1338
3061
1366
5578
8637
5298
1060
1135
2313
3007
6476
7132
2338
3255
6638
7226
1869
5739
4733
9614
1363
2074
2968
7677
12632
13359
8445
2728
4289
11538
9931
3683
11429
11740
9174
3704
5860
10398
8023
3993
2535
3247
3801
2449
994
1639
1138
147
395
364
778
410
590
363
487
322
448
319
395
285
395
264
381
282
339
249
346
261
316
241
313
232
315
234
315
247
292
225
315
258
284
238
286
235
290
238
291
237
304
257
288
245
306
263
302
265
308
268
321
279
332
291
350
311
354
319
375
333
422
382
425
389
476
421
500
468
574
413
864
491
1537
1316
944
2028
2549
2345
730
1783
1070
4636
4819
2558
1483
1599
4107
6874
6046
2094
2656
3871
2770
1803
3011
4748
3858
914
1905
1163
3197
9379
9174
5286
11184
2277
17659
10707
15289
14195
18554
30568
19504
94019
114198
60258
5639
22622
4954
16260
8008
5058
3628
1862
2220
2726
2872
2351
3080
2300
2223
1902
1822
1822
1820
1729
1659
1610
1548
1506
1465
1416
1364
1309
1288
1251
1249
1198
1193
1144
1150
1113
1119
1075
1082
1034
1054
1002
1046
955
1034
930
999
895
1018
899
991
932
988
876
991
867
1001
874
989
862
1007
859
1015
865
1027
866
1058
876
1068
876
1081
896
1107
909
1168
906
1229
931
1268
916
1285
873
1492
1198
1326
1057
1722
707
4188
1431
6475
6540
2705
8540
4918
4136
3546
8852
5148
7706
9431
8251
7690
2586
4094
5634
5449
4447
12181
12501
8229
4584
8289
3146
2362
4002
9076
7367
3000
7536
2770
7640
13201
9421
1691
9368
10806
5250
886
1234
2963
4156
1796
2561
1958
1308
1091
1040
738
958
1326
684
63
344
129
373
101
359
68
353
60
324
40
335
58
337
77
324
81
314
86
310
92
305
95
309
110
284
108
277
106
274
83
302
113
284
97
315
119
308
132
328
126
315
131
301
124
333
134
337
146
347
151
370
160
382
173
382
169
432
214
419
196
489
212
509
213
613
318
551
80
1001
738
1125
1528
970
1254
3081
2805
4014
5172
2161
5316
7853
6894
4759
3143
8917
10837
7484
8869
9502
10650
5752
7196
14388
8795
2801
2551
5731
4616
11225
13518
8429
5639
7800
9219
6840
2166
1878
4197
11586
14842
9785
4522
1460
5249
6096
5038
7512
4164
2325
4672
2181
2030
1660
1246
907
1036
1233
424
917
337
762
363
746
324
723
283
703
248
668
205
627
195
605
192
604
165
584
149
568
144
572
118
552
110
541
111
528
113
535
119
566
86
566
48
527
69
528
96
584
41
563
50
578
34
587
27
599
23
624
21
657
39
646
41
681
16
744
49
796
87
855
147
891
141
1089
399
882
232
1877
1023
2143
2565
4247
4461
2435
9051
10131
6754
7235
7585
6026
5719
3539
3257
10197
12169
6042
5604
12129
15186
13523
5704
5672
9054
7793
7304
10455
3085
10362
6560
6633
10670
6405
8428
7189
4263
1151
4752
7724
8613
5986
7406
1907
6357
6160
1668
4014
638
4935
3858
1559
1212
1085
301
812
630
667
545
558
468
479
397
422
359
377
350
356
272
311
259
285
245
259
228
242
209
229
199
220
191
223
159
194
181
203
160
202
139
191
141
198
138
215
107
196
109
195
115
216
110
225
94
229
95
246
93
263
91
296
75
304
64
335
64
379
77
420
70
496
64
614
111
737
33
1051
419
1347
805
2240
903
2849
2376
3435
6556
3171
3494
1700
7054
8563
5748
5210
8366
8231
6672
9667
7802
2591
4546
3515
6874
7295
2860
1949
4765
8591
7856
11146
9429
3338
5392
10627
15290
11677
2559
1299
4364
11343
10731
5190
2965
2064
2462
2707
1833
2717
6955
6776
2571
1425
1690
1414
1704
737
1050
739
593
700
798
568
718
520
669
511
623
439
632
448
569
421
532
400
511
386
489
377
475
368
453
371
475
336
429
356
451
333
405
362
391
340
380
353
382
360
390
351
370
352
363
343
366
347
359
354
349
366
358
360
344
370
309
376
334
425
341
419
308
435
270
438
159
475
119
592
490
632
1149
1790
1983
5313
3965
3351
2636
4776
9282
6920
3612
3171
4830
4735
2815
5264
10567
6032
4938
6791
2603
7201
3980
4186
6665
2882
9536
5446
2275
3316
2100
1545
3889
7140
10685
9466
5991
10853
9681
8716
7568
5509
5631
5618
12176
10125
4763
1316
2209
1893
1401
1441
910
1075
785
846
899
990
731
814
739
841
635
784
588
739
567
727
532
700
509
676
472
663
466
653
451
642
442
636
423
625
395
601
418
616
402
622
391
602
419
647
396
654
372
617
388
659
377
649
393
666
389
692
394
710
404
728
415
773
413
781
452
855
482
864
478
942
479
987
500
1013
548
1309
649
1470
374
2210
1657
1732
4136
5188
5398
3064
2733
7449
7130
4098
4751
6958
8449
7378
9342
8047
4844
6651
6917
5988
5022
6766
10151
8886
2972
8454
8974
5531
8360
5610
10089
11004
1981
9486
11912
4665
3807
3760
4541
7035
5072
2506
9908
13092
5708
6688
11831
6078
2462
4241
1737
1266
1411
1971
687
1786
488
1279
389
1302
272
1113
238
1024
207
940
189
916
136
861
104
791
114
763
122
756
108
738
100
721
96
711
91
675
106
678
92
685
87
663
112
629
141
623
147
648
169
653
193
659
203
655
227
672
243
675
267
667
291
698
325
706
363
749
407
770
461
785
542
807
641
834
763
852
940
972
1454
759
1890
1099
2030
1126
3290
4700
4645
3342
10808
17863
10401
2394
8287
15887
16169
4512
4439
3635
8149
6473
5921
5379
8585
9668
3947
8603
4022
8540
9683
2415
7381
8630
4239
2982
3151
5455
6919
4583
6073
4171
5536
6270
2723
1713
7190
14805
11617
2644
2921
1490
485
1497
2037
533
1112
383
889
175
762
209
681
190
637
185
597
139
534
154
529
144
484
97
481
111
453
105
437
97
420
98
398
91
397
81
397
81
382
89
385
120
356
100
361
98
375
122
366
128
371
145
368
156
375
172
377
187
393
217
387
239
387
256
431
293
458
365
462
412
520
495
580
629
634
822
734
899
759
1702
1797
1349
2620
4366
1187
9743
12193
4329
8845
11077
10341
7030
8879
13858
11725
11984
11716
13299
5976
7177
10708
4511
5531
2551
1849
1117
743
3561
7103
5892
648
5177
6657
6360
4828
5739
12196
11650
5063
4344
894
4410
3184
3238
8228
12139
11309
5529
2062
2941
3113
794
2211
1083
1175
656
1305
443
1152
391
1072
319
994
268
948
248
885
235
851
202
816
210
806
213
766
203
747
203
732
212
705
197
695
200
673
185
681
188
679
206
678
204
679
210
710
244
669
206
706
239
702
237
723
248
741
263
765
286
774
287
821
314
844
335
916
362
996
436
1047
481
1181
614
1283
816
1244
666
1742
559
3191
2507
3003
6042
5330
2811
3868
8394
6311
6286
4302
7822
8412
4078
6358
2647
5525
6790
4610
6765
10460
11521
10265
7975
3359
1135
7480
7727
5582
7604
5971
2124
639
2164
3878
7911
9507
4924
3825
3861
7074
8823
6393
9101
8467
4685
3607
5176
3227
1504
1708
423
410
1136
1326
181
539
412
534
328
448
363
423
366
389
363
383
359
370
330
330
346
318
336
320
327
305
326
295
320
275
331
291
323
277
319
261
349
287
324
250
327
246
357
275
329
246
356
272
373
275
369
272
387
281
394
282
411
280
445
282
491
334
473
288
562
330
590
354
660
386
712
419
821
558
556
185
930
423
2151
2527
5271
4572
6226
7319
6383
12228
6695
9649
12917
3781
6640
5825
2193
4035
6582
6034
8921
8501
5521
6352
6675
6855
1735
5228
3787
6196
2939
1282
4660
2821
6127
10270
5678
12356
12981
5444
7326
9000
7554
8434
7580
3337
1646
2669
524
3800
3963
2377
1498
910
1602
611
806
358
791
74
595
298
485
292
418
322
386
333
385
302
334
329
300
344
278
339
263
354
247
365
237
354
210
355
201
378
188
390
184
382
177
395
171
420
170
455
179
449
144
469
155
478
155
504
145
522
140
555
143
593
121
626
138
674
122
700
114
743
113
834
100
920
51
1072
75
1125
171
1678
317
2752
1365
2659
3334
1272
3083
4677
6191
7801
5721
7922
11279
6809
6882
6876
3371
2743
2926
4082
7655
7256
4274
7128
7805
1667
7045
13570
4315
8803
9960
6979
1007
9043
8788
8079
6832
4423
11092
7079
3928
4467
2937
10229
15449
8007
10408
12229
5384
750
1234
1334
1483
2064
575
488
396
307
661
411
589
321
622
305
594
243
630
241
607
230
596
197
584
201
560
166
571
160
563
144
568
146
561
149
535
122
553
104
571
131
557
131
567
94
578
111
583
82
593
97
597
79
610
84
619
79
632
76
648
75
675
71
679
50
709
44
737
56
776
22
806
19
848
42
905
134
1014
206
947
796
1375
521
884
1563
3123
5250
7470
4248
1094
2015
1464
3612
4734
1595
6714
5807
5837
5364
6037
5230
8085
8721
4312
4721
7116
693
5003
10607
9249
5705
12219
14804
13114
12029
12745
9549
4119
7722
7208
1063
3381
741
5271
7239
4712
1359
3554
5639
3043
2346
1441
1055
1262
191
360
571
409
521
307
583
300
580
302
554
282
537
290
511
251
530
244
535
255
518
248
513
247
513
243
520
240
498
262
526
226
530
244
525
280
524
277
525
260
546
283
559
304
547
290
572
325
584
323
599
336
615
337
651
369
682
379
733
436
750
454
797
480
867
517
939
608
995
630
1300
646
1742
829
1949
1471
2272
3535
2920
1612
4293
5268
5501
11229
7999
2813
4196
4922
7749
13527
14666
7433
4334
7216
5843
518
5207
5317
2762
2304
7540
5360
9429
4364
5077
4662
1506
5725
10646
9078
1322
6235
5866
6455
6054
5192
4361
2947
3634
7730
9374
7839
5143
3276
3710
1287
1326
550
1107
383
997
336
1013
546
739
468
656
447
594
447
516
409
492
403
470
414
427
411
394
403
370
399
350
394
334
393
319
396
307
389
307
405
292
423
264
417
272
427
240
405
267
431
256
448
255
469
249
482
246
502
245
528
238
535
252
573
238
610
233
630
280
677
306
728
329
777
409
926
560
1250
881
1156
812
1892
1643
2410
2462
6580
3346
5996
10197
5448
4253
1150
5432
5595
1858
6388
6055
5263
7690
5715
3211
9908
7912
2751
6153
10422
5539
4738
1110
3389
1734
6235
8879
3234
6254
6920
9301
7380
2735
5437
8063
11685
7171
6962
2053
9753
12105
6509
4575
1888
2641
1301
2339
834
1431
747
1138
487
887
427
808
335
771
286
720
292
686
270
648
254
639
263
610
239
590
216
577
210
565
206
555
189
540
184
537
159
534
159
536
171
530
150
534
138
536
133
555
127
556
147
563
141
589
130
600
132
623
128
641
133
674
157
701
165
721
121
787
151
823
146
913
205
984
254
1108
520
887
342
2077
951
3915
3690
3991
7115
4762
3168
1365
3102
5969
8107
8972
8708
10161
8601
4671
6574
8612
6344
2122
4441
2623
4215
4409
2474
2416
7424
9545
6375
2659
4326
6216
3536
4440
5379
2350
2067
3436
5376
6561
7871
9498
10408
8406
6009
5246
4184
3583
1898
2998
1843
1269
943
1174
1082
933
921
529
625
559
621
481
567
437
537
378
495
399
500
359
483
334
463
312
453
308
448
300
442
292
435
279
430
284
447
269
419
295
461
281
457
271
454
268
457
275
454
286
468
296
475
297
503
304
517
315
536
313
550
331
572
342
580
382
644
409
713
434
770
486
830
525
891
650
1323
488
1260
723
1775
1477
5041
4602
5982
6221
6780
10085
9256
4991
944
3769
10609
13476
8825
6532
3817
2442
4088
3854
3722
2383
2690
1712
4802
7959
10042
3297
6090
4967
5750
9523
8165
8819
12565
10233
3387
4150
6062
8046
9631
7494
1701
7576
4868
2978
5094
3655
2013
1386
1578
674
731
1041
706
842
279
698
350
709
354
653
334
624
309
620
282
550
287
555
282
537
264
517
258
502
259
495
254
479
279
484
240
463
277
480
264
471
256
441
280
456
290
441
295
421
314
443
321
470
319
459
341
469
357
478
378
504
390
505
395
501
451
516
490
542
536
563
604
598
657
584
848
788
1006
558
1199
547
1873
1177
1448
2505
7839
6969
3696
11511
9150
5493
2121
4771
6242
8074
8688
6360
8021
9343
5832
15538
13492
5953
12964
6790
5116
5921
6875
5751
4468
4733
4372
4733
3966
2616
2053
547
5068
8607
6588
4791
10107
5298
6768
12441
5339
5644
9026
5549
3537
1448
711
615
854
160
659
235
526
281
453
302
400
310
357
320
308
308
281
347
235
297
240
290
232
307
217
312
209
315
190
316
185
315
172
325
179
313
181
334
146
345
164
340
170
329
158
359
154
385
126
370
143
385
148
401
147
415
163
455
155
460
140
480
138
505
155
520
150
570
146
591
208
725
155
462
553
1090
319
1214
930
1603
1362
201
2744
5208
8182
12973
12192
7230
5097
5522
5019
6089
5152
6315
14042
10918
5585
4525
6092
10353
7017
2300
3894
7738
2996
6548
2768
5504
9420
8022
5897
5662
5576
3481
3076
8414
7307
5860
10429
10083
3592
3340
6857
7083
4576
4084
3685
2231
801
1479
1585
114
664
328
561
308
469
307
390
314
334
343
314
340
326
307
264
336
272
312
254
307
237
315
235
312
223
312
213
328
225
300
201
337
209
343
207
356
231
318
198
342
197
364
223
361
232
370
229
390
239
399
244
411
250
428
258
454
267
465
260
515
314
544
312
580
349
644
325
729
612
517
511
1052
106
1685
1409
2487
2525
915
1216
3603
3446
984
2395
2806
2897
1741
4256
4539
5778
3253
4501
7740
2965
7291
8485
1763
6829
7316
9836
