14253
4104
3190
12974
9050
6244
4130
12335
7196
13719
9925
6392
6933
8465
11774
15737
10874
13448
15049
21745
28489
25036
92182
217888
56658
40797
23201
11509
33237
17331
1377
20088
2930
14702
8605
7121
5815
10597
10851
11822
11022
1123
2919
6306
6302
2496
2126
2804
2718
3052
2456
2442
2433
2372
2248
2187
2149
2079
2045
2011
1961
1941
1871
1844
1836
1811
1758
1753
1718
1702
1694
1661
1654
1616
1567
1601
1555
1494
1439
1067
1834
1618
1659
1634
1592
1605
1573
1578
1601
1596
1600
1608
1577
1576
1598
1620
1610
1626
1637
1644
1653
1679
1662
1717
1742
1719
1794
1770
1801
1808
1872
1893
1926
1920
2005
1955
2107
1937
2142
2310
1771
3630
3316
4311
3040
6474
6021
3017
8864
9966
4968
2469
11374
8247
7657
22540
7313
25201
7861
10573
6424
10232
21218
6377
10793
26373
11293
18036
18323
39800
81276
232008
53095
32299
26856
15620
15343
4181
6265
8070
21218
5201
2476
11855
4210
12551
15649
4507
10657
7986
3608
7710
5507
5141
4361
3327
3748
3735
3527
3488
3399
3295
3212
3117
3068
3014
2943
2912
2809
2792
2675
2675
2670
2598
2569
2539
2507
2477
2458
2427
2405
2384
2375
2358
2323
2371
2298
2602
2213
2246
2215
2276
2248
2196
2233
2241
2212
2243
2274
2251
2291
2282
2301
2310
2325
2338
2359
2375
2391
2428
2423
2477
2492
2539
2579
2625
2620
2668
2736
2780
2844
2917
2985
3024
3033
3023
2873
2926
3813
2740
2268
6212
6695
4403
1254
16095
14482
7589
11865
10025
3480
10762
3044
13271
7304
12106
24745
12873
13272
12718
11985
9437
1849
16736
21079
15180
37805
45362
89217
222763
48238
23110
21093
14183
22262
28162
20528
16588
23234
6706
5612
15373
15292
6499
21555
13904
4454
6178
7460
3705
2104
2047
2233
3045
3284
3199
2699
2892
2740
2718
2610
2561
2513
2476
2438
2398
2399
2332
2276
2284
2254
2205
2195
2175
2134
2127
2094
2085
2093
2056
2077
2061
2028
2039
2094
2513
1781
1871
1886
1935
1944
1988
1917
1963
1969
1979
1956
2019
2006
2015
2024
2068
2069
2100
2117
2130
2150
2154
2222
2211
2311
2308
2334
2346
2417
2492
2552
2597
2663
2745
2791
3001
2734
2723
3012
3891
4758
3148
5056
5500
2177
4855
7612
16288
2990
20936
13035
14635
15506
7889
6927
17734
12264
12654
8869
9245
20457
12875
5866
8259
21465
7709
11344
23297
36960
40144
98501
232266
47157
40470
13535
19382
2557
22441
9418
17327
3211
1528
11134
7958
17855
6887
3167
5840
7147
6823
3915
3971
3873
4758
2526
2206
2273
2127
2184
2136
2131
2019
1989
1920
1864
1809
1791
1720
1688
1638
1656
1590
1568
1537
1512
1491
1475
1452
1429
1410
1378
1361
1360
1327
1307
1242
1229
809
1591
1420
1413
1352
1337
1315
1298
1305
1334
1298
1307
1297
1295
1269
1301
1297
1291
1294
1301
1309
1293
1291
1330
1343
1358
1280
1348
1334
1369
1356
1364
1385
1384
1376
1337
1486
1485
1203
1211
1624
1414
391
968
1632
1569
7768
8676
11098
12613
16245
16922
10393
4303
12479
12687
12485
12782
10112
15597
8965
16329
11099
21260
10837
9476
10127
16379
13533
23122
42913
104388
223530
57151
22035
24095
12015
24240
7895
2100
15299
7102
11306
5818
13785
5014
9081
15262
3074
7988
11463
4823
2420
2825
1564
3065
2771
2881
2431
2496
2468
2295
2218
2138
2092
2052
1990
1946
1908
1845
1888
1811
1790
1784
1756
1729
1695
1695
1676
1659
1656
1622
1623
1626
1610
1632
1621
1720
2220
1241
1410
1504
1498
1473
1497
1597
1507
1478
1508
1535
1515
1544
1573
1576
1566
1594
1610
1614
1637
1641
1680
1631
1698
1751
1766
1751
1827
1833
1909
1901
1947
1982
2009
2102
2224
2120
2116
2214
3136
2364
3783
2471
3601
2836
2053
6714
5405
31684
6578
11891
6519
1462
11890
880
15149
8327
7985
1241
18848
5896
14225
17810
7252
21124
18306
18478
12897
20380
33835
102824
218728
38416
31088
24151
20131
17217
3816
3510
14230
8096
2231
6229
7873
6329
6290
6203
3653
4441
2393
5578
5762
3075
3021
3528
3367
3008
3099
2872
2666
2639
2565
2461
2396
2340
2293
2241
2198
2133
2127
2054
2030
1969
1952
1934
1896
1872
1854
1827
1810
1796
1795
1742
1729
1717
1689
1671
1449
1904
1773
1725
1725
1762
1700
1704
1738
1690
1723
1709
1699
1706
1710
1722
1738
1750
1762
1775
1796
1799
1815
1853
1869
1876
1927
1932
1943
1957
2004
2062
2081
2127
2152
2286
2283
2489
2219
2349
2571
2411
3068
3883
4571
3310
3403
3013
8008
12850
12803
2101
13968
2089
5245
8244
3511
9015
8629
12244
13513
3543
7671
9022
19875
9187
9314
18740
15608
23018
42975
96163
220035
56470
31057
30326
13558
9764
14061
10523
21058
4373
8556
12602
11622
14406
15852
1946
6849
7313
2512
6855
2780
2610
3524
3156
2339
2406
2276
2498
2237
2151
2158
2131
2080
2068
2008
1972
1987
1934
1913
1862
1853
1835
1798
1785
1763
1748
1741
1719
1722
1707
1685
1669
1681
1673
1652
1632
1615
1722
1710
1695
1653
1645
1694
1671
1668
1644
1697
1735
1735
1736
1719
1740
1756
1763
1778
1804
1812
1839
1862
1871
1923
1954
1950
2004
2029
2093
2103
2127
2205
2263
2312
2369
2534
2532
2297
2464
2101
3069
3771
4756
2889
5196
6752
8361
10471
5827
7361
14928
17571
4573
8541
8257
11625
617
12378
16188
15732
22478
13591
11945
15511
8462
19912
11578
28470
15379
34656
95709
218123
40611
28995
23444
16396
20742
4493
10560
4925
9892
10342
9791
9470
4756
812
6258
6222
4003
13278
6179
3316
2181
3415
3691
2027
1968
2360
2264
1956
2037
1964
1851
1798
1746
1721
1651
1670
1573
1541
1542
1518
1483
1456
1440
1423
1394
1387
1371
1353
1349
1326
1307
1338
1317
1320
1307
1757
1083
1154
1220
1147
1200
1180
1197
1194
1209
1222
1190
1206
1241
1220
1216
1238
1240
1237
1247
1254
1259
1263
1292
1335
1290
1288
1301
1334
1370
1351
1387
1413
1417
1490
1464
1616
1373
1421
1518
1689
1578
2822
229
5116
4328
7506
5098
14653
7375
7688
3640
6284
3987
3629
11703
12119
6350
1996
15656
10542
10441
4301
12683
16043
7459
13121
15729
34651
28842
46411
95024
217508
54234
29523
13730
29779
9044
16075
18856
13007
1952
7027
15841
4338
9101
1747
6569
11022
3227
5678
5762
7528
3830
3139
5395
3109
3353
3386
3166
3046
2959
2895
2766
2683
2614
2547
2476
2438
2405
2302
2280
2208
2212
2164
2124
2091
2055
2035
1999
1971
1933
1949
1923
1868
1854
1801
1732
1354
2098
1973
1916
1938
1885
1904
1840
1879
1799
1827
1840
1837
1849
1860
1850
1870
1875
1885
1889
1920
1944
1931
1937
1959
2041
2024
2035
2047
2029
2123
2150
2176
2204
2263
2319
2371
2466
1976
2732
2428
2456
3422
1573
2622
3652
5629
16757
3497
10687
3501
18593
14747
12063
9374
12583
10918
9462
6668
4427
5440
19974
8140
9503
16645
7463
24677
17948
16731
14719
42753
92291
228932
70682
25843
25552
14262
3241
9913
23197
8507
4897
5856
8344
8722
6850
17960
15673
598
10491
1381
8252
2826
2157
4883
3236
2696
2500
2657
2529
2467
2389
2314
2245
2172
2133
2113
2001
1963
1992
1880
1882
1835
1800
1815
1768
1740
1712
1698
1677
1653
1661
1635
1605
1608
1622
1633
1750
2192
1271
1408
1514
1482
1460
1463
1513
1504
1497
1487
1501
1504
1511
1519
1522
1531
1527
1540
1550
1546
1585
1588
1577
1631
1649
1638
1646
1661
1736
1740
1752
1756
1810
1863
1856
1822
1980
1591
1791
851
1801
2962
3000
1367
2292
7599
3172
3259
16319
10006
1502
17165
4134
4330
10117
9446
15587
9458
13132
5339
8029
8219
3800
8845
9297
13152
15037
17539
21598
45850
91918
221870
69952
17717
27409
15996
11526
4410
11286
10777
9675
10254
3540
10827
12719
4283
4980
8673
7434
11150
4187
3127
4499
3666
1939
2537
1976
2285
2171
2047
1904
1953
1881
1850
1816
1738
1691
1694
1632
1562
1605
1558
1520
1499
1475
1461
1434
1411
1390
1377
1371
1341
1322
1327
1256
1271
1130
852
1514
1388
1324
1333
1283
1258
1244
1259
1260
1263
1257
1247
1266
1270
1245
1258
1257
1261
1253
1261
1264
1241
1266
1268
1266
1284
1223
1275
1301
1294
1303
1279
1300
1305
1177
1431
944
1327
1212
1993
1662
1745
570
3814
6592
5416
3128
8283
3377
10647
18990
13526
4541
5853
8376
5831
8218
12193
14302
13726
3528
8614
18117
3298
17091
22257
12457
16810
25913
37417
93402
225206
51872
31720
32217
10005
25363
7464
8230
3536
5929
7111
9994
4623
5670
6882
1626
3621
6911
3537
6463
8595
4054
4149
3361
3856
2952
2962
2900
2808
2704
2602
2506
2423
2338
2287
2212
2204
2109
2045
1976
1955
1919
1892
1849
1831
1793
1771
1750
1716
1695
1665
1678
1650
1680
1655
1653
1926
1494
1512
1543
1528
1553
1572
1523
1537
1531
1520
1500
1500
1528
1509
1514
1525
1521
1537
1535
1544
1542
1546
1570
1568
1592
1588
1623
1627
1600
1655
1666
1668
1685
1660
1693
1692
1765
2178
1943
1964
2337
1864
2485
3619
6994
5510
7514
5912
3852
12290
14384
6505
10879
3242
13886
13165
6919
13634
13456
5334
4243
8505
12639
19420
8571
27981
17967
20781
15553
40999
84384
219801
53702
34334
19564
2376
12828
15820
16240
3081
2212
16197
12328
11501
8982
25619
12474
9911
5482
4057
1872
3305
4438
3865
2141
2087
2622
2325
2422
2315
2176
2123
2008
1958
1901
1876
1826
1787
1741
1728
1688
1665
1592
1625
1567
1546
1543
1531
1514
1503
1487
1484
1478
1466
1418
1480
1502
1869
1267
1325
1375
1349
1403
1381
1387
1387
1374
1359
1413
1415
1404
1412
1415
1420
1441
1456
1469
1486
1497
1487
1518
1528
1581
1579
1629
1645
1662
1731
1740
1779
1841
1869
1886
1927
2060
1745
2794
2845
2112
2405
2131
2168
1069
5634
6459
14597
14271
21262
4823
3136
7685
7635
9114
15151
11423
13677
7591
3870
9667
20761
11437
6759
9129
7829
9072
30454
33531
29855
92902
215421
59640
21802
10166
10745
14386
18257
8360
5664
11363
5514
8915
6282
14933
7040
9209
12570
5956
6907
4704
3390
3662
2373
2945
2760
2368
2451
2476
2298
2195
2161
2114
2049
2024
1972
1944
1899
1840
1780
1794
1728
1727
1680
1649
1632
1610
1587
1564
1539
1528
1492
1497
1459
1447
1427
1371
1010
1683
1511
1517
1510
1457
1481
1445
1458
1425
1426
1411
1434
1408
1424
1433
1433
1430
1441
1444
1457
1457
1478
1465
1479
1482
1514
1491
1526
1520
1558
1620
1600
1624
1632
1687
1647
1738
1775
1318
1695
2988
1304
178
2142
2010
3396
5006
3557
6379
2208
16774
10577
9276
805
2751
1084
12997
1844
7894
12340
6510
11835
18836
18396
16181
25577
14308
18776
25044
39256
92647
225441
56173
27256
32494
19148
14972
7830
6181
18940
10008
14780
11007
5328
14765
13430
6987
3689
8307
1359
5337
1278
3406
1512
2420
2868
2287
2224
1901
2144
2166
2066
2037
2004
1968
1902
1915
1849
1868
1810
1811
1779
1762
1746
1733
1708
1700
1679
1662
1662
1643
1631
1634
1644
1661
1655
1743
2238
1285
1442
1498
1514
1531
1566
1548
1540
1579
1539
1589
1602
1597
1604
1617
1645
1645
1658
1678
1710
1718
1743
1780
1796
1835
1863
1873
1948
1947
1985
2042
2088
2134
2209
2228
2236
2495
2406
2378
2745
3674
3305
1397
5064
3047
9888
12130
18179
2691
6305
12040
7358
5782
11300
10820
15523
2073
2077
12253
19547
4900
11642
5520
12528
1534
2427
13270
19397
22219
41751
108845
213402
46577
40165
30654
4781
20286
7228
13886
9227
19221
9173
12820
18255
22602
19475
4589
14940
6164
1247
6819
3519
3484
3793
3936
2200
2471
2266
2500
2085
2296
2091
2078
2023
1952
1943
1902
1836
1794
1798
1777
1717
1704
1680
1683
1652
1626
1602
1586
1567
1543
1555
1507
1517
1450
1414
1396
1003
1787
1612
1529
1531
1527
1492
1529
1542
1520
1510
1499
1499
1540
1521
1546
1533
1550
1559
1572
1588
1595
1620
1619
1670
1627
1680
1680
1760
1748
1762
1843
1856
1900
1911
1960
2041
2077
2344
2587
2285
2785
2308
2377
2111
5880
1238
7239
11446
10370
9207
2284
8466
16705
9550
8608
12516
13405
11340
12132
8670
6149
1250
3721
10769
13418
10702
17458
21040
12958
45990
93933
218606
52766
26263
7499
12082
23513
8597
7982
3701
18974
11741
4783
14515
9584
10265
13633
5432
18978
9214
3160
6366
5247
4563
3603
4480
2804
3023
2996
3062
3030
2891
2806
2721
2646
2581
2534
2485
2383
2382
2378
2265
2242
2183
2161
2141
2112
2079
2072
2027
2012
2004
1992
1973
1943
1942
1953
2200
1835
1833
1836
1831
1882
1839
1883
1801
1888
1891
1858
1853
1878
1867
1879
1879
1905
1905
1923
1929
1936
1963
1957
2027
1987
2075
2072
2113
2140
2172
2208
2225
2280
2341
2416
2425
2381
2446
2682
1472
2839
2930
3229
2633
2763
6350
11274
8237
20647
9530
18005
17919
9775
6520
11442
3348
6011
8380
8813
1660
6206
18969
17383
15098
17433
15120
13777
20960
27920
45728
84911
217994
55804
37003
20662
13058
27270
4923
12686
8380
7810
10207
10440
11797
11558
8352
6566
15293
3692
4590
3689
4514
4860
4446
3709
4097
3639
4062
3389
3375
3368
3259
3141
3047
2984
2894
2829
2796
2706
2643
2603
2576
2514
2472
2435
2401
2360
2335
2307
2283
2278
2239
2189
2229
2209
2232
2210
2437
2030
2076
2087
2059
2091
2085
2016
2055
2066
2034
2058
2053
2059
2051
2078
2086
2089
2114
2120
2139
2149
2155
2177
2173
2240
2274
2256
2288
2335
2336
2375
2414
2445
2473
2533
2570
2658
2425
2129
2878
2441
3451
1487
2583
4259
3211
3245
14845
8060
3431
4806
13768
13359
11145
9220
811
11373
14985
7179
16541
7823
23353
13881
12517
23131
3209
5278
26128
20245
43533
94558
231240
50040
34055
16613
20798
24580
18447
2742
7109
17388
6587
7460
14163
502
4850
18372
11281
16614
1281
6141
3879
4209
3935
3600
4183
3624
3223
3063
3015
2924
2889
2741
2667
2598
2542
2463
2414
2369
2331
2218
2232
2204
2157
2118
2088
2053
2029
2001
1974
1954
1926
1882
1865
1864
1817
1740
1234
2145
1989
1913
1925
1902
1885
1877
1869
1845
1845
1834
1871
1859
1867
1875
1886
1889
1907
1917
1919
1940
1955
1976
1991
1996
2032
2065
2095
2113
2146
2199
2216
2261
2308
2330
2467
2375
2463
2670
3565
3269
4020
3981
1849
9436
5991
2117
13369
10212
574
11387
4100
12064
6688
4704
5664
8478
2480
1903
13940
7896
11238
7697
15507
13573
20329
19198
35165
19325
42848
101011
223436
54307
27576
34798
16359
10390
13573
20327
6469
11613
8807
4252
4070
5207
15073
12521
20271
6009
6806
2010
4141
4808
4207
3817
4028
3329
3174
3110
3000
2988
2877
2791
2727
2671
2613
2562
2509
2437
2435
2343
2388
2331
2270
2264
2235
2206
2180
2170
2148
2136
2126
2107
2102
2129
2115
2188
2683
1710
1881
1941
1883
1945
1943
1984
1959
1955
2000
2003
2033
2023
2029
2053
2070
2083
2086
2112
2124
2168
2185
2203
2237
2251
2303
2351
2323
2353
2435
2454
2522
2554
2643
2691
2780
2778
2684
3024
2623
2972
4036
3746
3928
3368
1443
5592
7858
7459
11586
5122
13216
21894
11113
10767
15889
15772
8042
7594
19307
1047
11615
11813
9174
1545
13534
13156
2768
28002
34170
88905
216138
56731
38023
12230
26943
20301
16025
9737
8363
5281
12165
11806
8526
16355
15295
5237
6399
6758
4355
9680
1769
4543
2828
3492
3510
3020
2881
2918
2533
2539
2430
2348
2275
2211
2187
2107
2102
2007
2032
2017
1966
1912
1884
1877
1851
1820
1800
1781
1771
1744
1725
1706
1675
1689
1649
1579
1398
1885
1726
1740
1694
1726
1729
1678
1697
1701
1703
1689
1694
1733
1749
1751
1757
1771
1783
1805
1823
1859
1863
1874
1914
1942
2004
2004
2053
2117
2132
2191
2246
2309
2376
2452
2704
2648
2731
2931
3143
3176
3831
4904
3716
4871
8946
5368
3252
8646
4948
14779
1813
8764
13949
3759
9497
6966
14160
8533
9674
8764
2866
13816
14371
11413
14987
24465
19740
25867
34551
102950
229262
40128
34154
21017
15017
9410
12308
19985
9441
6575
10467
3356
7200
17036
11105
14235
13106
8797
2841
6353
5218
4613
7311
4730
4266
3842
3964
3522
3562
3413
3246
3161
3050
2944
2945
2797
2727
2632
2615
2547
2498
2465
2420
2406
2346
2314
2279
2245
2212
2189
2167
2146
2114
2103
2069
2088
2145
2084
2021
2053
2049
2009
2041
2036
1998
2020
2003
1988
1992
2042
2022
2023
2021
2038
2043
2054
2060
2088
2081
2105
2141
2177
2165
2197
2259
2249
2286
2344
2367
2416
2456
2444
2548
2709
2607
2768
2496
2976
3059
3740
4763
4421
1866
8535
8722
13211
12246
3711
9504
10063
21249
1834
15612
9541
13078
26652
6088
1924
10697
14222
16791
17886
19348
15641
12735
18073
44511
93859
223365
44278
17032
46884
18220
13008
16607
17972
10599
3181
21138
17297
19030
9479
9209
7293
6627
9168
1797
5369
2583
6524
3630
3726
3197
2946
2955
2935
2693
2744
2640
2572
2515
2455
2397
2331
2336
2210
2222
2184
2152
2117
2074
2056
2035
2006
1975
1957
1949
1910
1892
1907
1896
1922
1901
1920
2247
1694
1720
1768
1762
1778
1765
1739
1752
1754
1781
1776
1766
1793
1795
1811
1820
1829
1832
1842
1879
1877
1901
1920
1908
1984
1965
1995
2025
2036
2067
2139
2166
2211
2265
2268
2336
2282
2331
2254
2823
2827
3411
4385
2770
4037
7776
6288
10738
10350
3672
6790
15655
8267
17337
1551
4635
12843
9407
7056
15241
9964
9230
15302
15304
18307
14469
5801
9322
32984
38812
85143
218459
56095
32654
25698
5159
21094
10160
1642
7567
1375
20393
25017
21331
8927
8154
9921
9773
5283
9927
3490
6801
4527
4557
3118
3893
2867
3119
3185
3018
2868
2729
2663
2589
2524
2478
2394
2383
2335
2218
2216
2173
2130
2092
2064
2057
2010
1983
1968
1930
1921
1887
1863
1864
1815
1780
1709
1209
2074
1940
1915
1849
1863
1854
1861
1842
1848
1822
1806
1828
1863
1829
1844
1865
1861
1872
1892
1899
1919
1932
1953
1985
1962
2040
2004
2062
2118
2134
2140
2188
2245
2250
2291
2421
2480
2266
2680
2842
2855
3348
1729
1982
4073
5035
6583
7979
4774
7551
12569
10966
10886
15134
11523
7091
9621
1788
14688
5668
9154
11973
12339
12809
16988
12195
22999
31919
18216
46240
104392
222918
53210
25109
5121
5675
17173
15486
9003
15511
12457
4387
9215
6150
8560
1459
8715
7933
3940
10111
2182
6098
2613
2604
4515
3062
3118
3058
3312
3008
2898
2848
2695
2601
2540
2440
2374
2352
2256
2238
2156
2138
2108
2072
2026
1992
1973
1938
1931
1893
1861
1849
1862
1826
1809
1840
1904
2389
1431
1604
1653
1625
1658
1695
1686
1675
1671
1664
1640
1693
1670
1688
1686
1687
1694
1710
1712
1735
1763
1738
1764
1776
1811
1836
1861
1838
1870
1902
1923
1943
1984
1959
2079
2049
2177
2456
2023
1601
2543
2475
2578
1450
5423
6673
4342
5341
7269
11850
13012
2066
19748
9913
4150
10521
3387
9563
9116
16998
16447
8435
2710
9457
13047
2002
12996
14439
36531
41838
100148
228360
45711
34230
37980
20794
22726
4440
16121
14764
7409
17709
14365
13992
10092
15862
12332
16882
11996
3450
908
2262
1965
759
1721
886
2085
1932
1782
1702
1668
1645
1604
1572
1550
1545
1499
1509
1476
1420
1386
1376
1367
1374
1324
1323
1314
1302
1296
1281
1273
1264
1228
1235
1162
1171
1138
943
1473
1337
1318
1250
1226
1256
1203
1252
1235
1237
1234
1248
1249
1253
1256
1262
1276
1283
1294
1299
1325
1312
1318
1362
1384
1400
1404
1414
1482
1456
1527
1521
1553
1555
1625
1767
1578
1539
1874
2262
1091
2099
2451
3087
5083
2760
5046
5985
7875
11750
11546
2645
18902
8647
5139
5729
9002
8010
4431
7105
6613
10268
16030
16832
17320
18113
16346
11630
35485
47283
88849
216301
43890
13830
24036
19713
12648
7596
16005
11773
12277
11912
4175
16702
7012
14282
3298
7155
11610
6852
5598
5340
6076
4358
4222
3894
3560
3743
3583
3375
3229
3152
3064
2959
2875
2797
2760
2669
2614
2532
2525
2447
2407
2350
2318
2308
2265
2244
2212
2192
2172
2141
2105
2126
2086
2086
2063
2311
1942
1985
1939
2013
1985
2006
1991
2010
1997
1981
2021
1975
2012
2007
1999
2025
2056
2062
2080
2106
2116
2146
2184
2187
2215
2210
2291
2300
2373
2360
2442
2471
2531
2578
2664
2723
2790
2934
3067
3080
3876
2975
5087
5806
5835
8458
4886
13348
14413
1938
6087
14273
5433
15942
8343
13765
18849
5527
6046
11796
18829
12471
6024
18978
14987
22459
23778
18513
22540
41647
97511
223794
46532
26041
31223
8934
18303
8829
17831
13234
7805
7118
9502
7819
8400
15688
17126
10575
6562
6101
9325
6469
5268
2966
5201
3747
4111
3474
3448
3447
3077
3007
2952
2849
2777
2708
2642
2571
2515
2404
2375
2374
2322
2283
2244
2209
2175
2152
2122
2097
2093
2047
2053
2041
2037
2031
2087
2410
1800
1846
1906
1884
1927
1911
1960
1916
1902
1889
1903
1922
1913
1917
1937
1956
1962
1978
1994
1998
2018
2061
2041
2052
2129
2127
2166
2200
2215
2291
2284
2338
2399
2441
2477
2482
2502
2775
2352
3047
2623
3282
3809
4064
3440
4438
1206
16495
13693
7605
6987
9910
8519
9113
11463
3842
5422
13557
8634
7722
8589
16049
8536
4431
10530
10838
4231
17086
23288
57924
91398
219279
55797
17125
30551
11143
10497
10609
9479
9747
4692
14068
11074
10782
6477
6530
9538
10712
6890
8940
4542
6245
3745
4164
3039
2440
2598
2745
2600
2530
2479
2436
2350
2300
2245
2165
2155
2080
2043
1972
1968
1928
1895
1891
1843
1802
1792
1762
1739
1727
1702
1687
1659
1642
1601
1586
1491
1015
1872
1786
1667
1641
1668
1645
1655
1594
1575
1604
1627
1603
1586
1596
1605
1617
1616
1623
1634
1629
1652
1668
1671
1670
1677
1724
1705
1747
1774
1808
1827
1824
1870
1835
1919
1958
2083
1725
1894
3189
2204
1556
2445
2525
2173
4886
4692
2471
11158
7364
9758
11562
20197
8070
8000
13024
10926
5601
10589
11266
12031
8264
5271
9660
25178
21194
24281
11422
34541
47081
79378
223565
43261
31237
24680
27044
19241
9538
4237
6526
3879
1999
16462
11406
3617
3033
12457
5951
6712
4532
3107
4142
2588
2729
3226
2483
2813
2338
2539
2385
2326
2315
2239
2195
2170
2116
2078
2070
2012
1977
1932
1950
1935
1907
1873
1853
1834
1831
1808
1789
1777
1775
1776
1796
1785
1795
1831
2309
1505
1578
1612
1668
1647
1678
1664
1705
1702
1726
1692
1715
1734
1768
1770
1794
1802
1821
1834
1843
1850
1907
1914
1941
1997
2050
2069
2082
2104
2155
2221
2269
2310
2347
2422
2499
2602
3001
2867
3374
3307
2680
3942
3661
4693
9383
15245
10413
7420
4276
23584
17341
5983
5402
6630
12223
9926
9394
4153
7644
11487
5068
11971
10313
9236
9143
14549
13339
16534
39800
99106
229173
54022
35451
22590
16605
12583
15910
5535
8618
2595
6194
15957
9376
16294
13110
11473
14394
2794
2881
1893
3682
1081
2174
1732
1835
1754
1685
1561
1385
1569
1571
1553
1523
1526
1519
1521
1426
1432
1444
1383
1376
1407
1379
1368
1358
1336
1336
1319
1324
1312
1294
1292
1271
1271
1232
1232
1146
1420
1357
1287
1311
1279
1313
1288
1313
1307
1335
1320
1307
1318
1344
1343
1351
1372
1380
1385
1404
1405
1413
1491
1502
1492
1492
1548
1555
1568
1567
1639
1682
1733
1745
1765
1877
1894
1900
2292
2088
2557
4349
3494
2787
2653
5347
5293
10874
18298
9597
8376
5728
3803
6942
5063
2432
11375
5270
4686
8189
19681
10615
21679
3246
11858
13647
16595
13427
29372
48699
107372
214923
46698
45005
18822
27541
11857
16121
12414
16657
9264
6828
12780
8594
7846
14146
7224
11043
7865
8680
1722
2533
3130
3591
2899
2068
2106
2380
2271
2211
2120
2047
2001
1926
1892
1853
1800
1756
1703
1694
1673
1633
1621
1593
1550
1533
1521
1497
1480
1476
1447
1452
1437
1402
1405
1448
1437
1685
1352
1359
1353
1353
1334
1305
1347
1311
1354
1351
1348
1342
1377
1353
1363
1363
1376
1387
1391
1402
1398
1423
1467
1460
1495
1503
1508
1530
1528
1533
1590
1605
1627
1658
1532
1698
2078
1724
1244
2161
2946
993
1780
3378
4110
4388
7632
4453
12153
11322
12107
4699
9585
12503
11856
3336
7574
3926
14473
3598
2371
4128
14015
10771
5496
9552
19663
23452
30280
25133
104987
222645
64497
34150
17778
9202
11443
5415
1882
6526
6402
7970
10729
4459
5048
6236
15237
2841
8986
2136
3862
3199
5671
6123
5116
3805
3251
3667
3574
3415
3229
3091
2983
2919
2824
2758
2682
2665
2581
2516
2497
2414
2377
2328
2286
2245
2223
2202
2170
2145
2126
2106
2080
2074
2065
2083
2078
2346
1888
1948
1924
1917
1910
1937
1935
1907
1911
1902
1912
1921
1899
1959
1921
1947
1955
1962
1970
1982
2000
2011
2039
2041
2071
2064
2088
2063
2177
2187
2191
2222
2239
2260
2259
2544
2264
2254
2429
2297
2592
2079
1426
7334
5566
3732
2771
1539
6735
12544
6047
9692
3446
9198
13332
7200
19590
6861
26075
14128
15083
19165
15010
16251
10897
9820
20319
19977
25923
42492
87343
216354
51246
21628
35926
13846
24127
24616
18822
10967
10564
19428
10544
5164
15381
7939
12501
5739
16765
6036
2357
5478
4517
2351
2326
2292
1910
2331
2082
2068
2062
2000
1938
1902
1874
1818
1763
1727
1735
1691
1641
1629
1589
1588
1545
1546
1516
1496
1484
1467
1438
1455
1404
1392
1378
1359
1271
799
1656
1524
1474
1453
1447
1477
1435
1403
1419
1358
1397
1418
1395
1420
1427
1418
1436
1451
1464
1456
1479
1502
1484
1506
1523
1563
1594
1563
1625
1672
1714
1700
1733
1764
1769
1814
1931
1791
1889
2621
3373
2624
2829
2783
3867
5014
578
5836
12169
9962
5670
9978
9293
9326
7674
14878
10257
10014
16114
9652
1413
15486
8900
5152
21178
27889
29067
18489
28731
50398
101797
215485
57720
38365
16273
13744
11826
18936
4273
11901
10343
17075
16647
9663
14266
6992
9346
15321
2858
3352
4373
3934
1999
2535
1906
2806
2219
2426
2513
2292
2232
2137
2138
2081
2035
1970
1955
1940
1868
1846
1820
1785
1782
1755
1749
1719
1687
1676
1665
1652
1633
1647
1630
1620
1617
1662
1719
2188
1232
1391
1465
1485
1496
1496
1477
1534
1503
1539
1506
1521
1535
1524
1553
1554
1566
1574
1593
1613
1622
1647
1669
1700
1706
1729
1725
1761
1870
1808
1884
1938
2005
2039
2073
2162
2173
2524
2525
2153
1837
2701
4092
3597
8905
1711
10078
7525
2727
8545
9934
9530
13274
6947
7471
10332
10719
6812
15971
5306
25274
10187
5697
7329
11709
10460
5075
14589
35947
37910
87719
212932
38104
33622
19653
26603
27888
17076
15290
8926
14113
11708
8101
12614
13920
17527
9946
12516
10901
3946
5213
812
3680
3323
4247
3141
3278
2638
2626
2340
2361
2311
2245
2168
2110
2068
2010
2009
1921
1899
1826
1799
1794
1782
1723
1707
1669
1650
1616
1613
1582
1547
1521
1492
1487
1437
1432
1036
1717
1565
1564
1516
1485
1518
1510
1496
1468
1476
1502
1458
1471
1493
1484
1495
1491
1493
1505
1517
1513
1530
1567
1544
1540
1589
1607
1604
1624
1638
1668
1676
1701
1731
1739
1648
1749
1967
1788
2760
1343
2243
743
1141
2810
4881
3796
3876
15243
6987
8260
8180
10654
6048
13866
9092
7380
6714
6454
20324
8628
26606
14457
11449
15463
16247
11428
24930
27801
29939
94861
221998
40881
37410
14331
12495
19453
4962
587
13315
21639
8166
3697
13861
6897
23979
4863
10453
9729
4527
4777
4257
7039
5068
4441
3999
3775
3431
3387
3326
3225
3118
3003
2918
2845
2774
2742
2616
2548
2532
2477
2446
2398
2361
2317
2284
2261
2232
2211
2184
2141
2125
2130
2086
2093
2103
2096
2348
1945
1951
1950
1999
1988
1968
1950
1945
1968
1993
1958
1991
1986
1989
2000
2000
2012
2029
2035
2064
2070
2097
2112
2148
2141
2153
2179
2192
2234
2264
2296
2345
2367
2441
2384
2543
2859
2788
3603
2275
2382
1472
1558
530
3448
6533
4928
8698
6918
15756
7477
5634
11595
2871
9440
5272
14378
12564
9016
14364
22265
13969
10489
10205
8561
15563
9833
17844
7622
17771
99726
228593
62437
28143
21045
16382
3273
19067
19348
16231
11292
17750
9240
7001
8476
9832
10769
21949
4500
3831
3551
2351
3900
3760
2173
2404
2974
2859
2410
2388
2354
2401
2307
2251
2211
2176
2093
2063
2067
1990
1965
2007
1946
1889
1869
1866
1844
1822
1809
1797
1788
1756
1759
1780
1747
1755
1812
2105
1573
1671
1695
1677
1680
1678
1628
1671
1670
1638
1657
1677
1702
1723
1716
1723
1746
1750
1755
1784
1786
1807
1871
1858
1868
1916
1945
1974
2006
2017
2072
2103
2140
2204
2139
2391
2028
2467
2294
2611
2047
3332
2627
2963
2667
3154
10075
8694
12352
11901
18933
3243
11467
10959
7843
5652
2023
8748
4664
12817
17658
21211
7836
7766
20590
7458
12219
10847
27032
36836
93545
220975
54116
20323
17998
15980
10064
13339
9541
16761
12338
13514
9978
13232
12862
9275
7044
10007
12642
6786
2807
5471
3726
2661
2347
3026
2520
2387
2419
2252
2262
2301
2253
2198
2144
2115
2089
2030
1995
1936
1923
1895
1898
1848
1841
1802
1786
1773
1747
1729
1710
1693
1687
1667
1663
1631
1530
1167
1913
1757
1742
1681
1709
1686
1653
1727
1697
1704
1671
1728
1695
1710
1728
1747
1752
1765
1776
1786
1808
1819
1860
1871
1919
1955
1950
2022
2097
2122
2142
2191
2251
2320
2372
2455
2726
3032
3126
2246
2723
4215
6449
3451
3676
5693
6271
1510
7710
8031
11843
8718
6503
5176
4281
8422
6087
7822
3000
17014
6264
23346
9196
27209
2469
12330
17145
26423
18589
30499
91673
219921
47612
29298
13141
14952
35264
3896
6531
12383
787
6012
3978
8103
7981
9960
14208
7195
8879
1272
3706
5274
3052
2564
3547
1915
3081
2586
2214
2198
2258
2251
2171
2099
2078
1967
1993
1979
1917
1863
1864
1817
1793
1752
1754
1724
1707
1691
1663
1652
1638
1631
1649
1621
1595
1647
1693
2204
1279
1442
1486
1443
1468
1468
1452
1528
1531
1484
1499
1501
1531
1516
1537
1546
1566
1572
1581
1584
1600
1644
1664
1680
1684
1706
1747
1780
1761
1785
1853
1866
1904
1920
2028
1956
2050
2399
2424
2708
3047
895
2438
4247
4967
1775
3578
10794
7351
13261
10213
14296
3505
10824
8706
19562
4954
13557
11018
9791
11391
20861
10788
5661
23151
16624
18669
28973
19821
32322
105619
228224
43639
15754
24942
22498
18577
7137
8635
16043
7005
9158
7116
6428
6198
8567
10828
12778
5790
2908
6900
4985
3522
2801
2649
2389
1896
2114
2143
2122
1925
1814
1739
1697
1654
1617
1572
1531
1599
1532
1483
1462
1417
1407
1384
1368
1342
1329
1320
1300
1284
1276
1248
1229
1206
1231
1160
823
1454
1324
1256
1277
1248
1216
1219
1287
1257
1273
1256
1274
1254
1227
1265
1267
1282
1287
1291
1304
1335
1330
1358
1380
1376
1384
1441
1469
1478
1499
1512
1551
1599
1616
1710
1389
1906
1892
2019
2011
2228
2779
959
4296
3796
2219
2374
8920
4394
862
13660
7311
2813
10724
2845
10899
14869
22896
4044
11266
9102
14181
5276
21186
13676
17582
2377
20652
33177
38120
89216
212861
49549
24493
5968
19215
19980
19294
3345
11375
10840
4949
8027
11737
6749
11722
10852
5369
563
7151
10071
1070
2155
1609
2371
2691
2584
2351
2301
2049
1935
1937
1896
1870
1819
1769
1746
1677
1701
1698
1629
1599
1608
1579
1565
1525
1530
1512
1491
1493
1473
1465
1467
1465
1431
1443
1484
1787
1278
1333
1378
1384
1411
1383
1347
1361
1364
1367
1384
1406
1389
1398
1394
1409
1424
1443
1447
1467
1496
1501
1506
1518
1546
1588
1643
1616
1643
1707
1730
1776
1811
1844
1872
1974
2282
2340
2408
1949
2318
3626
1277
1334
5157
1463
2563
7268
7365
12646
10710
1282
1971
8078
3511
6629
9600
8411
561
13335
13715
17221
4089
9081
14694
15235
26617
14902
24339
39337
100476
219737
57542
36468
19998
12227
8073
10369
26311
10145
10403
8948
13851
17192
15805
5058
15895
8442
1427
3085
2853
4062
1184
1790
1806
1886
1798
1997
2121
1944
1977
1877
1843
1822
1828
1769
1764
1701
1741
1702
1677
1674
1662
1622
1615
1605
1592
1589
1574
1563
1543
1552
1549
1580
1532
1563
1539
1742
1487
1493
1507
1517
1526
1514
1515
1592
1534
1552
1563
1571
1601
1590
1624
1627
1655
1665
1678
1706
1718
1750
1791
1800
1830
1834
1903
1950
1989
2031
2064
2132
2189
2297
2348
2409
2565
2948
3030
2393
3180
2771
3525
3382
5464
9532
9116
3217
8797
5023
5211
9424
3331
4439
5084
9260
10438
16307
5510
13192
18493
10272
20555
8934
13926
16444
9639
11142
32461
49589
96311
