649
837
1052
1364
1780
2074
2169
2070
2009
2030
2080
1960
1668
1278
951
725
499
120
-510
-1253
-1894
-2178
-2187
-2089
-2059
-1967
-1716
-1308
-994
-911
-978
-938
-679
-284
91
360
605
903
1308
1687
1934
1924
1803
1720
1821
1956
1910
1508
846
145
-403
-717
-877
-972
-1153
-1421
-1670
-1652
-1242
-523
165
492
399
115
-82
-98
-63
-118
-266
-375
-305
-28
331
554
502
220
-70
-170
-68
82
59
-222
-685
-1090
-1198
-894
-331
185
403
302
86
-27
-48
-147
-416
-695
-701
-311
226
503
318
-150
-495
-435
-65
264
275
-4
-283
-292
-75
85
-23
-300
-471
-371
-119
48
49
-9
22
162
277
218
-3
-207
-171
149
532
654
380
-112
-464
-444
-151
119
146
-33
-199
-177
-28
43
-58
-200
-191
-5
245
441
564
585
428
70
-335
-551
-443
-77
323
520
441
201
9
-21
55
96
20
-126
-248
-280
-297
-407
-625
-791
-750
-488
-186
-16
22
59
138
161
10
-273
-449
-292
201
767
1089
990
589
151
-52
49
260
284
-20
-482
-773
-681
-320
24
161
123
49
23
39
59
118
258
452
566
455
91
-357
-614
-529
-187
118
140
-58
-180
-28
282
433
248
-86
-231
-38
312
562
586
485
390
343
278
176
82
55
84
139
194
274
375
405
247
-74
-361
-389
-117
248
427
289
-69
-428
-589
-504
-261
-13
137
212
292
451
645
764
692
451
167
15
64
194
193
-27
-322
-455
-315
-51
107
84
1
9
124
257
320
295
200
125
173
384
617
625
284
-246
-636
-646
-285
194
482
442
185
-29
-38
125
285
315
205
31
-124
-250
-369
-503
-601
-593
-431
-184
19
49
-112
-355
-511
-440
-128
310
673
798
631
311
50
-36
-15
-109
-432
-831
-966
-708
-254
4
-108
-412
-571
-442
-144
85
102
-90
-363
-584
-661
-592
-423
-228
-53
97
227
328
358
305
191
59
-67
-162
-185
-76
159
413
526
451
276
221
403
725
899
755
375
35
-76
-18
12
-38
-47
118
405
596
498
129
-299
-540
-471
-126
326
678
766
622
410
252
106
-108
-331
-356
-67
381
672
640
359
60
-90
-35
163
365
407
194
-193
-518
-565
-375
-175
-141
-212
-190
16
293
442
436
388
398
415
308
20
-344
-586
-589
-381
-143
-46
-106
-174
-57
276
580
534
104
-389
-540
-244
206
427
290
-38
-330
-472
-507
-503
-517
-527
-491
-362
-160
39
120
41
-98
-135
-49
14
-58
-177
-179
-39
38
-126
-438
-610
-462
-72
262
287
3
-345
-495
-371
-155
-67
-197
-420
-544
-454
-191
105
327
446
494
473
381
232
49
-144
-348
-522
-591
-489
-238
65
273
277
122
-25
-6
163
288
196
-72
-299
-348
-265
-223
-299
-393
-340
-129
85
149
64
-65
-158
-258
-413
-565
-564
-320
94
475
621
496
221
-8
-82
-56
-68
-160
-227
-115
189
505
593
394
56
-204
-276
-221
-157
-161
-209
-302
-445
-617
-700
-526
-40
513
735
418
-231
-703
-617
-55
536
754
524
157
17
206
485
521
204
-259
-548
-508
-223
83
235
181
-4
-185
-248
-172
-28
43
-44
-175
-127
189
572
671
316
-313
-835
-1023
-886
-622
-394
-271
-211
-148
-48
72
161
109
-155
-555
-844
-804
-426
20
237
157
-41
-137
-68
62
112
30
-123
-203
-95
200
517
640
468
98
-259
-433
-370
-102
277
584
613
330
-70
-263
-95
275
520
464
191
-56
-111
14
171
266
303
363
461
523
434
171
-156
-447
-653
-820
-937
-932
-711
-336
17
205
236
210
185
75
-208
-631
-981
-1090
-917
-586
-239
38
218
280
204
-16
-327
-635
-796
-731
-456
-85
249
446
448
246
-86
-378
-455
-309
-96
-18
-121
-265
-267
-87
151
334
436
533
645
691
544
227
-87
-232
-201
-79
75
273
476
526
287
-140
-462
-449
-138
152
121
-272
-750
-1018
-951
-679
-377
-189
-151
-229
-313
-276
-74
155
213
30
-255
-398
-260
39
232
118
-254
-660
-851
-771
-513
-246
-65
36
117
227
340
427
462
465
429
381
341
362
429
415
179
-268
-703
-832
-523
25
442
476
172
-167
-258
-23
372
615
472
28
-365
-411
-150
51
-89
-446
-624
-383
136
557
599
325
22
-74
30
136
75
-148
-365
-364
-60
419
786
766
306
-347
-811
-884
-643
-371
-261
-315
-380
-347
-219
-126
-182
-387
-580
-583
-346
-52
62
-44
-173
-56
353
807
949
663
142
-297
-466
-389
-191
-12
54
26
22
225
646
1072
1186
885
339
-132
-324
-192
163
588
885
931
721
362
-37
-448
-826
-1077
-1066
-786
-349
64
319
371
252
25
-220
-380
-365
-230
-120
-155
-281
-334
-214
-16
84
-37
-330
-572
-509
-72
511
874
794
395
-17
-173
-27
241
368
206
-152
-461
-525
-333
-19
239
314
220
87
78
223
322
131
-354
-824
-899
-467
135
418
175
-346
-664
-485
40
481
524
210
-189
-433
-522
-575
-626
-559
-342
-104
-60
-245
-437
-366
13
466
683
507
23
-513
-838
-809
-467
13
354
350
-7
-489
-791
-734
-386
41
338
407
274
47
-192
-405
-560
-572
-411
-157
-20
-126
-417
-671
-745
-629
-431
-232
-75
32
89
105
55
-94
-351
-608
-689
-481
-132
78
-10
-263
-359
-106
323
547
319
-242
-759
-892
-617
-170
154
223
93
-84
-214
-287
-340
-372
-359
-280
-211
-244
-324
-254
147
784
1285
1268
730
27
-376
-280
102
359
231
-181
-521
-492
-89
419
715
648
282
-183
-525
-597
-429
-179
-18
23
48
144
295
405
392
230
-10
-196
-187
38
332
477
353
29
-276
-356
-198
25
116
30
-114
-179
-144
-85
-106
-229
-354
-318
-50
324
557
485
192
-88
-202
-178
-115
-52
45
180
231
75
-216
-393
-248
166
573
707
493
52
-381
-578
-432
-38
312
359
72
-331
-539
-389
16
389
478
245
-120
-366
-349
-100
160
199
-7
-235
-179
227
754
1056
1008
708
383
175
55
-98
-357
-628
-674
-335
278
805
876
397
-316
-777
-717
-263
146
164
-185
-549
-581
-228
255
541
473
136
-223
-369
-205
168
492
532
275
-75
-294
-320
-248
-169
-92
-4
74
109
146
240
335
289
28
-335
-539
-397
-41
194
56
-370
-753
-801
-567
-327
-392
-785
-1194
-1177
-611
173
572
268
-479
-1050
-1038
-517
48
253
102
-73
37
400
746
818
606
272
16
-63
20
144
162
23
-182
-300
-234
-14
262
475
536
397
132
-103
-166
-51
103
154
100
39
56
132
183
141
4
-169
-306
-346
-273
-119
38
122
117
67
54
112
239
374
429
325
76
-195
-326
-248
-43
141
182
56
-133
-223
-101
178
394
347
12
-428
-722
-702
-394
31
338
382
205
-10
-93
-28
63
66
-3
-36
58
257
433
432
208
-136
-407
-463
-354
-239
-249
-350
-413
-336
-179
-78
-106
-190
-236
-219
-189
-169
-119
-2
140
220
155
-64
-302
-349
-81
374
712
689
362
-10
-183
-114
39
83
-34
-189
-211
-45
198
338
316
208
127
99
89
67
33
-21
-144
-342
-521
-539
-333
18
311
361
150
-154
-274
-56
377
695
641
239
-207
-385
-203
172
475
521
294
-75
-392
-514
-406
-138
139
281
237
71
-97
-185
-168
-58
90
188
174
72
-18
-34
27
124
186
137
-81
-403
-648
-639
-385
-59
102
-6
-274
-457
-373
-46
293
401
219
-91
-281
-212
52
308
406
338
194
47
-104
-267
-393
-397
-284
-152
-124
-214
-352
-439
-450
-391
-302
-213
-160
-140
-124
-81
31
221
456
619
570
260
-156
-420
-373
-88
217
363
300
79
-158
-240
-17
459
881
883
412
-214
-544
-386
77
490
727
874
1052
1163
1056
681
210
-143
-312
-364
-386
-382
-333
-232
-90
75
213
248
168
65
50
121
152
42
-171
-354
-501
-682
-915
-1033
-861
-393
118
393
376
227
149
194
255
189
21
-84
7
226
348
214
-46
-147
78
480
723
573
140
-241
-292
-16
297
331
52
-272
-360
-191
-1
4
-83
-15
329
762
990
838
414
-34
-288
-286
-111
91
207
212
186
205
278
325
295
207
148
160
217
252
227
146
25
-114
-210
-193
-49
139
270
303
319
391
551
725
819
734
482
170
-54
-125
-88
-26
65
227
440
564
458
120
-295
-579
-608
-379
-62
116
42
-161
-227
-25
237
222
-135
-524
-565
-186
264
370
50
-399
-599
-398
5
276
248
39
-92
-12
175
261
131
-137
-363
-401
-237
25
265
414
473
449
374
282
254
330
451
477
334
90
-75
-43
136
290
321
260
231
292
397
435
370
252
104
-102
-412
-740
-877
-642
-120
374
549
359
70
-16
166
397
414
157
-165
-287
-133
138
281
176
-98
-347
-422
-305
-123
-25
-78
-212
-276
-171
79
345
519
553
493
397
285
130
-56
-193
-172
30
316
522
506
233
-143
-358
-222
195
570
596
276
-113
-308
-284
-210
-215
-294
-358
-341
-209
48
367
600
605
407
169
67
126
236
261
133
-121
-398
-554
-468
-135
285
562
560
315
42
-46
93
291
309
52
-320
-527
-452
-216
-2
133
289
517
710
681
418
93
-46
96
400
614
592
372
150
77
144
204
124
-94
-313
-372
-223
41
268
354
292
136
-41
-176
-228
-194
-138
-130
-193
-266
-222
15
359
585
492
84
-406
-682
-693
-597
-558
-524
-342
16
289
189
-297
-838
-1083
-906
-491
-102
146
297
394
379
222
4
-94
18
199
210
-40
-391
-574
-441
-101
200
236
-26
-415
-655
-605
-339
-98
-42
-113
-126
-24
66
16
-130
-206
-122
40
137
141
119
135
178
188
113
-23
-134
-129
-1
191
360
463
475
432
380
369
373
327
185
11
-78
36
349
725
935
851
518
132
-137
-295
-436
-611
-727
-675
-434
-85
258
515
612
561
440
370
372
362
248
46
-153
-290
-359
-365
-286
-66
293
697
953
965
763
468
162
-145
-426
-596
-568
-400
-237
-198
-253
-284
-200
-39
80
45
-151
-409
-571
-553
-382
-165
19
150
227
233
152
12
-125
-166
-48
131
162
-91
-500
-738
-572
-117
286
347
54
-352
-566
-442
-67
309
462
369
176
102
230
391
308
-77
-488
-608
-393
-150
-164
-446
-746
-858
-725
-473
-262
-150
-57
107
299
349
154
-123
-195
62
454
644
452
45
-250
-213
97
387
368
-24
-548
-875
-816
-481
-113
87
81
-78
-298
-463
-461
-252
80
316
267
-37
-359
-448
-251
38
182
64
-234
-538
-673
-584
-332
-14
295
503
483
198
-204
-401
-190
255
518
337
-155
-539
-506
-131
244
353
202
5
-49
39
125
64
-152
-428
-626
-694
-643
-508
-286
-23
179
206
53
-114
-111
75
265
241
-40
-415
-638
-602
-373
-99
114
235
267
253
238
218
121
-82
-288
-329
-149
128
323
358
261
103
-48
-123
-89
10
76
31
-114
-273
-346
-266
-32
314
656
840
736
377
-55
-343
-390
-282
-166
-126
-126
-100
-23
48
39
-28
-49
40
175
187
-13
-348
-617
-710
-637
-502
-367
-259
-171
-98
-25
90
248
367
326
117
-125
-218
-105
133
356
439
313
12
-310
-485
-451
-254
38
369
633
745
695
588
485
341
91
-188
-322
-202
95
341
337
103
-148
-173
78
406
528
328
-58
-286
-109
370
742
629
41
-576
-734
-329
300
663
506
-14
-493
-581
-227
263
478
245
-229
-519
-366
97
487
549
331
68
-74
-89
-57
-20
23
71
110
132
129
87
4
-109
-224
-329
-400
-440
-449
-431
-362
-246
-118
-87
-215
-427
-519
-382
-102
80
17
-203
-351
-272
6
283
351
126
-269
-567
-542
-211
182
339
153
-208
-448
-361
21
466
699
583
197
-227
-469
-454
-252
-43
24
-114
-368
-537
-440
-83
326
568
565
454
378
354
274
59
-236
-505
-650
-662
-559
-389
-197
-39
58
149
296
506
674
680
478
189
-15
-18
137
307
352
201
-111
-485
-766
-853
-718
-496
-341
-302
-264
-110
133
301
263
62
-139
-191
-63
159
321
315
151
-58
-191
-200
-116
2
103
137
75
-73
-236
-361
-424
-454
-455
-455
-478
-566
-678
-662
-372
158
675
920
805
494
202
30
-62
-128
-164
-138
-53
46
108
105
34
-80
-179
-242
-284
-400
-613
-843
-911
-729
-354
3
157
114
44
110
296
417
307
28
-189
-126
210
557
603
300
-98
-266
-114
136
202
29
-191
-219
7
336
530
460
179
-149
-377
-437
-329
-78
250
547
683
589
293
-53
-274
-307
-233
-193
-237
-313
-332
-292
-235
-161
-21
135
158
-58
-399
-597
-468
-117
185
294
279
264
254
163
-36
-265
-407
-445
-415
-321
-138
99
279
266
28
-280
-412
-231
161
497
551
297
-105
-429
-507
-341
-78
75
24
-125
-178
-53
144
262
249
215
267
375
396
244
-19
-196
-125
147
381
371
131
-90
-65
187
421
388
49
-359
-515
-319
29
177
-33
-412
-595
-387
85
500
607
404
76
-187
-305
-282
-144
46
188
171
-22
-244
-302
-158
39
143
159
187
247
204
-48
-400
-588
-480
-186
28
3
-190
-336
-312
-171
-36
36
80
138
233
352
458
470
351
159
49
106
257
331
227
-7
-197
-191
15
261
394
376
331
364
470
525
451
265
68
-58
-130
-213
-320
-363
-266
-57
139
220
184
81
3
26
207
484
665
551
153
-291
-509
-408
-129
117
168
-2
-291
-507
-515
-332
-164
-175
-352
-505
-487
-295
-24
233
420
479
355
68
-182
-172
-16
-87
-737
-1771
-2595
-2615
-1891
-937
-299
-98
-86
26
357
782
1229
1622
1969
2150
2179
2069
1997
1978
1954
1742
1278
609
-46
-443
-540
-502
-617
-944
-1382
-1703
-1891
-1954
-1980
-1919
-1826
-1699
-1602
-1478
-1237
-776
-144
460
893
1125
1320
1533
1743
1781
1698
1597
1684
1918
2186
2254
2025
1476
739
7
-505
-679
-596
-435
-422
-620
-1051
-1578
-2099
-2412
-2452
-2173
-1800
-1519
-1460
-1476
-1338
-884
-153
638
1278
1589
1596
1392
1225
1216
1422
1681
1828
1683
1293
808
506
518
715
772
410
-331
-1161
-1700
-1759
-1338
-629
106
585
647
349
-84
-411
-514
-411
-175
98
306
378
311
254
351
655
1013
1199
1036
602
138
-107
-89
18
9
-151
-304
-329
-254
-230
-322
-427
-381
-176
41
123
63
15
113
317
430
253
-216
-651
-630
-76
600
815
359
-375
-781
-610
-105
257
197
-202
-603
-736
-558
-303
-218
-375
-587
-639
-465
-239
-157
-268
-425
-452
-279
1
225
264
113
-63
-61
148
359
330
46
-269
-383
-296
-161
-102
-114
-136
-127
-82
-16
22
-18
-123
-197
-150
-4
114
113
26
-48
-53
-7
62
140
205
218
133
-53
-288
-472
-516
-377
-122
113
225
216
152
70
-34
-144
-159
3
299
550
584
359
-43
-467
-788
-904
-815
-583
-386
-347
-502
-722
-871
-853
-672
-373
-37
239
349
250
68
-2
162
463
663
573
238
-128
-299
-205
11
130
72
-46
-79
-28
-30
-159
-289
-234
37
351
519
474
324
201
198
297
437
522
498
363
199
86
39
3
-38
-37
55
200
285
230
67
-106
-206
-199
-117
-28
-56
-261
-569
-768
-747
-568
-433
-425
-429
-267
145
689
1140
1251
1000
571
247
141
181
232
263
292
363
476
618
709
639
351
-37
-306
-346
-234
-166
-233
-315
-218
91
425
558
412
143
-36
-59
-34
-91
-227
-349
-370
-351
-387
-518
-647
-661
-500
-235
5
103
33
-128
-248
-217
-25
233
415
434
290
62
-151
-278
-293
-212
-73
118
349
555
603
421
88
-195
-276
-168
4
126
162
121
38
-57
-136
-199
-247
-275
-255
-182
-84
26
162
319
422
355
84
-232
-358
-198
118
320
231
-32
-177
-19
327
542
408
8
-369
-508
-395
-209
-125
-180
-259
-283
-279
-316
-363
-287
-19
295
406
263
64
67
303
542
525
244
-84
-243
-199
-104
-119
-230
-271
-58
396
835
924
584
60
-249
-151
158
298
66
-388
-690
-567
-107
333
417
112
-261
-319
45
557
812
606
128
-247
-233
139
608
857
739
330
-96
-275
-163
43
118
20
-52
90
394
596
458
-17
-584
-919
-844
-409
104
383
259
-169
-564
-601
-229
292
633
650
458
237
56
-120
-312
-457
-498
-424
-325
-283
-345
-462
-562
-565
-472
-333
-228
-176
-174
-199
-257
-329
-391
-403
-362
-276
-126
108
371
522
460
225
40
88
347
580
546
197
-291
-652
-744
-594
-383
-269
-289
-337
-308
-194
-102
-117
-225
-316
-305
-183
-22
96
124
80
-48
-273
-582
-840
-895
-677
-303
40
285
478
683
835
794
478
-4
-420
-573
-417
-56
333
563
507
188
-212
-434
-330
-43
127
-21
-392
-668
-588
-187
266
503
448
227
17
-70
-38
74
223
349
373
285
160
106
141
150
17
-239
-459
-510
-378
-148
90
302
461
506
371
71
-267
-456
-371
-56
292
484
461
306
126
-46
-218
-362
-397
-290
-96
56
77
15
4
101
217
242
162
100
149
251
250
69
-207
-402
-389
-197
30
180
239
265
279
296
326
441
640
798
716
349
-133
-457
-467
-239
29
191
223
200
192
191
125
-61
-310
-448
-318
1
243
220
12
-82
121
434
481
135
-336
-530
-304
106
351
314
135
-15
-88
-128
-152
-114
20
134
65
-201
-454
-405
22
545
742
437
-147
-553
-479
-35
387
461
176
-185
-322
-132
237
510
476
127
-334
-631
-603
-356
-130
-80
-143
-202
-231
-272
-292
-159
172
480
448
-5
-601
-884
-599
69
641
696
191
-516
-937
-801
-213
412
665
436
-43
-414
-472
-313
-162
-173
-298
-346
-166
229
640
810
603
114
-393
-630
-468
-48
319
400
206
-10
-22
179
390
468
433
394
375
325
208
101
89
168
241
258
234
219
216
187
101
-49
-234
-376
-371
-223
-59
-59
-247
-429
-372
-104
118
101
-72
-152
-19
156
129
-154
-494
-612
-367
114
518
581
283
-152
-458
-502
-311
-57
77
-11
-241
-455
-535
-499
-401
-247
-18
253
463
533
454
269
25
-243
-473
-577
-488
-284
-123
-95
-135
-94
84
279
320
180
-3
-87
-56
-7
-19
-30
72
323
596
709
551
206
-125
-271
-207
-51
57
11
-196
-436
-500
-256
202
585
636
348
-66
-366
-438
-333
-169
-28
78
145
139
39
-110
-186
-97
161
471
692
712
526
213
-102
-320
-450
-540
-617
-610
-453
-163
126
269
272
248
274
291
204
16
-115
-47
168
324
261
15
-241
-356
-341
-297
-293
-293
-258
-187
-148
-178
-219
-167
29
288
456
415
171
-156
-418
-506
-403
-165
37
40
-174
-422
-452
-172
257
563
618
480
315
225
209
193
121
0
-142
-272
-359
-357
-286
-217
-275
-482
-713
-759
-550
-199
126
342
504
646
693
524
160
-214
-393
-309
-71
151
226
122
-107
-334
-382
-156
271
665
801
604
241
-35
-84
23
162
277
415
571
641
499
187
-115
-215
-75
204
455
590
591
486
296
85
-64
-77
35
162
188
44
-230
-522
-679
-621
-377
-71
182
293
219
-11
-266
-341
-128
267
580
617
385
63
-167
-244
-219
-136
1
193
377
415
198
-185
-473
-424
-41
365
447
92
-476
-889
-890
-521
-33
298
363
257
143
120
154
150
56
-80
-154
-117
-17
53
41
-31
-106
-187
-300
-421
-439
-262
73
401
550
476
256
24
-116
-134
-74
-12
11
-17
-89
-132
-42
228
555
716
566
230
-30
-27
192
429
496
346
62
-261
-545
-725
-715
-494
-142
143
199
21
-226
-350
-267
-76
52
14
-138
-312
-448
-557
-613
-581
-440
-236
-26
146
242
236
143
26
-61
-84
-29
73
146
128
39
-34
-33
9
32
-26
-182
-387
-510
-376
61
622
980
955
613
188
-139
-255
-118
231
597
770
681
510
437
474
471
315
25
-209
-186
119
481
610
400
21
-265
-335
-238
-71
111
302
476
548
421
119
-194
-328
-228
-49
4
-71
-86
151
581
949
995
740
396
175
106
124
163
202
215
153
-1
-142
-129
88
390
566
466
96
-378
-734
-796
-571
-214
20
-12
-255
-491
-512
-268
116
437
592
590
542
505
482
415
292
145
47
38
72
62
-46
-203
-259
-102
209
454
446
190
-115
-263
-239
-179
-210
-307
-306
-74
306
563
506
193
-83
-92
125
324
274
-50
-458
-673
-557
-196
170
344
302
150
22
-19
-17
-57
-157
-225
-147
75
283
308
101
-227
-492
-539
-378
-150
-43
-116
-251
-267
-70
259
509
485
197
-139
-256
-77
223
384
324
159
62
83
156
193
200
224
282
321
299
222
109
-35
-252
-521
-751
-804
-663
-428
-238
-132
-42
104
271
337
240
41
-167
-331
-445
-472
-332
-10
341
488
286
-183
-681
-949
-837
-362
238
625
562
109
-432
-746
-727
-459
-143
45
16
-160
-320
-335
-208
-31
154
355
547
616
489
219
20
44
227
342
234
-40
-295
-386
-375
-404
-525
-602
-471
-117
274
467
417
262
229
407
688
831
644
135
-443
-756
-620
-135
379
615
456
16
-444
-665
-537
-157
272
572
722
760
733
624
438
205
32
15
164
357
428
297
98
43
254
610
854
778
411
-40
-338
-372
-195
43
204
231
197
201
337
572
766
739
429
-51
-485
-693
-669
-511
-332
-170
-60
-38
-94
-135
10
386
839
1071
943
553
168
-30
-35
41
84
41
-97
-275
-395
-365
-169
115
392
578
628
512
249
-78
-310
-319
-107
177
363
370
256
130
36
-55
-177
-297
-335
-239
-38
171
283
245
79
-122
-281
-368
-452
-582
-741
-808
-682
-357
0
177
77
-191
-385
-324
-69
147
132
-87
-352
-517
-570
-540
-417
-173
123
317
268
-15
-330
-426
-220
128
343
273
43
-93
16
280
474
433
188
-89
-262
-305
-272
-202
-105
5
91
122
130
162
210
198
71
-129
-298
-353
-304
-204
-140
-168
-291
-416
-416
-236
-4
88
19
-37
120
460
748
756
529
279
167
160
181
212
309
450
564
582
542
487
438
372
288
181
32
-155
-328
-404
-349
-193
-18
105
167
197
184
81
-96
-228
-207
-63
62
72
29
42
100
91
-60
-285
-432
-390
-169
127
378
495
472
357
239
161
113
59
38
122
301
428
345
47
-298
-495
-493
-363
-166
80
347
536
524
275
-35
-151
2
230
203
-194
-755
-1098
-1014
-573
-55
282
344
211
43
-49
-64
-74
-143
-246
-350
-428
-510
-586
-587
-421
-82
317
576
530
183
-274
-558
-491
-136
259
455
385
133
-163
-407
-528
-476
-250
18
147
-5
-389
-794
-954
-764
-327
82
238
116
-112
-230
-151
70
304
464
507
434
260
50
-110
-192
-230
-266
-272
-199
-56
86
160
179
185
233
335
461
514
414
170
-45
-50
160
379
356
26
-458
-833
-914
-655
-252
10
-75
-413
-699
-676
-386
-67
75
33
-76
-134
-107
-25
48
67
27
-26
40
304
728
1095
1159
797
172
-386
-612
-485
-192
60
206
285
358
412
412
326
156
-58
-274
-438
-499
-415
-177
159
469
602
511
276
41
-107
-218
-372
-546
-593
-438
-165
49
123
137
197
297
331
253
123
61
120
250
335
293
126
-60
-137
5
346
689
759
466
2
-319
-350
-225
-160
-273
-505
-686
-633
-322
64
218
7
-392
-638
-541
-188
144
235
99
-64
-34
226
520
575
304
-112
-348
-227
132
434
481
300
65
-80
-107
-62
7
71
156
294
476
592
540
320
119
117
284
386
222
-163
-491
-501
-239
16
22
-190
-412
-471
-379
-241
-80
150
480
811
927
640
28
-561
-738
-395
154
455
284
-193
-533
-393
169
722
797
283
-454
-883
-750
-229
287
517
455
256
134
201
415
573
492
177
-117
-145
68
259
204
-59
-296
-311
-148
3
10
-93
-164
-102
89
308
434
385
207
30
22
221
495
626
503
193
-100
-210
-99
134
325
338
192
32
13
133
190
0
-408
-765
-825
-548
-125
220
349
249
-15
-311
-450
-301
49
339
291
-134
-673
-944
-803
-416
-156
-232
-545
-775
-683
-281
204
519
571
433
281
232
274
285
147
-128
-373
-395
-178
95
177
-5
-280
-382
-204
126
335
242
-99
-446
-574
-425
-139
96
141
-11
-234
-340
-266
-118
-23
25
169
454
718
728
435
1
-346
-476
-369
-86
249
468
456
232
-51
-239
-300
-278
-224
-146
-42
72
200
342
530
735
888
875
718
532
433
390
299
117
-62
-132
-121
-138
-235
-334
-352
-277
-167
-61
63
220
296
138
-192
-403
-292
17
162
-37
-376
-504
-275
159
513
568
328
-11
-220
-223
-154
-178
-322
-446
-416
-222
19
180
208
126
-38
-245
-461
-616
-675
-616
-484
-332
-198
-75
36
104
100
40
4
53
188
337
407
331
93
-232
-502
-572
-411
-122
121
205
172
145
191
249
207
29
-176
-247
-141
35
116
35
-121
-203
-158
-54
-27
-135
-327
-473
-518
-481
-427
-362
-226
22
309
476
376
9
-427
-652
-497
-37
431
603
414
58
-239
-400
-517
-636
-686
-544
-270
-51
-53
-247
-450
-477
-275
63
384
546
473
182
-150
-298
-157
153
380
358
145
-70
-134
-38
66
9
-238
-496
-554
-363
-119
-44
-191
-400
-515
-484
-371
-239
-101
50
194
280
293
251
184
99
17
-27
15
136
308
472
578
559
398
149
-69
-177
-182
-140
-90
-39
47
192
358
435
352
146
-37
-86
-59
-96
-281
-531
-677
-587
-306
6
190
202
104
-15
-132
-265
-425
-551
-567
-430
-172
122
359
463
444
357
319
380
472
443
227
-77
-274
-256
-69
153
265
185
-42
-252
-306
-210
-143
-232
-420
-521
-450
-272
-139
-121
-130
-18
219
405
328
-37
-418
-468
-113
370
568
302
-202
-531
-543
-428
-493
-763
-954
-750
-165
473
780
603
101
-393
-594
-432
-82
198
223
8
-283
-460
-491
-462
-457
-432
-311
-104
-11
-202
-588
-824
-636
-77
461
596
318
-43
-165
-22
166
193
39
-164
-271
-207
-8
197
258
136
-49
-132
-15
259
556
708
625
338
25
-129
-87
21
35
-72
-205
-264
-230
-129
36
257
487
628
604
396
42
-354
-674
-801
-686
-362
102
599
1012
1186
1057
682
293
95
123
221
237
146
34
-27
-23
35
130
213
225
155
102
159
294
358
247
9
-190
-214
-102
-7
-66
-269
-486
-562
-462
-264
-144
-202
-424
-654
-699
-451
-40
255
233
-39
-295
-322
-189
-115
-229
-424
-436
-96
473
912
932
537
47
-205
-125
113
255
178
-30
-173
-142
-2
45
-131
-453
-670
-593
-248
116
253
148
-2
13
203
390
388
177
-98
-270
-267
-134
29
121
93
-2
-55
-17
41
-42
-315
-533
-354
329
1166
1626
1395
711
80
-160
-80
51
63
-12
-64
-105
-216
-379
-442
-302
-26
202
263
185
61
-50
-126
-123
-9
176
319
328
196
-4
-184
-263
-189
19
252
379
336
174
-14
-165
-253
-278
-241
-179
-126
-133
-214
-369
-527
-616
-575
-463
-377
-342
-266
-35
324
630
682
449
71
-236
-331
-197
68
297
351
239
97
86
227
394
431
285
21
-257
-446
-455
-247
78
320
313
71
-191
-251
-76
164
271
188
-9
-201
-299
-251
-82
104
176
90
-12
46
282
504
479
145
-279
-478
-300
119
499
629
435
-18
-621
-1174
-1520
-1550
-1360
-1068
-788
-533
-254
96
533
948
1245
1337
1363
1446
1721
2059
2348
2424
2290
1921
1414
882
494
297
140
-171
-734
-1377
-1918
-2174
-2218
-2114
-2036
-2003
-1994
-1818
-1376
-714
-47
433
630
536
240
-87
-139
252
1024
1805
2272
2241
1917
1563
1413
1401
1345
1059
579
89
-246
-404
-586
-942
-1508
-2031
-2298
-2166
-1826
-1492
-1400
-1517
-1675
-1589
-1245
-838
-651
-696
-686
-328
438
1340
2091
2434
2422
2182
2003
1957
1981
1824
1374
697
62
-300
-365
-287
-289
-448
-739
-1018
-1195
-1199
-987
-531
31
431
483
262
62
79
254
374
306
81
-161
-276
-188
50
305
440
434
346
256
179
75
-83
-245
-311
-223
-23
159
205
71
-176
-384
-396
-181
127
330
328
162
-60
-218
-225
-98
31
-5
-223
-473
-571
-474
-265
-52
105
221
329
431
460
362
158
-3
10
168
288
164
-221
-679
-927
-848
-533
-229
-108
-143
-159
24
404
787
909
686
261
-134
-361
-488
-611
-723
-690
-444
-73
203
225
17
-240
-389
-391
-321
-249
-216
-213
-271
-403
-542
-541
-364
-132
-31
-105
-189
-102
152
382
462
413
346
296
246
189
190
275
358
308
106
-130
-249
-187
-7
168
272
301
285
221
120
23
-17
4
1
-107
-310
-484
-481
-248
73
253
178
-46
-182
-100
137
354
360
68
-416
-801
-772
-271
390
768
718
453
320
432
609
588
317
-33
-238
-206
-28
119
121
4
-121
-163
-108
0
99
137
67
-108
-325
-472
-433
-168
206
467
462
235
-46
-250
-348
-341
-232
-62
96
191
250
289
263
121
-100
-279
-267
-10
354
566
436
24
-329
-292
145
633
733
288
-433
-948
-952
-497
37
274
104
-255
-524
-576
-544
-577
-686
-706
-508
-116
269
428
295
-4
-269
-375
-355
-302
-284
-279
-284
-314
-423
-592
-707
-616
-313
42
241
216
79
-15
-34
-52
-96
-97
-15
77
35
-175
-404
-447
-228
145
443
474
266
35
30
274
582
723
609
290
-71
-298
-289
-103
78
114
21
-78
-126
-162
-234
-304
-327
-305
-339
-467
-580
-488
-133
332
636
593
255
-152
-380
-325
-94
99
112
-17
-128
-106
54
270
483
641
698
597
354
54
-196
-327
-366
-364
-398
-477
-548
-501
-319
-98
-15
-131
-302
-295
-44
282
413
226
-161
-494
-583
-405
-126
41
-1
-149
-250
-249
-212
-191
-152
-44
109
230
282
265
178
14
-175
-276
-206
-1
138
24
-336
-699
-774
-449
79
467
470
117
-307
-483
-289
117
436
458
207
-120
-299
-231
-3
190
170
-76
-368
-468
-323
-96
17
-14
-22
132
390
547
443
97
-355
-731
-887
-735
-400
-127
-148
-425
-701
-717
-396
145
674
928
814
461
171
120
226
272
136
-119
-295
-223
127
582
845
693
181
-382
-676
-595
-328
-132
-105
-139
-130
-97
-137
-260
-365
-343
-165
108
379
530
507
353
214
182
235
270
267
276
379
548
672
613
341
-45
-338
-371
-137
193
389
329
100
-106
-123
58
282
348
138
-271
-646
-745
-538
-200
32
65
-39
-162
-184
-30
276
564
638
441
138
-59
-41
132
303
312
173
54
154
453
759
853
694
363
-2
-272
-320
-111
265
610
765
667
411
145
-12
-47
-27
-26
-85
-191
-265
-209
20
335
565
573
426
298
313
406
417
253
-13
-231
-329
-332
-322
-327
-364
-416
-495
-577
-608
-509
-309
-125
-37
0
123
368
620
695
559
316
123
41
4
-90
-266
-417
-433
-294
-111
-3
-7
-68
-110
-92
-24
44
35
-84
-296
-506
-638
-644
-571
-468
-375
-280
-171
-51
67
167
209
139
35
67
353
753
973
807
400
61
-36
17
12
-141
-320
-325
-125
111
230
240
284
416
518
421
124
-209
-434
-518
-507
-409
-202
92
330
357
143
-172
-380
-353
-178
-66
-166
-407
-571
-492
-204
116
348
476
558
600
539
309
19
-113
85
517
914
1015
870
692
649
657
565
324
81
-6
69
161
117
-97
-353
-456
-326
-69
137
209
237
320
413
362
120
-173
-335
-309
-236
-263
-367
-383
-246
-67
-16
-117
-191
-59
269
580
630
331
-134
-443
-396
-81
211
259
96
-82
-162
-186
-234
-283
-272
-191
-146
-217
-333
-331
-137
148
340
331
180
31
-33
-45
-68
-113
-141
-123
-90
-87
-115
-134
-113
-58
-34
-98
-245
-379
-410
-315
-213
-223
-357
-484
-441
-174
192
444
470
321
183
186
278
282
82
-242
-490
-506
-268
126
479
578
321
-162
-506
-403
145
794
1136
972
478
7
-177
-86
76
121
22
-117
-161
-58
127
250
212
37
-142
-209
-190
-186
-288
-457
-581
-543
-360
-144
-11
21
-33
-162
-332
-429
-311
35
477
809
922
791
482
110
-165
-238
-156
-60
-81
-216
-354
-376
-215
103
441
604
458
59
-358
-543
-450
-216
-30
28
11
10
81
197
294
309
255
192
170
161
99
-32
-177
-255
-256
-221
-182
-123
-49
0
0
-10
56
219
367
340
145
-46
-6
297
625
655
270
-323
-764
-806
-520
-163
-16
-159
-471
-706
-688
-411
-35
253
313
119
-208
-448
-405
-70
343
563
491
239
48
65
264
467
510
348
75
-172
-296
-273
-143
23
154
213
197
126
-4
-189
-384
-489
-429
-209
57
237
248
97
-120
-269
-287
-213
-134
-76
-8
85
129
48
-160
-391
-531
-507
-386
-289
-325
-455
-528
-403
-138
67
22
-252
-508
-471
-127
261
415
286
56
-92
-104
-25
89
181
203
145
75
58
127
254
389
453
409
278
129
2
-136
-311
-467
-481
-285
51
332
388
236
50
7
118
239
217
66
-68
-65
56
163
152
45
-45
-68
-72
-139
-261
-293
-93
291
611
621
287
-150
-390
-319
-62
170
251
168
-19
-186
-198
15
350
583
537
258
-52
-193
-109
129
380
536
539
458
396
464
638
750
598
173
-302
-530
-389
-33
264
346
245
97
0
13
140
312
394
300
84
-42
74
345
502
396
130
-48
-11
107
85
-137
-388
-468
-322
-110
-22
-106
-235
-242
-82
134
242
198
93
38
42
34
-25
-56
43
282
523
630
549
385
263
272
384
455
318
-39
-416
-518
-231
244
553
521
254
-19
-167
-182
-92
59
180
160
-14
-198
-232
-75
173
355
357
207
42
53
293
643
869
813
471
4
-379
-531
-431
-144
221
537
672
577
312
61
-22
101
323
500
525
385
143
-70
-142
-21
226
429
423
194
-100
-236
-116
200
533
737
729
553
317
147
78
46
-34
-185
-342
-406
-311
-81
173
312
263
92
-51
-62
29
89
21
-139
-255
-237
-109
-31
-128
-345
-458
-291
92
372
272
-186
-676
-828
-509
22
341
169
-380
-891
-962
-573
-53
209
100
-214
-475
-584
-571
-497
-364
-157
105
335
418
303
53
-184
-278
-229
-141
-116
-148
-135
4
240
441
486
344
82
-180
-355
-406
-320
-98
165
302
198
-76
-277
-215
72
361
450
302
79
-22
48
149
66
-258
-670
-910
-812
-398
126
505
553
270
-123
-336
-228
84
338
354
198
62
63
138
118
-85
-343
-411
-185
172
383
319
93
-91
-131
-61
39
103
103
46
-46
-153
-239
-240
-119
80
206
135
-135
-454
-666
-683
-508
-180
245
648
885
847
610
347
210
191
171
55
-126
-259
-269
-175
-63
-4
-30
-118
-249
-390
-502
-518
-398
-159
101
262
256
105
-107
-288
-390
-399
-343
-256
-152
-22
55
-44
-360
-715
-850
-640
-280
-61
-140
-411
-605
-493
-52
495
864
885
644
344
174
174
241
220
45
-200
-367
-367
-264
-177
-135
-57
130
372
510
417
119
-225
-465
-536
-472
-332
-176
-41
47
81
29
-134
-368
-530
-490
-247
37
194
178
63
-46
-88
-35
94
266
414
517
563
566
503
327
22
-357
-673
-817
-747
-566
-402
-275
-83
239
572
677
421
-98
-625
-922
-860
-554
-260
-201
-347
-431
-228
169
440
365
25
-294
-369
-290
-300
-489
-650
-542
-162
165
131
-256
-671
-761
-416
108
414
230
-343
-909
-1064
-737
-186
169
102
-256
-537
-456
-39
414
596
405
-18
-391
-472
-229
142
348
245
-53
-295
-310
-116
142
310
312
163
-18
-97
-4
189
343
356
279
215
212
204
69
-236
-545
-578
-193
428
821
621
-57
-695
-822
-405
219
679
811
625
261
-81
-227
-176
-110
-171
-334
-454
-452
-342
-200
-87
-70
-163
-275
-255
-9
372
653
627
363
111
98
295
492
500
322
90
-58
-77
6
121
184
146
53
0
11
-2
-191
-566
-930
-994
-687
-207
95
39
-267
-527
-512
-208
187
427
438
339
327
442
516
343
-91
-561
-779
-606
-139
376
691
673
393
56
-78
94
437
660
510
-25
-635
-888
-631
-119
197
109
-188
-343
-239
-42
-1
-182
-481
-708
-772
-668
-453
-180
105
352
478
394
82
-338
-663
-717
-532
-279
-120
-69
-46
9
65
59
13
4
67
145
112
-93
-400
-623
-641
-465
-254
-144
-160
-209
-171
-5
181
215
18
-289
-463
-351
-45
212
225
1
-259
-332
-138
196
468
545
436
228
39
-46
18
184
298
212
-65
-347
-450
-345
-185
-114
-134
-137
-61
50
93
13
-109
-125
42
300
514
609
641
648
632
545
371
116
-163
-357
-367
-193
44
205
191
-8
-305
-524
-481
-134
307
532
424
144
-6
110
354
471
350
81
-142
-195
-122
-69
-138
-280
-344
-226
55
373
550
447
74
-367
-628
-590
-355
-99
98
256
424
576
645
555
335
97
3
113
375
628
739
639
386
99
-116
-225
-280
-329
-368
-336
-175
99
387
546
511
320
131
81
171
259
158
-178
-604
-858
-813
-543
-252
-68
70
283
633
991
1185
1073
721
308
42
-7
63
93
21
-75
-70
62
205
206
29
-207
-338
-284
-105
73
127
17
-202
-396
-414
-196
158
444
483
242
-115
-343
-291
-14
233
216
-78
-409
-553
-476
-323
-208
-106
47
197
210
11
-310
-553
-540
-305
-50
24
-88
-232
-263
-173
-48
85
251
490
742
873
733
342
-111
-340
-198
172
442
397
98
-156
-123
173
477
522
236
-226
-596
-684
-475
-125
169
258
123
-140
-373
-496
-513
-485
-418
-267
-9
243
318
172
-52
-163
-102
-4
-20
-179
-365
-492
-535
-557
-583
-541
-317
101
539
751
605
214
-178
-334
-176
183
499
518
159
-387
-768
-753
-390
27
230
164
-27
-167
-183
-134
-117
-152
-160
-81
39
85
10
-100
-118
-40
26
-42
-242
-476
-613
-596
-436
-194
56
252
357
367
288
178
115
191
398
600
604
337
-88
-458
-611
-577
-484
-447
-449
-392
-195
86
294
262
-29
-423
-671
-621
-302
132
505
720
728
515
120
-349
-718
-859
-726
-423
-113
13
-121
-445
-744
-832
-652
-348
-108
-52
-144
-229
-154
109
421
560
390
0
-358
-451
-236
96
284
211
-21
-203
-206
-87
5
-3
-55
-65
-18
49
111
200
322
420
401
262
83
-40
-74
-67
-79
-156
-292
-419
-425
-229
129
429
430
63
-469
-851
-866
-600
-297
-176
-243
-394
-509
-557
-531
-417
-204
79
352
528
535
387
165
36
109
371
651
767
627
349
131
92
171
233
206
140
112
72
-87
-353
-538
-452
-107
246
349
161
-141
-344
-348
-274
-309
-509
-692
-591
-129
471
855
866
603
305
115
33
-19
-83
-136
-118
3
186
322
320
182
3
-124
-164
-134
-58
41
62
-89
-390
-649
-725
-634
-571
-633
-745
-730
-550
-294
-107
-56
-105
-151
-130
-54
-31
-133
-317
-425
-369
-208
-92
-91
-126
-79
83
280
384
308
92
-118
-140
80
387
519
322
-121
-529
-634
-439
-178
-102
-235
-377
-319
-52
250
389
297
53
-188
-319
-330
-338
-440
-600
-640
-430
-32
318
422
288
81
-102
-278
-542
-870
-1148
-1198
-986
-601
-191
153
349
326
86
-230
-458
-521
-520
-548
-600
-580
-457
-278
-101
59
212
336
357
219
-25
-227
-291
-245
-186
-154
-144
-151
-185
-210
-128
101
325
320
2
-451
-698
-515
33
631
926
748
271
-145
-212
43
362
491
360
62
-212
-282
-118
113
146
-108
-472
-663
-539
-174
239
517
605
548
490
509
583
586
459
255
85
-11
-68
-113
-89
59
322
590
730
635
322
-70
-348
-393
-229
24
252
389
376
171
-170
-472
-593
-521
-382
-267
-199
-162
-148
-127
0
273
591
744
592
173
-311
-623
-642
-407
-135
-49
-226
-502
-614
-416
-47
217
227
78
30
230
554
699
500
76
-283
-379
-298
-253
-300
-285
-63
287
503
392
37
-301
-403
-239
38
225
195
-18
-264
-387
-341
-181
-39
-13
-142
-356
-554
-636
-545
-278
64
307
302
62
-222
-336
-210
51
299
431
454
406
321
193
75
47
148
297
296
17
-446
-800
-812
-477
-20
313
438
408
316
195
37
-155
-311
-325
-135
193
524
714
726
589
372
128
-26
15
258
537
642
486
200
-12
-20
149
377
512
444
169
-125
-203
10
318
411
154
-259
-491
-374
-21
334
523
542
454
352
282
257
235
169
56
-19
24
153
236
187
45
-73
-99
-72
-56
-23
104
315
466
428
217
32
50
266
489
589
576
541
495
379
164
-58
-168
-151
-86
-38
0
76
194
283
251
86
-127
-269
-266
-145
11
141
231
296
328
281
119
-132
-369
-471
-372
-132
105
262
366
455
472
294
-94
-508
-691
-561
-247
29
142
139
139
190
228
162
-18
-217
-313
-280
-188
-109
-43
42
135
149
24
-189
-346
-361
-264
-155
-93
-13
170
446
662
673
450
158
-14
0
98
175
213
290
426
552
550
438
322
306
355
345
186
-65
-255
-291
-204
-73
62
171
194
43
-273
-567
-599
-323
68
289
215
-24
-195
-171
-7
75
-100
-592
-1205
-1731
-1969
-1879
-1454
-846
-278
73
222
430
862
1519
2124
2532
2632
2558
2363
2157
1898
1589
1197
788
430
177
12
-162
-408
-782
-1213
-1686
-2091
-2380
-2403
-2175
-1751
-1352
-1088
-996
-962
-873
-633
-243
196
615
971
1288
1480
1523
1412
1347
1420
1648
1837
1876
1688
1358
972
588
186
-294
-816
-1277
-1494
-1455
-1242
-1084
-1072
-1242
-1469
-1648
-1626
-1412
-1090
-856
-772
-707
-442
89
691
1092
1124
988
974
1287
1748
2085
2051
1737
1324
1055
973
974
836
449
-81
-541
-784
-940
-1161
-1456
-1579
-1304
-621
165
664
683
337
-42
-172
-33
157
163
-42
-287
-382
-288
-107
56
162
213
203
120
-23
-153
-186
-122
-45
-60
-180
-360
-523
-660
-746
-734
-552
-240
55
214
245
294
449
569
404
-86
-614
-839
-670
-351
-152
-103
-44
103
239
244
118
-44
-167
-255
-316
-330
-268
-170
-93
-39
34
148
257
267
118
-127
-307
-244
98
585
957
982
587
-40
-558
-726
-552
-260
-54
1
-39
-114
-176
-158
-13
210
367
314
32
-297
-421
-226
155
430
383
79
-214
-250
-9
301
435
313
49
-148
-145
20
188
197
25
-225
-398
-394
-205
70
276
251
-39
-459
-760
-714
-271
318
652
467
-120
-666
-760
-388
105
335
198
-90
-238
-140
71
167
32
-246
-445
-421
-218
-40
-44
-185
-266
-140
144
377
373
148
-113
-236
-192
-63
68
139
106
-11
-112
-68
123
290
244
15
-183
-203
-110
-122
-333
-596
-651
-372
122
528
580
258
-197
-478
-450
-267
-165
-239
-361
-348
-142
153
370
411
287
139
119
294
543
688
631
458
296
192
89
-65
-244
-369
-364
-283
-246
-333
-464
-508
-405
-214
-16
118
135
-34
-362
-675
-740
-484
-46
281
286
46
-148
-35
353
727
782
502
120
-86
-30
111
88
-170
-464
-541
-329
-31
100
29
-66
-9
184
327
258
36
-127
-88
89
201
111
-81
-148
30
332
485
309
-88
-402
-438
-263
-139
-220
-443
-599
-576
-402
-181
9
136
185
132
-26
-286
-589
-848
-927
-761
-397
-15
211
193
-24
-263
-320
-146
94
103
-241
-707
-884
-554
107
706
935
823
581
406
320
276
225
192
205
203
76
-182
-407
-414
-176
107
207
74
-151
-273
-196
29
255
332
212
-17
-199
-225
-111
39
128
150
160
207
271
304
266
207
195
275
395
470
434
329
232
204
222
170
-54
-428
-762
-879
-736
-513
-396
-424
-453
-376
-214
-70
6
40
59
46
-10
-56
-27
85
219
276
186
-32
-262
-331
-152
145
299
203
17
-7
181
352
261
-59
-345
-420
-331
-251
-247
-194
57
462
769
771
469
54
-272
-458
-538
-566
-543
-432
-191
136
405
468
299
40
-129
-138
-48
43
86
61
-26
-177
-349
-466
-446
-231
157
598
887
931
781
633
585
547
350
-14
-355
-489
-405
-270
-220
-222
-136
70
272
313
156
-85
-254
-234
-12
310
540
530
290
29
-44
65
160
83
-111
-222
-130
65
164
73
-122
-309
-426
-527
-634
-707
-640
-407
-87
191
342
351
247
78
-87
-147
-44
159
305
279
102
-24
85
401
658
560
58
-520
-724
-428
67
291
60
-352
-507
-252
174
435
396
204
65
67
146
216
231
190
111
33
-13
-30
-55
-89
-85
-4
117
207
231
257
341
451
472
305
-40
-408
-584
-422
31
488
618
316
-197
-553
-535
-230
110
265
171
-150
-579
-943
-1042
-790
-274
281
650
744
601
371
191
113
75
-21
-188
-311
-257
-58
105
50
-217
-505
-589
-397
-43
258
335
184
-46
-130
36
337
520
392
-14
-481
-760
-749
-502
-228
-123
-279
-572
-761
-655
-322
-2
132
124
166
347
560
601
436
212
112
160
306
480
688
873
927
744
376
-12
-248
-262
-96
131
285
278
113
-115
-266
-248
-54
231
501
651
633
450
160
-151
-420
-598
-677
-641
-495
-258
-45
13
-95
-213
-142
144
422
421
163
-65
5
324
569
464
120
-109
-27
207
272
42
-289
-430
-295
-37
141
154
42
-99
-177
-140
-16
94
113
60
51
153
332
473
534
524
521
555
592
528
317
27
-191
-242
-143
16
145
185
144
80
70
126
193
206
207
273
426
555
548
386
180
37
-15
-16
6
48
114
189
242
233
174
115
141
262
397
418
306
154
99
168
239
156
-90
-330
-362
-135
196
400
336
42
-275
-381
-210
80
165
-136
-683
-1073
-987
-430
243
623
593
351
225
345
589
701
613
452
402
465
476
280
-112
-523
-749
-671
-384
-120
-71
-201
-280
-121
198
422
384
150
-28
31
284
492
439
111
-243
-327
6
593
1030
947
395
-188
-334
12
495
714
594
324
92
-64
-153
-159
-60
99
179
74
-140
-254
-131
144
319
214
-70
-257
-167
110
361
452
407
294
189
152
254
459
580
424
49
-264
-258
48
336
295
-107
-591
-822
-649
-241
86
104
-138
-410
-501
-381
-159
32
127
162
206
307
420
465
387
244
137
85
11
-162
-386
-499
-370
-95
92
16
-257
-522
-604
-500
-299
-142
-128
-288
-508
-574
-342
137
625
882
787
416
-37
-335
-337
-130
48
-44
-401
-810
-998
-871
-506
-88
222
344
298
173
48
-59
-164
-283
-381
-388
-247
-35
83
-17
-269
-447
-372
-76
238
391
339
201
113
118
137
116
87
119
195
236
195
127
95
91
61
-25
-142
-203
-123
100
340
461
420
307
207
93
-112
-395
-610
-625
-427
-172
-26
-75
-261
-470
-575
-517
-317
-121
-75
-236
-486
-652
-627
-455
-237
-86
-51
-145
-307
-409
-330
-38
355
688
815
710
428
105
-119
-169
-77
65
181
246
255
169
-33
-242
-273
-75
175
249
107
-84
-158
-161
-228
-342
-332
-103
216
364
203
-149
-435
-539
-522
-503
-481
-337
7
417
617
435
-28
-457
-575
-331
100
483
651
561
274
-81
-361
-486
-448
-270
21
342
537
480
191
-128
-262
-151
92
270
242
27
-210
-285
-151
87
277
406
534
679
724
596
357
232
347
573
616
338
-111
-413
-376
-106
129
171
81
15
38
126
221
322
409
359
49
-485
-979
-1106
-713
-56
398
283
-343
-1083
-1473
-1339
-805
-171
310
504
411
163
-61
-114
18
174
157
-76
-359
-512
-488
-429
-451
-488
-360
-42
272
373
248
49
-102
-254
-468
-682
-723
-543
-253
-70
-113
-281
-341
-181
81
208
96
-111
-188
-67
116
204
164
120
188
334
392
264
20
-134
-65
151
300
192
-165
-594
-853
-839
-602
-311
-92
25
86
182
353
545
608
479
247
83
50
50
-26
-164
-255
-242
-151
-75
-83
-218
-441
-661
-748
-625
-308
72
352
411
238
-78
-388
-584
-624
-521
-300
-17
236
360
320
166
-15
-134
-130
4
194
305
237
22
-203
-339
-377
-361
-295
-189
-88
-60
-98
-137
-134
-69
77
288
448
345
-95
-665
-984
-824
-275
287
502
283
-150
-486
-551
-422
-266
-199
-197
-198
-174
-223
-432
-731
-863
-595
36
708
1039
935
573
218
-11
-112
-108
-40
22
33
35
123
293
406
328
103
-104
-172
-109
-18
11
-29
-77
-87
-68
-78
-142
-214
-210
-110
16
62
-7
-125
-189
-148
-29
78
87
-10
-134
-193
-162
-98
-59
-46
-23
-8
-57
-244
-545
-865
-1035
-941
-569
-106
184
153
-96
-326
-380
-326
-303
-356
-389
-270
35
429
714
790
687
507
284
35
-174
-185
67
449
697
617
216
-293
-624
-630
-376
-81
82
117
134
147
59
-237
-662
-956
-854
-346
303
743
780
517
209
6
-135
-307
-474
-498
-307
5
267
360
257
7
-273
-446
-436
-299
-149
-104
-194
-368
-501
-495
-331
-103
72
111
19
-148
-303
-391
-391
-292
-87
177
377
409
273
118
83
168
239
171
-35
-225
-226
21
382
602
486
93
-303
-414
-181
159
304
163
-86
-173
2
304
486
484
416
471
654
760
553
69
-385
-463
-94
432
711
566
144
-190
-171
175
552
640
341
-145
-493
-502
-214
85
113
-211
-672
-882
-586
81
683
795
343
-337
-777
-780
-496
-240
-174
-235
-257
-129
133
391
466
284
-39
-230
-112
215
454
398
94
-192
-231
-60
80
20
-162
-251
-143
43
116
28
-104
-160
-129
-55
32
116
159
84
-119
-331
-382
-179
203
536
582
339
43
-10
232
539
616
422
144
40
190
443
541
370
51
-129
11
406
777
897
720
397
107
-26
7
132
226
174
-45
-305
-415
-281
13
234
199
-76
-381
-473
-264
78
276
147
-234
-598
-687
-449
-35
304
394
222
-69
-270
-247
5
357
634
686
511
231
17
-49
-67
-189
-459
-717
-770
-551
-207
62
122
-20
-226
-315
-177
124
355
317
68
-136
-65
253
534
491
132
-263
-451
-422
-347
-321
-298
-197
-40
96
161
145
55
-79
-147
-45
204
430
423
121
-285
-492
-372
-69
110
-1
-299
-514
-511
-355
-143
117
452
756
860
682
408
278
326
355
189
-128
-322
-164
312
801
953
618
-21
-584
-724
-371
197
569
484
20
-493
-721
-525
-15
538
851
783
397
-25
-200
-45
256
448
412
282
250
355
434
333
67
-191
-282
-219
-128
-83
-44
93
344
604
692
536
211
-80
-176
-131
-139
-306
-490
-486
-253
-9
30
-133
-305
-358
-310
-270
-281
-325
-346
-349
-343
-341
-326
-280
-186
-78
-23
-65
-155
-195
-136
7
188
365
464
462
394
393
504
621
552
246
-150
-374
-281
11
228
172
-109
-371
-392
-160
142
322
314
219
168
204
245
220
145
84
57
29
-21
-51
-21
27
10
-88
-186
-167
3
179
162
-97
-412
-514
-299
31
180
50
-183
-239
-8
353
558
434
44
-370
-567
-508
-330
-241
-312
-414
-345
-41
337
560
511
307
141
150
301
452
443
266
54
2
161
359
344
57
-304
-438
-222
161
394
306
-3
-284
-356
-260
-167
-235
-446
-644
-646
-424
-109
80
32
-174
-335
-338
-232
-195
-320
-541
-666
-536
-141
381
801
954
796
489
241
170
212
223
128
16
20
187
410
507
350
30
-208
-173
79
288
242
38
-48
171
572
844
745
349
-53
-181
5
263
297
-14
-492
-811
-740
-347
91
303
221
-12
-186
-202
-110
-67
-171
-364
-457
-294
95
450
487
108
-492
-960
-1005
-661
-210
-8
-162
-475
-614
-461
-176
-27
-106
-257
-259
-63
184
259
60
-318
-629
-640
-303
220
656
808
638
263
-139
-368
-303
27
419
594
396
-47
-428
-516
-326
-67
75
118
198
350
433
258
-182
-640
-790
-507
43
502
588
330
6
-112
6
175
216
104
-66
-208
-286
-317
-322
-326
-312
-257
-157
-125
-272
-629
-1020
-1189
-961
-477
-58
91
61
116
372
678
768
559
188
-122
-241
-171
2
180
287
306
258
235
295
436
555
549
380
140
-29
-26
123
315
433
371
91
-317
-636
-640
-283
224
568
604
414
201
80
44
28
14
29
84
152
179
122
-16
-177
-279
-270
-167
-30
66
76
-5
-134
-201
-108
172
521
723
603
197
-263
-515
-451
-192
52
133
53
-53
-38
180
518
791
812
539
88
-302
-428
-262
34
238
241
115
6
-32
-55
-167
-377
-635
-826
-851
-635
-250
115
242
84
-163
-239
-85
126
173
12
-211
-316
-249
-84
96
247
329
290
143
-19
-72
11
81
-34
-343
-634
-668
-385
5
219
107
-233
-569
-682
-474
-14
505
841
865
614
313
161
190
252
212
75
-48
-86
-53
6
85
175
175
-25
-414
-792
-960
-847
-589
-345
-145
95
405
664
715
502
182
-29
-23
120
224
171
9
-108
-86
15
97
132
146
127
-12
-290
-549
-561
-285
83
230
6
-411
-653
-452
122
679
811
446
-112
-438
-339
-37
96
-99
-421
-548
-344
-5
169
65
-168
-289
-180
140
542
886
1016
817
299
-306
-666
-566
-77
450
644
377
-151
-570
-611
-299
110
327
243
-45
-335
-493
-494
-404
-279
-143
0
148
270
270
60
-271
-457
-250
294
801
878
504
-5
-298
-279
-197
-337
-703
-962
-800
-239
337
543
368
108
36
151
252
175
-30
-180
-174
-70
3
-18
-25
128
424
628
540
194
-88
-38
328
714
791
434
-183
-702
-849
-606
-222
29
45
-71
-186
-247
-317
-440
-576
-605
-460
-182
92
236
201
35
-149
-228
-117
164
497
705
668
377
-43
-405
-568
-501
-321
-180
-203
-376
-601
-729
-689
-495
-243
-26
76
41
-141
-416
-697
-850
-815
-607
-329
-76
145
364
580
695
643
446
227
74
-65
-284
-552
-681
-514
-98
298
409
267
125
191
390
480
311
43
-48
121
350
400
227
4
-98
-84
-78
-170
-322
-444
-450
-376
-318
-348
-407
-362
-133
203
470
570
521
399
225
-23
-317
-526
-503
-249
75
283
303
234
204
250
286
239
124
-13
-147
-292
-416
-450
-342
-209
-207
-391
-607
-689
-587
-454
-421
-444
-341
-42
304
459
322
85
26
262
616
800
647
304
59
121
416
729
858
753
466
129
-113
-143
29
237
287
108
-195
-422
-417
-182
136
312
204
-132
-467
-627
-602
-497
-352
-123
189
453
501
328
82
-79
-115
-58
48
221
450
640
642
418
79
-168
-192
-75
-14
-111
-257
-294
-189
-116
-226
-464
-592
-438
-45
376
609
566
293
-80
-390
-506
-390
-136
102
215
190
92
-9
-59
-40
15
45
-8
-125
-228
-233
-115
81
271
364
331
207
114
139
271
384
360
182
7
16
232
467
491
236
-134
-382
-353
-59
351
656
686
422
35
-251
-301
-134
125
330
357
158
-184
-478
-502
-184
265
500
308
-190
-618
-651
-304
131
371
358
238
149
130
134
176
291
493
686
753
612
288
-100
-407
-523
-471
-356
-275
-214
-111
40
53
-244
-896
-1638
-2126
-2070
-1553
-863
-307
32
257
459
629
681
708
855
1312
1974
2640
2965
2889
2467
1975
1557
1296
1098
878
571
182
-232
-630
-944
-1191
-1347
-1525
-1746
-2030
-2199
-2161
-1868
-1484
-1129
-899
-755
-578
-227
315
843
1161
1212
1249
1441
1808
2092
2126
1828
1391
1024
866
807
653
309
-167
-623
-1024
-1345
-1550
-1507
-1314
-1177
-1331
-1655
-1851
-1638
-1166
-756
-671
-833
-948
-728
-117
650
1336
1772
2050
2206
2311
2272
2106
1800
1491
1263
1227
1319
1376
1176
644
-85
-747
-1095
-1151
-1084
-1037
-930
-632
-157
220
230
-121
-532
-658
-380
83
372
271
-115
-435
-386
-16
329
340
31
-318
-448
-354
-189
-87
-63
-105
-185
-292
-391
-453
-444
-365
-226
-78
23
14
-103
-211
-157
122
492
745
743
509
153
-220
-514
-660
-620
-485
-383
-387
-429
-399
-248
-64
37
-11
-162
-321
-390
-363
-297
-220
-88
143
402
534
440
196
-30
-113
-54
36
33
-105
-282
-351
-236
-70
-61
-292
-596
-714
-516
-149
127
181
89
50
170
388
523
470
270
42
-136
-248
-285
-198
32
334
557
575
360
60
-114
-72
72
139
81
26
92
236
310
249
115
32
58
121
99
-49
-221
-310
-297
-279
-318
-373
-341
-196
2
115
52
-177
-431
-526
-360
-1
362
569
570
431
239
81
16
44
98
96
19
-71
-107
-117
-166
-253
-280
-184
-15
33
-162
-482
-630
-395
131
647
873
832
713
735
903
1062
987
609
61
-364
-442
-197
131
273
145
-152
-434
-592
-592
-489
-353
-218
-58
183
468
685
708
497
112
-332
-682
-832
-742
-566
-487
-534
-513
-261
136
335
99
-432
-839
-820
-405
83
325
258
63
-82
-158
-235
-303
-234
54
454
729
705
378
-59
-356
-377
-186
10
54
-46
-162
-197
-150
-119
-182
-311
-379
-281
-44
182
249
149
-6
-51
85
338
531
550
414
235
79
-81
-277
-433
-410
-149
242
545
580
323
-90
-413
-443
-168
210
412
300
53
-24
226
625
872
786
531
380
517
841
1076
954
436
-253
-738
-755
-398
-13
82
-118
-327
-259
76
402
489
350
166
62
34
23
52
159
325
442
460
399
332
279
223
141
76
79
135
158
58
-160
-367
-404
-212
109
385
488
449
374
323
244
48
-260
-575
-746
-719
-519
-222
94
381
590
696
668
537
359
241
235
340
472
540
474
312
148
69
71
72
6
-109
-190
-186
-112
-77
-169
-352
-458
-334
2
351
499
386
114
-106
-106
126
414
539
413
210
165
366
644
694
334
-304
-843
-962
-628
-128
206
215
-9
-220
-212
-12
151
42
-322
-637
-582
-176
241
292
-82
-571
-756
-502
-29
322
379
234
74
-1
-22
-34
-37
-57
-146
-304
-418
-368
-161
9
-24
-259
-516
-619
-491
-243
-58
-47
-144
-216
-199
-163
-176
-209
-167
-18
170
269
192
-28
-246
-380
-458
-513
-467
-174
359
878
1046
788
318
-32
-98
14
80
23
-36
2
68
14
-167
-287
-178
95
299
267
29
-249
-399
-410
-372
-371
-382
-310
-107
188
466
658
718
652
480
283
145
119
171
207
142
-19
-183
-269
-261
-184
-51
66
52
-198
-603
-884
-765
-263
316
606
465
56
-320
-478
-422
-292
-196
-147
-88
67
335
646
838
838
689
533
429
324
139
-94
-264
-270
-108
143
364
419
232
-90
-301
-220
84
334
310
75
-132
-146
-9
120
124
18
-98
-94
85
326
403
187
-197
-470
-458
-261
-87
-49
-104
-133
-52
122
275
263
44
-347
-780
-1108
-1158
-864
-319
185
369
178
-183
-406
-317
-9
264
309
142
-19
22
217
316
109
-335
-731
-817
-582
-199
91
148
-18
-251
-319
-107
253
470
337
-88
-524
-695
-537
-189
135
294
251
61
-191
-411
-522
-471
-286
-57
93
98
18
-26
7
40
-71
-350
-626
-652
-395
-69
31
-169
-509
-743
-751
-548
-247
17
131
84
-21
-60
-4
75
81
-9
-95
-50
90
135
-58
-383
-581
-490
-215
32
79
-99
-361
-460
-271
72
232
18
-423
-737
-694
-331
85
280
164
-118
-374
-504
-573
-638
-612
-340
141
557
554
41
-715
-1250
-1261
-752
-52
435
469
126
-250
-330
-81
239
319
76
-247
-329
-75
299
491
373
58
-242
-401
-400
-259
-13
273
491
500
222
-253
-669
-773
-500
-31
359
471
282
-45
-271
-223
69
364
405
124
-310
-634
-670
-448
-133
41
-50
-358
-657
-694
-378
53
235
-45
-615
-1025
-900
-290
387
684
469
18
-270
-187
146
411
362
9
-401
-641
-648
-578
-573
-637
-626
-512
-405
-467
-675
-841
-763
-454
-91
96
10
-265
-506
-526
-301
-49
-16
-250
-530
-615
-450
-250
-226
-369
-457
-360
-167
-110
-287
-498
-429
37
660
1069
1035
663
220
-29
0
194
330
245
-23
-211
-78
347
747
812
492
83
-76
94
358
421
189
-132
-258
-122
81
27
-395
-980
-1311
-1088
-343
520
1009
903
379
-144
-357
-273
-112
-73
-166
-252
-186
67
387
546
374
-82
-546
-742
-598
-349
-262
-349
-362
-110
302
524
310
-183
-530
-450
-43
310
312
-31
-453
-655
-495
-55
414
661
586
295
-20
-197
-187
-71
16
-18
-139
-196
-72
248
634
939
1030
912
660
374
93
-151
-293
-277
-132
44
170
213
159
-24
-300
-566
-689
-644
-480
-271
-53
122
184
113
-21
-72
41
261
434
471
387
281
219
258
399
627
830
845
555
85
-275
-318
-106
28
-174
-624
-941
-873
-509
-205
-193
-317
-228
188
651
740
308
-355
-780
-779
-514
-324
-356
-453
-335
48
440
491
101
-471
-817
-717
-261
238
485
412
170
30
131
416
674
729
541
235
-21
-96
21
213
311
215
-24
-240
-284
-135
100
250
205
5
-183
-212
-82
65
93
-14
-164
-270
-293
-238
-125
-6
60
27
-84
-187
-188
-91
11
-2
-147
-337
-438
-408
-294
-152
11
209
394
470
368
183
78
125
219
186
-31
-311
-467
-412
-188
88
299
334
146
-201
-526
-656
-529
-205
199
555
721
640
378
167
176
359
476
329
-64
-453
-568
-341
53
370
466
404
321
304
314
319
323
376
457
447
227
-150
-468
-514
-259
66
179
-16
-343
-506
-334
57
378
397
120
-221
-375
-260
-2
209
266
189
57
-70
-159
-174
-84
110
340
519
569
481
293
60
-172
-302
-224
58
366
453
221
-140
-322
-230
-48
-46
-279
-579
-721
-674
-536
-408
-285
-124
83
262
314
196
-39
-257
-327
-275
-235
-316
-446
-481
-365
-175
5
120
125
-5
-197
-279
-143
112
271
160
-201
-608
-788
-602
-141
295
437
229
-148
-387
-282
114
522
610
262
-293
-649
-611
-321
-103
-108
-226
-252
-125
57
180
198
164
152
268
520
806
916
758
417
142
92
205
266
154
-56
-213
-246
-215
-201
-194
-122
36
208
278
183
11
-69
58
320
529
523
351
180
150
230
310
302
226
141
37
-133
-334
-422
-263
103
512
784
867
772
542
229
-66
-247
-283
-213
-123
-75
-76
-80
-44
23
49
-23
-191
-368
-446
-351
-104
189
391
409
258
36
-104
-69
71
131
-2
-236
-319
-99
322
661
702
430
48
-196
-178
20
198
210
71
-92
-195
-250
-286
-269
-115
185
495
618
468
132
-177
-284
-168
45
209
262
237
177
100
10
-52
-39
46
142
210
250
260
190
-19
-324
-537
-459
-108
272
329
-77
-732
-1177
-1086
-498
173
491
311
-145
-483
-446
-146
80
-34
-409
-676
-523
-12
481
620
381
13
-225
-242
-110
45
121
72
-64
-210
-308
-332
-262
-121
15
52
-19
-101
-94
27
197
306
256
48
-198
-260
-17
409
710
667
320
-79
-303
-306
-188
-53
48
142
260
409
524
529
393
188
16
-92
-177
-298
-430
-485
-380
-195
-101
-222
-478
-619
-435
27
490
677
511
169
-105
-144
38
283
392
248
-88
-406
-493
-349
-147
-68
-120
-177
-134
-45
-26
-90
-120
13
293
528
494
191
-144
-233
-20
232
205
-158
-584
-700
-354
182
448
190
-396
-851
-837
-471
-139
-109
-288
-382
-209
167
525
712
683
485
191
-82
-231
-202
-31
152
209
132
39
45
122
114
-72
-325
-418
-274
-28
128
143
144
249
431
542
533
460
390
283
38
-354
-728
-849
-667
-341
-74
71
153
212
224
162
107
144
280
410
452
386
318
355
546
784
893
730
306
-223
-654
-833
-763
-543
-308
-121
27
158
312
497
666
693
457
-25
-549
-847
-814
-545
-255
-89
-68
-112
-126
-54
81
194
176
-7
-268
-442
-399
-137
199
412
354
33
-406
-741
-825
-634
-284
68
263
226
-6
-283
-403
-255
83
389
478
330
118
32
71
64
-118
-391
-534
-418
-154
41
63
-11
-51
-5
105
222
304
307
213
52
-126
-284
-397
-414
-290
-53
147
162
40
-27
106
356
454
214
-222
-489
-303
267
812
902
484
-96
-423
-370
-178
-136
-288
-424
-334
-6
351
490
335
29
-195
-211
-61
118
196
120
-34
-116
-20
194
374
410
336
235
169
143
190
318
462
478
279
-77
-353
-328
-30
278
313
35
-316
-449
-310
-78
27
-42
-160
-177
-112
-102
-244
-457
-603
-595
-448
-204
71
269
262
29
-269
-414
-341
-161
-78
-186
-387
-469
-319
-24
220
284
255
291
401
407
185
-152
-335
-216
73
272
218
-50
-372
-561
-521
-283
-46
-5
-179
-375
-366
-107
207
330
167
-172
-485
-605
-456
-88
328
577
536
259
-48
-197
-154
-26
15
-112
-356
-553
-599
-502
-360
-223
-55
172
374
400
192
-139
-424
-548
-525
-411
-230
15
260
380
311
115
-3
111
442
777
874
620
144
-294
-472
-353
-80
151
264
305
339
343
227
-42
-336
-447
-233
243
695
794
440
-147
-547
-480
-43
399
550
390
114
-100
-222
-307
-354
-292
-104
127
295
356
346
296
236
188
187
220
176
-44
-371
-580
-492
-149
214
378
300
82
-107
-133
2
153
167
38
-12
211
588
738
356
-445
-1180
-1361
-940
-270
223
378
292
126
-56
-251
-392
-367
-154
133
333
364
276
166
69
-38
-187
-344
-491
-609
-722
-791
-724
-428
18
385
490
345
149
66
126
246
357
407
382
285
159
43
-64
-174
-285
-357
-363
-301
-196
-68
58
142
157
109
66
82
198
386
497
339
-119
-631
-810
-471
115
465
284
-283
-799
-885
-512
42
398
359
23
-316
-411
-232
34
182
94
-192
-503
-609
-397
24
388
491
328
35
-235
-375
-306
-27
363
682
778
608
279
-38
-212
-220
-116
22
155
263
325
300
164
-57
-299
-481
-543
-451
-242
-5
172
255
282
287
255
146
29
34
179
294
215
-17
-162
-60
173
284
186
18
-57
-23
25
25
19
63
113
77
-68
-230
-260
-82
226
470
455
140
-297
-567
-456
7
549
830
777
577
531
702
891
815
436
-34
-241
-7
547
1036
1151
853
401
65
-28
67
192
190
25
-180
-197
75
478
702
595
268
-5
-60
135
485
877
1132
1095
716
210
-123
-101
188
473
511
238
-208
-589
-701
-513
-166
109
167
50
-83
-86
55
241
343
340
299
304
332
308
189
45
-18
-14
-59
-208
-356
-344
-142
87
155
61
-40
68
440
898
1100
873
349
-78
-133
112
341
297
-11
-351
-474
-314
-14
163
59
-268
-572
-648
-468
-226
-120
-197
-318
-315
-133
143
371
432
291
35
-181
-258
-224
-169
-117
-26
113
187
83
-153
-334
-315
-117
109
226
220
155
81
5
-91
-203
-294
-301
-210
-70
-2
-80
-258
-379
-279
63
452
603
378
-84
-475
-564
-404
-214
-152
-182
-145
43
315
505
548
485
388
251
48
-180
-335
-348
-246
-96
42
129
131
48
-36
-26
115
306
383
223
-139
-500
-612
-367
98
495
578
309
-132
-486
-582
-417
-162
-13
-59
-211
-331
-341
-241
-53
181
360
344
89
-267
-492
-472
-267
-57
29
39
112
313
521
557
351
95
45
278
582
650
348
-159
-553
-643
-462
-218
-84
-67
-43
92
299
426
353
97
-203
-387
-367
-195
-7
63
-3
-130
-222
-172
76
465
776
777
416
-64
-344
-278
15
302
414
349
207
70
-50
-201
-386
-550
-589
-454
-189
61
160
135
138
276
450
425
77
-431
-769
-736
-388
-13
128
11
-148
-131
69
293
390
337
177
-37
-236
-338
-302
-208
-161
-190
-216
-167
-51
47
61
9
-36
-18
57
123
106
-8
-152
-232
-202
-75
104
323
550
755
866
789
453
-17
-341
-313
-25
189
102
-183
-366
-305
-107
45
87
116
229
390
452
350
160
28
18
69
76
-2
-115
-214
-278
-319
-327
-281
-170
-71
-83
-253
-490
-637
-575
-373
-196
-149
-170
-90
168
465
549
355
67
-7
237
595
731
506
70
-272
-322
-130
85
127
-21
-181
-153
119
470
667
580
330
136
114
175
136
-79
-342
-433
-311
-138
-84
-130
-124
9
146
120
-77
-287
-354
-242
-28
174
314
383
423
447
465
450
426
419
410
301
58
-212
-302
-125
195
430
412
131
-257
-510
-477
-207
90
237
244
225
255
288
270
201
131
83
50
30
2
-71
-221
-391
-457
-336
-110
52
55
-51
-140
-131
22
305
662
936
972
713
276
-146
-441
-584
-622
-584
-495
-356
-200
-75
18
126
307
527
653
549
236
-119
-350
-407
-407
-464
-628
-810
-891
-766
-427
32
443
650
645
531
415
287
89
-163
-352
-361
-211
-23
140
296
467
573
541
375
219
190
250
242
51
-278
-612
-805
-817
-663
-456
-306
-243
-173
22
319
545
524
226
-216
-637
-887
-938
-825
-632
-392
-165
-34
-43
-121
-113
54
258
300
132
-102
-204
-108
77
184
137
-20
-199
-330
-394
-386
-316
-193
-83
-55
-180
-423
-716
-933
-1034
-996
-914
-854
-853
-828
-673
-345
105
557
1026
1513
2076
2558
2797
2583
2025
1364
969
946
1153
1251
1034
524
-60
-486
-729
-877
-1106
-1415
-1761
-1977
-2041
-1933
-1791
-1668
-1573
-1362
-979
-495
-138
-51
-87
42
521
1171
1652
1670
1382
1124
1249
1695
2167
2259
1931
1386
930
633
353
-55
-601
-1114
-1495
-1677
-1788
-1892
-2046
-2095
-1955
-1593
-1232
-1047
-1093
-1181
-1011
-395
531
1322
1663
1549
1363
1365
1598
1820
1908
1804
1640
1487
1394
1251
973
552
134
-133
-227
-236
-348
-656
-1077
-1321
-1156
-593
19
304
166
-155
-360
-342
-158
98
356
514
463
200
-103
-252
-244
-218
-277
-356
