0
3427
0
-1778
0
-4540
0
-76
0
4933
0
2363
0
-3693
0
-2798
0
2871
0
2017
0
174
0
-4262
0
-1035
0
3108
0
3656
0
-735
0
-3684
0
679
0
5575
0
1163
0
-2539
0
-4929
0
2345
0
3940
0
-881
0
-3113
0
-3187
0
2958
0
2684
0
-2424
0
-5411
0
576
0
4807
0
2042
0
-1783
0
-5865
0
1864
0
3598
0
391
0
-3046
0
-1471
0
3068
0
3503
0
-583
0
-5376
0
-164
0
4193
0
3331
0
-2788
0
-3326
0
1972
0
797
0
-491
0
249
0
-739
0
955
0
472
0
362
0
-1491
0
114
0
-147
0
-191
0
242
0
2279
0
1945
0
-515
0
123
0
-454
0
-153
0
2480
0
-222
0
-863
0
957
0
228
0
-559
0
662
0
91
0
-613
0
1813
0
-564
0
750
0
68
0
-660
0
-375
0
840
0
-675
0
-1504
0
833
0
153
0
-118
0
563
0
-142
0
-235
0
1359
0
-1236
0
639
0
-2540
0
537
0
796
0
234
0
-1093
0
-38
0
-498
0
-11
0
289
0
299
0
539
0
2336
0
142
0
931
0
-178
0
-931
0
1355
0
380
0
-1568
0
-1742
0
-468
0
-240
0
-1147
0
1798
0
452
0
459
0
81
0
-626
0
474
0
-597
0
-1438
0
-180
0
1450
0
-198
0
95
0
986
0
-1903
0
830
0
-40
0
-977
0
-233
0
-1637
0
-312
0
-120
0
-539
0
86
0
-1093
0
-783
0
1379
0
-513
0
-449
0
-12
0
1089
0
546
0
-12
0
-403
0
-1449
0
-1394
0
-273
0
-367
0
-825
0
1445
0
-303
0
336
0
238
0
-828
0
77
0
-1102
0
616
0
-2434
0
122
0
907
0
621
0
-1044
0
150
0
-529
0
-265
0
-453
0
-17
0
616
0
1396
0
854
0
-81
0
342
0
1074
0
458
0
-1335
0
-1266
0
47
0
-773
0
1135
0
2410
0
-736
0
1742
0
356
0
470
0
27
0
441
0
1419
0
893
0
363
0
-400
0
-787
0
-250
0
-257
0
808
0
-515
0
-1096
0
-162
0
-925
0
-2339
0
123
0
-1026
0
383
0
541
0
-1600
0
-518
0
313
0
995
0
-437
0
-1691
0
-334
0
-1544
0
2133
0
-931
0
-904
0
-551
0
-345
0
227
0
-1592
0
961
0
739
0
24
0
1540
0
-1057
0
-98
0
-754
0
-1492
0
334
0
892
0
733
0
62
0
982
0
-1010
0
-1371
0
1936
0
-1060
0
250
0
-309
0
570
0
1325
0
902
0
1067
0
-307
0
197
0
461
0
-912
0
1878
0
-1654
0
1372
0
1022
0
-131
0
-343
0
959
0
122
0
498
0
910
0
777
0
45
0
-604
0
-1350
0
-173
0
-325
0
1385
0
837
0
94
0
-771
0
708
0
-1191
0
112
0
601
0
-199
0
1423
0
394
0
-389
0
614
0
-614
0
1303
0
1264
0
-303
0
-1041
0
-370
0
-140
0
-25
0
1124
0
-1003
0
-904
0
3
0
-1
0
634
0
324
0
465
0
2170
0
-12
0
-2113
0
1667
0
330
0
-915
0
-481
0
-276
0
-1616
0
355
0
473
0
535
0
-253
0
-171
0
641
0
-141
0
121
0
1036
0
-2451
0
412
0
870
0
1764
0
1178
0
397
0
243
0
-303
0
-185
0
2543
0
-26
0
222
0
196
0
-349
0
210
0
-7
0
649
0
-1575
0
-479
0
61
0
918
0
-271
0
-1932
0
1165
0
-758
0
-691
0
-155
0
-276
0
-122
0
-325
0
-1273
0
-934
0
391
0
544
0
2473
0
1360
0
-98
0
313
0
-1200
0
577
0
2062
0
1451
0
1224
0
-643
0
-352
0
415
0
1846
0
758
0
15
0
-1300
0
337
0
987
0
-349
0
984
0
158
0
-231
0
-286
0
-1792
0
-1164
0
540
0
-567
0
1114
0
-2031
0
-229
0
1214
0
-487
0
48
0
1690
0
1215
0
1649
0
-252
0
1316
0
-187
0
-474
0
981
0
125
0
-575
0
836
0
1278
0
1239
0
398
0
-143
0
-736
0
-625
0
-1232
0
-308
0
-1268
0
-761
0
1976
0
599
0
-835
0
155
0
156
0
-569
0
-1404
0
1785
0
-1489
0
1525
0
1104
0
-864
0
-357
0
-260
0
-549
0
215
0
636
0
393
0
-1993
0
-406
0
1524
0
702
0
1285
0
467
0
513
0
211
0
1682
0
233
0
5
0
1155
0
-1398
0
-1684
0
-19
0
13
0
1193
0
-825
0
1026
0
-1899
0
-2296
0
-460
0
-122
0
542
0
-2489
0
-834
0
-1048
0
2058
0
1995
0
824
0
-278
0
-747
0
493
0
877
0
-339
0
1497
0
-355
0
230
0
421
0
1771
0
-1901
0
-641
0
-547
0
204
0
-1167
0
837
0
413
0
597
0
-988
0
435
0
-1055
0
-545
0
2552
0
-4
0
-631
0
1468
0
214
0
-807
0
211
0
-196
0
1538
0
1631
0
-867
0
1763
0
278
0
-922
0
-853
0
690
0
1772
0
74
0
-1004
0
1445
0
981
0
449
0
-947
0
-51
0
328
0
1917
0
-557
0
876
0
1127
0
1118
0
1023
0
-353
0
166
0
-468
0
1876
0
652
0
-453
0
1579
0
-509
0
-1185
0
1044
0
1152
0
578
0
-125
0
-101
0
474
0
1012
0
382
0
299
0
1692
0
-2523
0
-2123
0
116
0
-122
0
-776
0
885
0
543
0
-670
0
-1121
0
-93
0
1503
0
-141
0
831
0
-916
0
-341
0
-919
0
825
0
-396
0
-959
0
57
0
644
0
-433
0
618
0
-242
0
406
0
290
0
1235
0
-1345
0
-332
0
-71
0
-100
0
945
0
-1115
0
-21
0
1427
0
-1206
0
-584
0
-908
0
1777
0
-488
0
-481
0
788
0
664
0
-879
0
-155
0
421
0
380
0
-872
0
1604
0
-1485
0
-1296
0
-1687
0
-661
0
-206
0
1724
0
705
0
-2030
0
-408
0
1584
0
-191
0
232
0
1337
0
-119
0
-469
0
-573
0
947
0
-495
0
-1121
0
550
0
-331
0
1389
0
-774
0
407
0
-613
0
-1103
0
1353
0
376
0
-821
0
1649
0
779
0
702
0
1707
0
3175
0
-1678
0
776
0
1849
0
393
0
361
0
490
0
-1699
0
-598
0
-1338
0
448
0
-756
0
253
0
442
0
109
0
-752
0
-1191
0
703
0
-595
0
212
0
-201
0
-460
0
-107
0
88
0
835
0
193
0
-178
0
-7
0
-282
0
-611
0
-1054
0
800
0
13
0
57
0
-408
0
953
0
-885
0
-500
0
773
0
1371
0
70
0
-771
0
341
0
-558
0
396
0
-58
0
-496
0
-1082
0
487
0
597
0
349
0
1198
0
267
0
278
0
786
0
-223
0
1129
0
-450
0
-186
0
-238
0
1526
0
-1669
0
-638
0
-260
0
-65
0
-90
0
675
0
-303
0
-433
0
-201
0
-788
0
478
0
-703
0
1039
0
1096
0
-51
0
-784
0
678
0
39
0
-1825
0
208
0
168
0
-137
0
-1053
0
-10
0
999
0
405
0
-663
0
87
0
-4
0
605
0
-916
0
471
0
-537
0
340
0
-1057
0
1345
0
1022
0
90
0
136
0
1204
0
-264
0
-561
0
320
0
207
0
-577
0
-331
0
-758
0
851
0
762
0
-34
0
927
0
400
0
1194
0
221
0
573
0
60
0
14
0
-1720
0
-394
0
1000
0
-392
0
17
0
-966
0
1435
0
-1492
0
-1989
0
1270
0
-438
0
-43
0
-1377
0
-3467
0
-396
0
-828
0
920
0
833
0
307
0
291
0
-1024
0
725
0
-1282
0
643
0
193
0
906
0
3176
0
-125
0
93
0
-430
0
-765
0
-266
0
623
0
-1366
0
223
0
487
0
-1744
0
-525
0
382
0
-400
0
-639
0
1272
0
-1008
0
1246
0
-73
0
-2023
0
-1035
0
-566
0
684
0
-271
0
-203
0
-498
0
-822
0
-48
0
-764
0
-251
0
-524
0
152
0
658
0
-671
0
1
0
-1079
0
-1211
0
-1876
0
-71
0
-362
0
446
0
-321
0
-1713
0
229
0
590
0
1263
0
-964
0
1541
0
-959
0
-440
0
2183
0
-1145
0
164
0
866
0
328
0
-369
0
507
0
-735
0
-178
0
246
0
681
0
60
0
-538
0
-1209
0
-290
0
-747
0
-1354
0
329
0
-436
0
-464
0
-192
0
-994
0
-718
0
-440
0
-631
0
2159
0
1169
0
-1053
0
106
0
-325
0
-1225
0
367
0
126
0
-421
0
-58
0
473
0
600
0
-1
0
723
0
194
0
-496
0
-984
0
-962
0
-542
0
765
0
-371
0
-843
0
-877
0
1446
0
-1255
0
-724
0
411
0
-481
0
1513
0
-153
0
1286
0
-1136
0
-1030
0
-130
0
-808
0
-152
0
-303
0
1552
0
117
0
-1056
0
-488
0
131
0
-1124
0
295
0
987
0
-162
0
1043
0
-1983
0
-1019
0
-27
0
-531
0
-1244
0
-447
0
-584
0
-508
0
336
0
653
0
-140
0
-413
0
-608
0
499
0
241
0
201
0
776
0
138
0
-1657
0
269
0
1020
0
606
0
2517
0
-1322
0
120
0
1975
0
1059
0
1105
0
-519
0
-1374
0
945
0
-861
0
-383
0
1209
0
368
0
-131
0
-112
0
1643
0
31
0
862
0
155
0
-759
0
1440
0
-921
0
601
0
-558
0
-346
0
-314
0
471
0
-253
0
-330
0
-1238
0
-436
0
-1244
0
-167
0
126
0
-522
0
-2232
0
-620
0
-496
0
825
0
1839
0
444
0
325
0
-1818
0
-102
0
-1645
0
5
0
-160
0
680
0
897
0
-441
0
-2101
0
-1069
0
-1355
0
1393
0
741
0
402
0
998
0
74
0
-2
0
192
0
1300
0
498
0
564
0
-829
0
-93
0
100
0
454
0
-1351
0
2259
0
232
0
-254
0
53
0
1061
0
83
0
-730
0
-152
0
-691
0
-1257
0
2363
0
-1217
0
1850
0
694
0
1758
0
454
0
931
0
-1529
0
394
0
581
0
-1800
0
0
0
56
0
-259
0
-1003
0
1574
0
917
0
824
0
-250
0
379
0
1436
0
-517
0
-505
0
1187
0
-206
0
146
0
156
0
1480
0
594
0
86
0
-1995
0
1566
0
-299
0
-1412
0
1382
0
-35
0
-134
0
47
0
-455
0
-160
0
335
0
1005
0
1317
0
1089
0
-907
0
542
0
77
0
-956
0
547
0
911
0
772
0
234
0
-874
0
-8
0
-1121
0
1632
0
-721
0
206
0
-1040
0
294
0
111
0
-331
0
412
0
505
0
491
0
-1400
0
-1672
0
337
0
193
0
637
0
324
0
-118
0
-30
0
520
0
-1080
0
498
0
940
0
1103
0
1235
0
30
0
563
0
-658
0
-848
0
750
0
-420
0
-48
0
-1422
0
1327
0
21
0
1140
0
-2247
0
-281
0
-2112
0
242
0
632
0
-529
0
-547
0
653
0
-623
0
-981
0
373
0
318
0
-2472
0
1110
0
772
0
-764
0
-559
0
849
0
344
0
-1262
0
1362
0
-114
0
-721
0
-81
0
-867
0
877
0
-484
0
45
0
-468
0
64
0
248
0
864
0
768
0
1050
0
-23
0
454
0
1605
0
-663
0
827
0
408
0
69
0
-854
0
728
0
1111
0
-744
0
205
0
726
0
44
0
-1446
0
-296
0
625
0
632
0
-217
0
883
0
1133
0
-1057
0
-248
0
-1456
0
-562
0
547
0
830
0
1552
0
224
0
228
0
-390
0
-1661
0
-733
0
-96
0
-473
0
-592
0
-190
0
1684
0
1282
0
685
0
1285
0
-1071
0
234
0
-106
0
336
0
-865
0
-37
0
42
0
424
0
-218
0
-318
0
621
0
473
0
1302
0
428
0
1897
0
1046
0
-1747
0
-789
0
-1185
0
196
0
491
0
-202
0
79
0
-383
0
644
0
31
0
1425
0
2015
0
544
0
-12
0
364
0
-1260
0
-224
0
558
0
-810
0
-1298
0
945
0
-980
0
324
0
396
0
-284
0
-907
0
-315
0
333
0
1084
0
-501
0
-1433
0
-631
0
567
0
-42
0
1066
0
173
0
750
0
402
0
-1276
0
2027
0
-31
0
108
0
-59
0
-1546
0
990
0
-53
0
1314
0
369
0
-827
0
102
0
1134
0
-833
0
-616
0
-210
0
1248
0
-214
0
370
0
406
0
-758
0
362
0
-1122
0
-799
0
242
0
222
0
-1316
0
624
0
-465
0
-944
0
110
0
1157
0
-883
0
912
0
1049
0
-488
0
-619
0
-498
0
393
0
795
0
-980
0
475
0
596
0
-608
0
856
0
-1827
0
802
0
1155
0
-239
0
721
0
433
0
103
0
607
0
-787
0
-91
0
-1656
0
412
0
-859
0
-528
0
43
0
418
0
-846
0
-58
0
-1239
0
-979
0
-467
0
-225
0
265
0
1239
0
-519
0
286
0
-741
0
628
0
-1435
0
-1215
0
998
0
25
0
463
0
-653
0
1699
0
-137
0
923
0
1003
0
349
0
310
0
-1673
0
284
0
552
0
-1818
0
4647
0
-1411
0
-4138
0
333
0
3489
0
2840
0
-3153
0
-4251
0
2334
0
3053
0
-370
0
-3803
0
-167
0
2114
0
3954
0
-2714
0
-3474
0
-323
0
3709
0
2601
0
-2644
0
-4396
0
1879
0
2873
0
447
0
-2868
0
-2319
0
2212
0
1862
0
-659
0
-3493
0
-1227
0
2115
0
796
0
-2013
0
-2887
0
1571
0
5900
0
1397
0
-3468
0
-2938
0
3832
0
4744
0
-918
0
-4117
0
931
0
4148
0
-283
0
-3358
0
-3494
0
1402
0
-221
0
-1123
0
257
0
639
0
965
0
-1061
0
-146
0
-606
0
-2235
0
-2136
0
-152
0
-574
0
242
0
827
0
-347
0
1546
0
416
0
-201
0
504
0
-512
0
-1144
0
536
0
2114
0
-3073
0
1269
0
430
0
83
0
139
0
987
0
857
0
540
0
1700
0
202
0
879
0
911
0
459
0
-272
0
-263
0
620
0
-1867
0
1275
0
-493
0
926
0
203
0
96
0
311
0
-381
0
1086
0
-799
0
531
0
-368
0
204
0
-180
0
-682
0
131
0
844
0
961
0
-449
0
142
0
-886
0
941
0
-180
0
-1236
0
-560
0
354
0
2140
0
900
0
809
0
1574
0
1559
0
1333
0
-686
0
-322
0
409
0
-1548
0
-747
0
63
0
262
0
-439
0
852
0
-1203
0
1455
0
27
0
-748
0
-468
0
-839
0
-298
0
-1308
0
-603
0
-382
0
-214
0
577
0
-1055
0
64
0
-223
0
639
0
-195
0
366
0
2040
0
190
0
2021
0
197
0
-820
0
-2967
0
-416
0
-1535
0
481
0
-1259
0
-390
0
-1994
0
-629
0
716
0
-326
0
1277
0
305
0
-1180
0
-185
0
-375
0
-236
0
1022
0
60
0
987
0
1454
0
914
0
194
0
-85
0
671
0
1
0
-733
0
-629
0
141
0
617
0
232
0
-379
0
-1841
0
511
0
-203
0
431
0
-465
0
-114
0
232
0
421
0
694
0
-25
0
272
0
-1546
0
248
0
741
0
-702
0
-97
0
739
0
-1610
0
3
0
296
0
591
0
450
0
749
0
-191
0
1848
0
-614
0
-753
0
773
0
-1812
0
-300
0
-24
0
-90
0
500
0
929
0
-1035
0
-2077
0
665
0
-724
0
-492
0
1230
0
753
0
-842
0
400
0
605
0
-1716
0
-457
0
146
0
-337
0
-1618
0
-768
0
627
0
-826
0
1062
0
-822
0
-1312
0
219
0
1581
0
1005
0
-974
0
666
0
1294
0
-1037
0
-293
0
-1441
0
431
0
960
0
561
0
742
0
866
0
1255
0
581
0
695
0
86
0
926
0
657
0
757
0
130
0
-1588
0
269
0
-536
0
-1427
0
-154
0
919
0
1148
0
621
0
1015
0
-80
0
695
0
510
0
404
0
-99
0
-106
0
-42
0
2341
0
864
0
456
0
-509
0
-2303
0
-674
0
584
0
781
0
-361
0
-1485
0
896
0
318
0
-632
0
1572
0
621
0
-304
0
-545
0
-433
0
220
0
-263
0
-1169
0
278
0
-1048
0
235
0
934
0
439
0
486
0
-1253
0
-803
0
603
0
782
0
-792
0
-392
0
-903
0
593
0
924
0
-100
0
148
0
192
0
-1046
0
567
0
-1011
0
-414
0
558
0
553
0
-12
0
-38
0
-1094
0
53
0
-1666
0
-1775
0
728
0
178
0
425
0
-469
0
-393
0
-603
0
968
0
659
0
-1178
0
1364
0
-1336
0
-1026
0
1772
0
-928
0
432
0
-524
0
-330
0
1002
0
-478
0
-417
0
1851
0
-772
0
-1483
0
959
0
254
0
-743
0
192
0
170
0
-265
0
-1188
0
887
0
867
0
184
0
1061
0
-787
0
2146
0
-1321
0
-929
0
1876
0
685
0
-1328
0
-58
0
1743
0
320
0
-1223
0
454
0
200
0
664
0
749
0
460
0
-1415
0
-1159
0
699
0
989
0
-1008
0
382
0
-523
0
-754
0
-191
0
-1827
0
464
0
-818
0
-303
0
-336
0
-799
0
-13
0
67
0
1314
0
-806
0
1455
0
421
0
-772
0
1579
0
-1465
0
521
0
849
0
881
0
-1382
0
41
0
219
0
1103
0
-656
0
1093
0
307
0
1526
0
-43
0
-913
0
-688
0
-623
0
1244
0
845
0
18
0
1071
0
-847
0
-282
0
190
0
-533
0
650
0
-180
0
-1416
0
-969
0
191
0
75
0
158
0
-77
0
1843
0
-1185
0
-657
0
-138
0
638
0
583
0
-39
0
-643
0
650
0
49
0
-770
0
-1522
0
-521
0
386
0
860
0
1747
0
-69
0
-106
0
-269
0
-1321
0
794
0
-411
0
-811
0
456
0
38
0
848
0
772
0
18
0
709
0
476
0
-771
0
-668
0
93
0
1021
0
446
0
-525
0
1721
0
-366
0
-564
0
-921
0
-787
0
-310
0
-88
0
284
0
1047
0
-115
0
1318
0
1659
0
62
0
375
0
-2003
0
-966
0
631
0
68
0
184
0
-694
0
997
0
411
0
-1530
0
-938
0
-30
0
-551
0
412
0
-2029
0
-694
0
245
0
-158
0
-536
0
-1321
0
-858
0
406
0
-456
0
-235
0
145
0
1630
0
511
0
197
0
-1061
0
1200
0
-19
0
-1228
0
-385
0
-270
0
658
0
236
0
-1044
0
-583
0
1622
0
-720
0
-623
0
1044
0
1527
0
226
0
-353
0
-452
0
-460
0
44
0
276
0
-211
0
240
0
-75
0
458
0
1467
0
-629
0
-586
0
-826
0
304
0
-54
0
217
0
-207
0
913
0
-1978
0
-491
0
-109
0
-725
0
-650
0
-530
0
848
0
1901
0
-72
0
-147
0
586
0
320
0
-87
0
563
0
193
0
1958
0
384
0
733
0
-909
0
140
0
-301
0
522
0
-876
0
588
0
-596
0
403
0
-256
0
1757
0
-297
0
-2064
0
-676
0
-833
0
1522
0
-2534
0
45
0
-1974
0
-671
0
-248
0
788
0
-1874
0
182
0
-323
0
736
0
67
0
-1130
0
-1083
0
836
0
-207
0
208
0
905
0
-2044
0
-1241
0
-1068
0
-742
0
311
0
-1196
0
405
0
300
0
-1033
0
-838
0
479
0
1759
0
184
0
241
0
1135
0
421
0
-566
0
-1005
0
-1287
0
-824
0
-319
0
-212
0
-360
0
704
0
232
0
-1336
0
275
0
-104
0
325
0
1050
0
142
0
-1647
0
621
0
-694
0
-461
0
27
0
1481
0
50
0
-118
0
-575
0
84
0
-176
0
1080
0
-802
0
-234
0
191
0
1264
0
-92
0
761
0
434
0
-448
0
-1200
0
885
0
-626
0
-323
0
-162
0
-754
0
183
0
-701
0
-734
0
-236
0
-530
0
1244
0
1608
0
608
0
990
0
-503
0
-666
0
204
0
-87
0
1768
0
-344
0
-1047
0
493
0
1621
0
1342
0
-1972
0
648
0
567
0
1582
0
-520
0
842
0
256
0
422
0
-372
0
-1953
0
398
0
-742
0
-786
0
504
0
81
0
858
0
1846
0
-341
0
-430
0
-329
0
-983
0
-1863
0
-359
0
1652
0
-91
0
-828
0
-412
0
1612
0
40
0
-462
0
-1828
0
-1313
0
-474
0
84
0
-1151
0
-291
0
107
0
-1716
0
-1236
0
-205
0
598
0
12
0
-395
0
-238
0
-1189
0
-1784
0
246
0
884
0
1209
0
604
0
-370
0
1136
0
-1069
0
-2256
0
-610
0
-866
0
430
0
-561
0
725
0
734
0
-129
0
-905
0
-1455
0
345
0
575
0
-521
0
-379
0
-559
0
-71
0
868
0
288
0
-155
0
-616
0
329
0
370
0
1195
0
1885
0
661
0
-404
0
834
0
407
0
-523
0
817
0
103
0
1835
0
270
0
-833
0
283
0
1009
0
-804
0
101
0
95
0
-938
0
-454
0
-98
0
337
0
866
0
-369
0
93
0
-353
0
-734
0
643
0
208
0
798
0
-108
0
1397
0
138
0
-212
0
1051
0
-2059
0
-564
0
-920
0
-833
0
497
0
-1886
0
-291
0
-1709
0
-376
0
-863
0
384
0
769
0
340
0
-6
0
-352
0
-606
0
1245
0
-915
0
885
0
-675
0
-255
0
918
0
434
0
170
0
-1139
0
-528
0
-633
0
-40
0
83
0
-1691
0
682
0
205
0
1109
0
171
0
-1523
0
-276
0
587
0
-1574
0
1233
0
1729
0
1211
0
-158
0
-440
0
-9
0
39
0
707
0
354
0
1586
0
960
0
-582
0
-1217
0
782
0
822
0
-588
0
-355
0
-384
0
1549
0
352
0
-493
0
909
0
1995
0
528
0
-215
0
435
0
-29
0
-103
0
-1277
0
-567
0
238
0
38
0
1158
0
-484
0
317
0
-721
0
-232
0
-1603
0
62
0
44
0
-1363
0
455
0
1051
0
1897
0
-851
0
2003
0
458
0
601
0
194
0
-83
0
382
0
-369
0
359
0
-360
0
-2553
0
-1591
0
778
0
336
0
595
0
-782
0
-830
0
-644
0
-129
0
832
0
1006
0
-191
0
-1361
0
-216
0
-422
0
815
0
1628
0
-448
0
890
0
-1073
0
-444
0
-71
0
-513
0
-604
0
-337
0
418
0
-582
0
-2163
0
1004
0
-735
0
1221
0
344
0
2112
0
-1103
0
888
0
1015
0
173
0
-78
0
294
0
-669
0
-1359
0
835
0
-226
0
-633
0
-308
0
-460
0
565
0
-380
0
-98
0
-1874
0
19
0
-543
0
-1397
0
1141
0
376
0
-257
0
1253
0
-74
0
1284
0
-163
0
-1761
0
-1748
0
1943
0
-212
0
-564
0
679
0
817
0
-2157
0
270
0
1343
0
102
0
-88
0
-1184
0
261
0
-2095
0
579
0
-336
0
-853
0
970
0
-268
0
335
0
395
0
-15
0
-361
0
-1016
0
325
0
-740
0
-1302
0
-200
0
73
0
-51
0
-965
0
507
0
-1096
0
193
0
1827
0
483
0
428
0
-1136
0
1011
0
683
0
-1236
0
710
0
1840
0
228
0
1167
0
1510
0
449
0
-557
0
-901
0
-512
0
-909
0
478
0
803
0
-709
0
639
0
602
0
-490
0
-274
0
939
0
533
0
193
0
-283
0
1196
0
-680
0
1466
0
-2078
0
-901
0
-203
0
591
0
784
0
-1568
0
158
0
-200
0
880
0
283
0
-127
0
-356
0
-1513
0
-1953
0
-595
0
-1887
0
640
0
-569
0
411
0
937
0
40
0
858
0
-792
0
-677
0
2164
0
-2187
0
2126
0
-174
0
246
0
-1374
0
434
0
-340
0
743
0
1004
0
113
0
154
0
-589
0
447
0
1221
0
1229
0
765
0
437
0
-477
0
339
0
-314
0
-515
0
-926
0
428
0
1250
0
30
0
-28
0
-244
0
-927
0
332
0
355
0
-363
0
334
0
231
0
-93
0
491
0
816
0
773
0
1245
0
-90
0
-1105
0
22
0
1519
0
-189
0
-1081
0
246
0
-347
0
2288
0
646
0
-4
0
1045
0
599
0
306
0
-1228
0
-482
0
1023
0
-1050
0
3
0
-278
0
137
0
-429
0
1771
0
-237
0
732
0
745
0
617
0
1104
0
-332
0
-365
0
-485
0
-421
0
335
0
-501
0
-565
0
-1630
0
70
0
-190
0
573
0
-27
0
-69
0
-1384
0
310
0
-445
0
149
0
1307
0
998
0
97
0
-103
0
-290
0
464
0
1279
0
792
0
63
0
-1003
0
-474
0
-875
0
-1308
0
701
0
-209
0
295
0
-1021
0
1294
0
-661
0
1275
0
769
0
364
0
727
0
185
0
-1481
0
740
0
959
0
-1532
0
283
0
730
0
-198
0
3047
0
776
0
-673
0
-988
0
620
0
783
0
-379
0
116
0
723
0
639
0
1720
0
-651
0
647
0
2431
0
-836
0
-412
0
361
0
-1027
0
675
0
-460
0
997
0
-952
0
282
0
-31
0
-231
0
-1643
0
-581
0
206
0
-574
0
853
0
-242
0
949
0
-681
0
-1170
0
-1005
0
484
0
1677
0
849
0
-656
0
-2848
0
-953
0
-584
0
-777
0
260
0
-739
0
680
0
-1119
0
304
0
-596
0
-984
0
436
0
-53
0
1
0
687
0
1013
0
481
0
421
0
1456
0
1110
0
-1039
0
1121
0
-310
0
444
0
1314
0
167
0
-2209
0
-298
0
-304
0
-223
0
-172
0
340
0
-434
0
441
0
1628
0
2
0
-61
0
336
0
-1053
0
-300
0
-17
0
390
0
136
0
-380
0
533
0
-878
0
1147
0
1459
0
-3532
0
-1561
0
-794
0
-656
0
982
0
-906
0
646
0
1401
0
-757
0
480
0
-938
0
750
0
-89
0
-754
0
-207
0
-1
0
858
0
-978
0
-177
0
-500
0
736
0
331
0
338
0
225
0
1216
0
1079
0
644
0
1350
0
-1239
0
-941
0
-346
0
578
0
-13
0
-904
0
330
0
-1102
0
-415
0
-489
0
960
0
752
0
-1148
0
502
0
158
0
-466
0
81
0
-238
0
1155
0
-855
0
446
0
-127
0
-1547
0
196
0
851
0
-566
0
-646
0
-1007
0
1951
0
-2726
0
-3826
0
-2
0
4652
0
1549
0
-2486
0
-2170
0
1352
0
3485
0
-1706
0
-3341
0
-2787
0
2360
0
3799
0
-1306
0
-3216
0
-426
0
5073
0
87
0
-4330
0
-5412
0
4040
0
6079
0
98
0
-4007
0
-1297
0
3119
0
3561
0
-958
0
-4339
0
-296
0
5230
0
2099
0
-3766
0
-4033
0
2332
0
2805
0
2801
0
-2943
0
-1520
0
1547
0
3130
0
-1851
0
-4634
0
1115
0
5339
0
2478
0
-3431
0
-4308
0
517
0
1793
0
-1707
0
1015
0
-1488
0
12
0
-588
0
752
0
-261
0
-663
0
-685
0
-699
0
253
0
689
0
-131
0
-282
0
184
0
1162
0
-750
0
13
0
-593
0
1165
0
-1034
0
1350
0
432
0
994
0
-170
0
-419
0
-1331
0
87
0
-195
0
-1041
0
732
0
1681
0
883
0
623
0
599
0
-899
0
-1907
0
-171
0
-278
0
1644
0
1581
0
-226
0
-8
0
408
0
469
0
931
0
102
0
792
0
1649
0
-633
0
1398
0
-395
0
-658
0
-230
0
-1550
0
552
0
-1305
0
-451
0
341
0
84
0
-79
0
-545
0
-765
0
328
0
-482
0
270
0
1124
0
475
0
-791
0
901
0
-606
0
-57
0
-1076
0
2712
0
-294
0
-1132
0
-131
0
-2102
0
-471
0
-220
0
186
0
-218
0
203
0
-4
0
318
0
-512
0
199
0
1008
0
587
0
-1383
0
300
0
-597
0
1678
0
-671
0
471
0
-1222
0
-16
0
547
0
225
0
-1736
0
664
0
443
0
-1917
0
11
0
1607
0
760
0
-333
0
901
0
210
0
1807
0
1529
0
122
0
-688
0
195
0
275
0
866
0
599
0
274
0
1467
0
1496
0
-528
0
406
0
-561
0
168
0
714
0
-1117
0
1193
0
504
0
-58
0
-1180
0
684
0
-1481
0
-638
0
-1389
0
1147
0
-524
0
387
0
-131
0
41
0
1209
0
-219
0
1537
0
1149
0
-955
0
-823
0
135
0
590
0
-386
0
571
0
-338
0
70
0
-1485
0
-1334
0
-99
0
312
0
786
0
806
0
1473
0
-407
0
918
0
652
0
-1084
0
138
0
550
0
990
0
-354
0
1016
0
-518
0
1453
0
-561
0
15
0
-727
0
-233
0
981
0
-516
0
-70
0
1855
0
542
0
-795
0
-50
0
981
0
-535
0
-507
0
-2
0
536
0
-634
0
380
0
1001
0
-442
0
1201
0
-1028
0
-854
0
-289
0
1064
0
2047
0
-698
0
2075
0
571
0
819
0
-2729
0
210
0
-1447
0
-44
0
8
0
738
0
-1424
0
-1486
0
1081
0
388
0
790
0
503
0
-598
0
1475
0
7
0
534
0
-1619
0
-59
0
-983
0
-283
0
-382
0
-1387
0
-1271
0
1
0
823
0
-710
0
-296
0
74
0
-116
0
-946
0
681
0
1458
0
79
0
611
0
-362
0
1043
0
-2115
0
66
0
-635
0
126
0
-1132
0
860
0
-1993
0
-749
0
-1659
0
956
0
80
0
-1159
0
-1307
0
-402
0
-147
0
163
0
149
0
899
0
-1066
0
-793
0
-450
0
-1516
0
55
0
-80
0
648
0
795
0
567
0
1323
0
1255
0
-152
0
1044
0
-1484
0
-922
0
-731
0
-435
0
82
0
1147
0
100
0
471
0
-21
0
277
0
-152
0
61
0
1048
0
1125
0
1132
0
696
0
121
0
-83
0
-724
0
1035
0
-2887
0
-515
0
-695
0
-573
0
888
0
432
0
-633
0
682
0
-1950
0
-323
0
235
0
491
0
1664
0
-710
0
-510
0
430
0
571
0
-244
0
1542
0
390
0
248
0
-667
0
-1589
0
-675
0
845
0
-1886
0
-1282
0
-1442
0
-2249
0
262
0
-849
0
-193
0
64
0
1213
0
-487
0
592
0
-1245
0
-861
0
933
0
-401
0
1164
0
865
0
-575
0
1315
0
-372
0
-1092
0
-745
0
1265
0
-727
0
383
0
-255
0
-3
0
1381
0
-546
0
1084
0
692
0
-600
0
-166
0
-315
0
-146
0
634
0
-198
0
444
0
225
0
79
0
58
0
1066
0
247
0
571
0
1284
0
216
0
-810
0
-271
0
-703
0
-865
0
955
0
433
0
513
0
-2052
0
1163
0
567
0
-1757
0
-1551
0
-230
0
-363
0
249
0
-68
0
301
0
-804
0
350
0
-35
0
359
0
1076
0
1037
0
223
0
448
0
-459
0
1914
0
-769
0
-814
0
-2211
0
0
0
200
0
-88
0
736
0
506
0
326
0
-1836
0
426
0
622
0
431
0
330
0
-237
0
-220
0
-716
0
-143
0
-871
0
485
0
110
0
556
0
455
0
-376
0
681
0
-901
0
-677
0
666
0
-1193
0
-1409
0
1025
0
955
0
608
0
268
0
1599
0
662
0
-67
0
-722
0
1570
0
-385
0
-789
0
-361
0
-323
0
-997
0
-563
0
-22
0
717
0
-99
0
-293
0
-425
0
222
0
1261
0
196
0
-199
0
-417
0
796
0
-68
0
896
0
-793
0
179
0
641
0
1057
0
307
0
1398
0
713
0
-447
0
1090
0
905
0
-1076
0
590
0
-1024
0
988
0
-1029
0
226
0
-483
0
-140
0
-1277
0
-223
0
-590
0
759
0
1191
0
-366
0
-566
0
193
0
-842
0
-40
0
164
0
-538
0
85
0
-15
0
-277
0
1055
0
237
0
-1751
0
96
0
291
0
64
0
-85
0
-565
0
1226
0
-1481
0
-512
0
-166
0
170
0
-551
0
-1218
0
-479
0
-1605
0
-1558
0
1148
0
-25
0
-17
0
-472
0
-311
0
255
0
-1556
0
674
0
-663
0
-1256
0
603
0
-1096
0
226
0
992
0
64
0
416
0
669
0
-140
0
-282
0
84
0
-734
0
673
0
-229
0
-1194
0
-751
0
-814
0
-662
0
-1309
0
1699
0
-318
0
-824
0
-78
0
-667
0
1298
0
-1486
0
949
0
-103
0
-2
0
-969
0
380
0
-880
0
-1663
0
-1090
0
559
0
843
0
-50
0
-1758
0
-226
0
-260
0
-543
0
-1100
0
-445
0
432
0
-585
0
-1009
0
577
0
-192
0
-584
0
-1786
0
-415
0
-655
0
183
0
577
0
766
0
-432
0
-420
0
256
0
-509
0
274
0
470
0
-21
0
219
0
1622
0
-1089
0
-101
0
1516
0
744
0
-907
0
1366
0
1606
0
-215
0
781
0
-10
0
1597
0
897
0
-161
0
-926
0
67
0
367
0
105
0
759
0
-218
0
-795
0
-686
0
156
0
765
0
618
0
-1352
0
1085
0
-188
0
-537
0
-454
0
40
0
-919
0
962
0
1533
0
1099
0
-1051
0
-470
0
926
0
-782
0
-16
0
-370
0
-656
0
402
0
1171
0
-1244
0
514
0
-717
0
563
0
-388
0
-3
0
24
0
945
0
-584
0
-150
0
917
0
1096
0
1105
0
-1606
0
-1472
0
-611
0
-1015
0
253
0
260
0
290
0
160
0
75
0
704
0
1271
0
298
0
-448
0
-177
0
378
0
896
0
481
0
371
0
-809
0
2638
0
191
0
737
0
813
0
1288
0
-1202
0
-1239
0
-1044
0
-383
0
-748
0
732
0
202
0
623
0
525
0
-1257
0
-492
0
192
0
890
0
950
0
-12
0
12
0
-197
0
1783
0
-215
0
293
0
-439
0
296
0
-87
0
-819
0
-969
0
-1366
0
-192
0
1301
0
1343
0
851
0
1049
0
-2150
0
-42
0
439
0
2306
0
-361
0
2032
0
-258
0
-887
0
677
0
-133
0
500
0
2475
0
-1140
0
709
0
1262
0
749
0
-1090
0
1184
0
1855
0
205
0
190
0
1366
0
-470
0
-589
0
-377
0
1324
0
-895
0
149
0
264
0
226
0
-390
0
-575
0
555
0
-858
0
-205
0
-673
0
-684
0
397
0
1908
0
-1824
0
-878
0
2010
0
-566
0
420
0
-2763
0
1366
0
-1060
0
1382
0
226
0
1018
0
138
0
238
0
1118
0
-1291
0
-909
0
86
0
-1443
0
-243
0
-754
0
298
0
-308
0
-352
0
271
0
-812
0
1617
0
2065
0
-111
0
675
0
835
0
505
0
-831
0
-44
0
-1716
0
-544
0
1242
0
916
0
-311
0
-1603
0
229
0
-396
0
-1582
0
4
0
2280
0
-1111
0
1453
0
-267
0
61
0
810
0
874
0
1681
0
552
0
-544
0
-1182
0
972
0
1176
0
460
0
796
0
-624
0
342
0
-14
0
-605
0
245
0
1361
0
576
0
689
0
444
0
95
0
-826
0
1250
0
160
0
-288
0
184
0
662
0
-557
0
-638
0
-953
0
454
0
-675
0
-599
0
1178
0
-165
0
1002
0
48
0
-199
0
130
0
532
0
-1101
0
-326
0
-2081
0
-675
0
-935
0
1232
0
-177
0
85
0
-590
0
1709
0
-51
0
-1180
0
570
0
-1228
0
-412
0
-281
0
177
0
-68
0
1050
0
86
0
-277
0
-1550
0
1416
0
311
0
969
0
-559
0
-1160
0
-1217
0
-15
0
-430
0
-1130
0
-1439
0
-242
0
88
0
787
0
783
0
-121
0
-1136
0
-466
0
-235
0
-944
0
481
0
1745
0
652
0
993
0
-588
0
-1984
0
-2139
0
-666
0
-406
0
-210
0
469
0
-593
0
-275
0
559
0
260
0
122
0
-309
0
1077
0
364
0
-940
0
-436
0
826
0
-322
0
-424
0
1300
0
-109
0
1687
0
-784
0
-319
0
747
0
1088
0
-334
0
1048
0
-267
0
687
0
-365
0
-1572
0
-1775
0
592
0
31
0
-1165
0
542
0
-346
0
-898
0
-424
0
1025
0
925
0
-157
0
-370
0
824
0
639
0
1497
0
-235
0
-745
0
773
0
-732
0
647
0
435
0
880
0
1406
0
1133
0
-1603
0
-642
0
-50
0
633
0
-1367
0
-312
0
1808
0
144
0
257
0
-173
0
252
0
261
0
721
0
-754
0
688
0
-123
0
-212
0
746
0
889
0
1214
0
-84
0
-523
0
-791
0
147
0
-1029
0
-1454
0
413
0
660
0
1090
0
1172
0
425
0
-748
0
195
0
1376
0
494
0
-421
0
-1902
0
-319
0
1339
0
1459
0
250
0
122
0
1791
0
1017
0
527
0
360
0
580
0
-1135
0
-651
0
817
0
173
0
-506
0
394
0
-107
0
208
0
377
0
-491
0
496
0
-1114
0
-654
0
-142
0
-180
0
320
0
280
0
1360
0
-513
0
-1061
0
1347
0
1197
0
742
0
895
0
435
0
1666
0
337
0
-432
0
-1247
0
-146
0
-183
0
-1536
0
-1079
0
-289
0
-890
0
226
0
-792
0
-88
0
1938
0
-792
0
66
0
26
0
584
0
219
0
2440
0
-501
0
-1123
0
-1047
0
-902
0
362
0
83
0
197
0
-965
0
33
0
-243
0
598
0
-226
0
-244
0
2077
0
-4
0
2489
0
868
0
924
0
231
0
445
0
-124
0
328
0
1179
0
-264
0
1054
0
-275
0
-289
0
-878
0
636
0
-440
0
-1242
0
524
0
1049
0
-106
0
1417
0
42
0
-208
0
-552
0
266
0
451
0
772
0
1972
0
-678
0
-18
0
-504
0
36
0
2092
0
2222
0
1370
0
305
0
-1366
0
1341
0
-77
0
1915
0
833
0
709
0
314
0
-968
0
-386
0
638
0
-138
0
1116
0
-575
0
1376
0
-707
0
-831
0
1453
0
724
0
-1080
0
-1568
0
711
0
-1022
0
-61
0
-1010
0
1407
0
-1419
0
1246
0
694
0
719
0
-924
0
-924
0
-1111
0
-1476
0
-82
0
-868
0
942
0
-443
0
-918
0
-1649
0
367
0
391
0
273
0
-781
0
-828
0
1563
0
90
0
1585
0
-521
0
1170
0
-835
0
-1572
0
-290
0
985
0
894
0
-251
0
1729
0
295
0
-250
0
462
0
-880
0
-1641
0
543
0
-284
0
804
0
1330
0
-1719
0
198
0
92
0
579
0
-539
0
208
0
546
0
492
0
-92
0
771
0
1152
0
1053
0
-1146
0
494
0
309
0
23
0
-595
0
-1034
0
-497
0
294
0
-1261
0
42
0
1905
0
374
0
188
0
-1072
0
-539
0
302
0
882
0
-568
0
-1064
0
-1450
0
-400
0
435
0
-1877
0
-232
0
-566
0
1
0
-1276
0
-388
0
874
0
-1706
0
650
0
530
0
-79
0
-391
0
-1449
0
-207
0
-968
0
246
0
-238
0
-734
0
437
0
-504
0
612
0
-98
0
-1509
0
340
0
-594
0
-1002
0
-511
0
-2066
0
412
0
-277
0
261
0
286
0
-671
0
-456
0
311
0
361
0
116
0
-278
0
-892
0
-293
0
755
0
759
0
-307
0
-5
0
-2041
0
901
0
1007
0
353
0
268
0
-462
0
-656
0
288
0
419
0
242
0
626
0
-842
0
256
0
686
0
190
0
727
0
-298
0
-1646
0
-480
0
-295
0
-443
0
238
0
-1471
0
-816
0
-513
0
-1312
0
-76
0
364
0
103
0
556
0
-1266
0
1088
0
1227
0
-634
0
333
0
-13
0
8
0
-159
0
1661
0
-1889
0
-2487
0
-1371
0
5486
0
1265
0
-3798
0
-4689
0
720
0
3715
0
415
0
-3063
0
-1704
0
2993
0
3098
0
-1050
0
-2642
0
-876
0
3195
0
965
0
-2853
0
-3841
0
1960
0
2848
0
1807
0
-3417
0
-1441
0
2902
0
3415
0
-1613
0
-2869
0
916
0
3154
0
755
0
-4580
0
-3288
0
207
0
4409
0
904
0
-4760
0
-1188
0
4582
0
3164
0
-903
0
-3772
0
590
0
2879
0
2843
0
-4131
0
-3453
0
1694
0
966
0
-852
0
-417
0
165
0
-734
0
790
0
66
0
581
0
-174
0
-706
0
232
0
347
0
-215
0
703
0
514
0
1811
0
1336
0
-433
0
441
0
-1453
0
-1309
0
2374
0
-387
0
1814
0
-328
0
-764
0
511
0
-628
0
1370
0
27
0
542
0
24
0
-698
0
-246
0
854
0
-194
0
-1931
0
-1453
0
1398
0
257
0
1051
0
-557
0
752
0
124
0
-1072
0
146
0
1020
0
-796
0
-394
0
569
0
-449
0
-522
0
-146
0
194
0
-539
0
176
0
509
0
750
0
-864
0
114
0
1638
0
771
0
-1994
0
1219
0
870
0
-353
0
394
0
-68
0
-155
0
56
0
1029
0
-61
0
536
0
725
0
-719
0
-389
0
249
0
-92
0
552
0
-1017
0
1199
0
-1148
0
-69
0
630
0
-832
0
1594
0
1016
0
-138
0
-1287
0
876
0
82
0
707
0
1029
0
-127
0
-241
0
-842
0
263
0
-1790
0
-497
0
-1292
0
-184
0
506
0
646
0
118
0
1674
0
43
0
988
0
-1122
0
1188
0
1521
0
-125
0
-368
0
900
0
-1540
0
-964
0
-312
0
-404
0
-320
0
1628
0
-330
0
494
0
362
0
-1024
0
-2
0
323
0
-817
0
344
0
369
0
-1230
0
-248
0
939
0
-399
0
1362
0
679
0
957
0
355
0
-633
0
97
0
845
0
2296
0
536
0
-20
0
-215
0
1248
0
-1203
0
1169
0
1968
0
-830
0
-756
0
-1723
0
-799
0
-196
0
-673
0
-625
0
1662
0
-629
0
267
0
120
0
422
0
-519
0
-395
0
442
0
-18
0
58
0
-346
0
-672
0
-397
0
-325
0
-1029
0
-675
0
-577
0
-631
0
-267
0
2001
0
730
0
1342
0
1124
0
-67
0
906
0
-883
0
637
0
-232
0
-286
0
-653
0
817
0
235
0
-1111
0
1310
0
-1986
0
500
0
445
0
-47
0
1557
0
-412
0
-1788
0
-314
0
-436
0
1471
0
908
0
894
0
-1322
0
36
0
-215
0
180
0
-19
0
-324
0
893
0
881
0
132
0
-2189
0
-732
0
-2120
0
-663
0
1015
0
-165
0
1328
0
105
0
-836
0
208
0
27
0
599
0
-1707
0
75
0
-317
0
-740
0
1133
0
-686
0
116
0
269
0
298
0
1650
0
1351
0
127
0
-224
0
-916
0
487
0
21
0
-871
0
213
0
-119
0
-2050
0
446
0
1527
0
-1300
0
1350
0
373
0
-682
0
273
0
-1045
0
142
0
-592
0
-294
0
52
0
-131
0
643
0
-811
0
244
0
-1074
0
-986
0
-93
0
1433
0
-202
0
-1538
0
1135
0
124
0
490
0
-755
0
977
0
2507
0
385
0
-773
0
-1422
0
-230
0
-713
0
823
0
344
0
-618
0
1000
0
831
0
304
0
-738
0
414
0
-238
0
-1295
0
312
0
1045
0
1297
0
-128
0
1683
0
1095
0
-101
0
752
0
-1541
0
-808
0
-204
0
-1057
0
80
0
-2622
0
-1181
0
-279
0
426
0
-161
0
-745
0
359
0
412
0
-233
0
-1342
0
-1028
0
94
0
1032
0
1431
0
627
0
-359
0
1402
0
-1166
0
-511
0
863
0
-2014
0
81
0
226
0
-1648
0
1329
0
-127
0
333
0
-55
0
-161
0
685
0
-696
0
611
0
-861
0
-531
0
-1124
0
-1077
0
-1529
0
350
0
-126
0
422
0
-711
0
241
0
-668
0
-93
0
-404
0
-1644
0
-163
0
-797
0
385
0
-248
0
-283
0
-641
0
83
0
-781
0
-879
0
19
0
-872
0
-298
0
1028
0
-205
0
-505
0
-267
0
1106
0
-879
0
534
0
2515
0
341
0
-686
0
-289
0
-1320
0
-1138
0
-486
0
-1960
0
-62
0
536
0
1669
0
-405
0
1523
0
-438
0
-715
0
201
0
-464
0
-1132
0
25
0
765
0
-1388
0
-2229
0
1570
0
-1898
0
189
0
-1523
0
-53
0
864
0
-837
0
100
0
880
0
-1052
0
149
0
636
0
-948
0
229
0
-1697
0
718
0
-1744
0
-779
0
1114
0
-1170
0
-51
0
1135
0
1083
0
-223
0
823
0
425
0
750
0
-253
0
-180
0
-1123
0
-536
0
-381
0
-588
0
1382
0
386
0
-429
0
1196
0
404
0
1335
0
-410
0
1744
0
493
0
-1038
0
-1575
0
-122
0
824
0
-815
0
1489
0
1394
0
1521
0
-411
0
-408
0
-323
0
296
0
805
0
679
0
-739
0
1374
0
195
0
-210
0
-493
0
-348
0
-578
0
519
0
-1316
0
472
0
-895
0
172
0
59
0
670
0
-1231
0
-73
0
-1187
0
256
0
1492
0
383
0
462
0
303
0
1306
0
647
0
-51
0
1415
0
772
0
1026
0
-221
0
863
0
824
0
-701
0
-1429
0
-1174
0
376
0
-196
0
74
0
-931
0
44
0
1149
0
-1574
0
1322
0
-1114
0
1089
0
1049
0
-1343
0
479
0
339
0
742
0
1798
0
-286
0
-1496
0
666
0
565
0
209
0
-1303
0
-778
0
713
0
752
0
554
0
-1823
0
357
0
-16
0
28
0
-720
0
825
0
-228
0
5
0
-922
0
-2178
0
272
0
-1507
0
-1434
0
844
0
-110
0
53
0
261
0
-820
0
431
0
-1465
0
-389
0
2471
0
1176
0
-1172
0
1359
0
2287
0
2079
0
-254
0
-1040
0
471
0
-352
0
-466
0
1232
0
-21
0
1716
0
858
0
-1267
0
835
0
-1318
0
1785
0
1247
0
286
0
568
0
1039
0
-986
0
823
0
-132
0
-356
0
272
0
-748
0
-1002
0
508
0
-381
0
-634
0
364
0
1575
0
1116
0
635
0
-232
0
-331
0
-1837
0
417
0
-1349
0
864
0
33
0
407
0
90
0
760
0
1717
0
655
0
-551
0
-570
0
717
0
1094
0
1078
0
-790
0
-239
0
-371
0
678
0
-769
0
-320
0
393
0
310
0
1309
0
-621
0
1118
0
-578
0
990
0
-2126
0
774
0
1977
0
225
0
-696
0
491
0
509
0
946
0
473
0
82
0
635
0
2738
0
-853
0
-1335
0
-1169
0
-755
0
1040
0
-1048
0
1118
0
-1702
0
77
0
-127
0
72
0
159
0
138
0
-77
0
466
0
500
0
-328
0
394
0
152
0
186
0
-338
0
582
0
-131
0
558
0
-142
0
-89
0
1073
0
2123
0
1412
0
-767
0
1150
0
-299
0
1265
0
761
0
120
0
-1543
0
-819
0
-1694
0
1387
0
-832
0
-1202
0
-639
0
1373
0
279
0
492
0
-412
0
-750
0
1955
0
1609
0
-684
0
-1053
0
-589
0
-534
0
2038
0
-362
0
309
0
-1138
0
941
0
505
0
512
0
207
0
1258
0
506
0
100
0
-153
0
623
0
711
0
652
0
-1291
0
128
0
-608
0
-565
0
243
0
511
0
-956
0
-1051
0
1055
0
-349
0
-299
0
556
0
-574
0
-654
0
-336
0
-2091
0
-1095
0
1318
0
-641
0
-1044
0
-127
0
168
0
-1404
0
-322
0
711
0
335
0
-467
0
1865
0
1117
0
-1762
0
-12
0
1105
0
550
0
1285
0
-61
0
338
0
-1580
0
893
0
-342
0
-1013
0
352
0
-39
0
-458
0
1312
0
-841
0
487
0
119
0
-109
0
611
0
-1061
0
702
0
701
0
-322
0
-1490
0
865
0
-1647
0
-502
0
-380
0
-633
0
-1266
0
423
0
-446
0
-1487
0
-1189
0
-750
0
264
0
-846
0
179
0
997
0
-385
0
-217
0
926
0
343
0
-722
0
863
0
1058
0
286
0
-771
0
200
0
477
0
-545
0
-1536
0
-250
0
-373
0
151
0
1995
0
442
0
545
0
-356
0
1236
0
-816
0
-340
0
703
0
-1278
0
-638
0
803
0
-371
0
2072
0
-653
0
633
0
-797
0
460
0
242
0
-1358
0
80
0
1085
0
-606
0
770
0
717
0
386
0
1099
0
-2865
0
-129
0
-1231
0
-1204
0
1052
0
-121
0
-1619
0
-1286
0
1273
0
498
0
-1222
0
297
0
1057
0
488
0
-1919
0
-631
0
436
0
-1069
0
-24
0
-922
0
-1259
0
494
0
-173
0
481
0
461
0
-919
0
-1391
0
-301
0
129
0
-357
0
2255
0
-982
0
1102
0
201
0
376
0
1089
0
230
0
1021
0
528
0
668
0
-332
0
915
0
-277
0
368
0
-1582
0
9
0
-1624
0
-1218
0
616
0
142
0
-615
0
733
0
369
0
-180
0
-297
0
-516
0
-726
0
227
0
-887
0
688
0
-428
0
34
0
644
0
-220
0
-660
0
1664
0
-297
0
20
0
821
0
-506
0
-929
0
-55
0
939
0
383
0
1073
0
836
0
-1067
0
-326
0
-677
0
-507
0
-1149
0
374
0
-904
0
-786
0
1213
0
-270
0
-545
0
289
0
193
0
379
0
1044
0
1335
0
33
0
266
0
737
0
-41
0
1085
0
1273
0
550
0
-1538
0
-1516
0
-447
0
-1021
0
284
0
-307
0
-873
0
-870
0
1000
0
-1194
0
315
0
220
0
-1802
0
-968
0
1
0
-403
0
-725
0
1332
0
1115
0
-77
0
-76
0
116
0
139
0
327
0
1366
0
-596
0
-958
0
1087
0
1931
0
72
0
967
0
1165
0
-231
0
1267
0
-37
0
-270
0
-182
0
1478
0
493
0
-1051
0
-1335
0
4
0
1043
0
-1383
0
-544
0
955
0
14
0
618
0
-418
0
-1585
0
962
0
1406
0
-216
0
-970
0
396
0
-966
0
473
0
-562
0
803
0
437
0
910
0
138
0
192
0
2547
0
1765
0
-92
0
1260
0
-1919
0
-823
0
-599
0
158
0
305
0
-751
0
-340
0
-557
0
-1324
0
-673
0
-3
0
-385
0
-698
0
-812
0
1975
0
36
0
-812
0
-522
0
-851
0
437
0
-310
0
-252
0
-394
0
447
0
420
0
179
0
-224
0
284
0
557
0
-1302
0
-1273
0
742
0
381
0
254
0
-169
0
343
0
-1160
0
-1638
0
-310
0
906
0
-440
0
53
0
-351
0
-96
0
916
0
1318
0
1938
0
-886
0
655
0
234
0
-671
0
743
0
-56
0
578
0
-395
0
-968
0
600
0
-648
0
34
0
1790
0
149
0
-66
0
439
0
1319
0
438
0
-1895
0
-862
0
-616
0
-876
0
482
0
-714
0
762
0
-867
0
-165
0
2027
0
996
0
1442
0
78
0
-1812
0
-430
0
-277
0
-436
0
-196
0
337
0
-625
0
696
0
-1424
0
1298
0
1057
0
-637
0
399
0
1600
0
-666
0
-1490
0
761
0
-252
0
-38
0
1584
0
-339
0
288
0
488
0
11
0
-313
0
-2700
0
-569
0
1526
0
-243
0
-1204
0
519
0
910
0
-192
0
-226
0
361
0
954
0
839
0
-14
0
-409
0
-719
0
2207
0
-1892
0
-957
0
4
0
-282
0
736
0
2905
0
-829
0
131
0
-254
0
-1099
0
439
0
-27
0
-86
0
456
0
-28
0
-2191
0
879
0
-797
0
-1246
0
-1094
0
1574
0
628
0
493
0
143
0
62
0
1184
0
1290
0
279
0
-196
0
-246
0
695
0
-309
0
-1441
0
-892
0
727
0
871
0
330
0
788
0
1461
0
1064
0
294
0
-260
0
751
0
1845
0
1110
0
586
0
-484
0
-1782
0
-343
0
-905
0
495
0
1981
0
-549
0
-244
0
205
0
-1943
0
479
0
-303
0
-1312
0
597
0
-885
0
559
0
534
0
889
0
380
0
1456
0
-23
0
-709
0
-751
0
-1225
0
1078
0
883
0
-350
0
-36
0
-712
0
-696
0
100
0
-478
0
1480
0
235
0
297
0
1865
0
271
0
1622
0
922
0
-1233
0
210
0
-184
0
-1681
0
-806
0
-180
0
-1287
0
-1101
0
-1734
0
732
0
-585
0
-468
0
398
0
814
0
-304
0
-525
0
1277
0
304
0
2048
0
-1252
0
-476
0
-180
0
-223
0
562
0
-1211
0
-1432
0
125
0
-31
0
-209
0
1320
0
-760
0
1164
0
1263
0
-187
0
-652
0
-1123
0
1018
0
595
0
-71
0
-280
0
-161
0
283
0
-411
0
540
0
277
0
87
0
-890
0
-204
0
-329
0
-1035
0
-102
0
62
0
-1595
0
206
0
145
0
656
0
-1716
0
-547
0
204
0
331
0
-570
0
-719
0
1421
0
195
0
-1414
0
1135
0
726
0
-242
0
50
0
-1161
0
328
0
-620
0
-1526
0
-1258
0
-48
0
1033
0
407
0
1136
0
-727
0
255
0
2634
0
-1253
0
-4655
0
-122
0
2711
0
2741
0
-1433
0
-3640
0
129
0
2748
0
-505
0
-4429
0
-2703
0
2348
0
2737
0
-2469
0
-4787
0
842
0
3619
0
2202
0
-3326
0
-1832
0
386
0
5839
0
-117
0
-3735
0
-1923
0
4528
0
3023
0
-580
0
-4281
0
856
0
4358
0
-670
0
-2100
0
-5004
0
577
0
4199
0
1261
0
-4151
0
-2276
0
1425
0
2914
0
-1537
0
-2899
0
-591
0
2577
0
2157
0
-2698
0
-4268
0
1102
0
-762
0
253
0
1251
0
463
0
-771
0
731
0
572
0
-1266
0
1171
0
-427
0
1191
0
-113
0
283
0
871
0
856
0
650
0
-169
0
297
0
765
0
-1520
0
-819
0
-1162
0
1325
0
992
0
669
0
1383
0
84
0
287
0
186
0
869
0
350
0
1010
0
-1620
0
-173
0
-387
0
181
0
-326
0
956
0
118
0
-121
0
1947
0
311
0
218
0
124
0
-603
0
-1036
0
-268
0
-466
0
1210
0
-305
0
-1025
0
-842
0
583
0
-1091
0
1038
0
-1134
0
-218
0
-172
0
-376
0
-328
0
858
0
-202
0
1334
0
411
0
133
0
-274
0
1146
0
629
0
-599
0
-894
0
-893
0
319
0
-740
0
451
0
-253
0
370
0
993
0
-642
0
612
0
1790
0
-987
0
-769
0
-1622
0
-1941
0
-2287
0
-24
0
609
0
-541
0
178
0
238
0
1553
0
488
0
802
0
-1343
0
-1084
0
-754
0
1466
0
1322
0
678
0
2351
0
-1822
0
933
0
1476
0
438
0
-109
0
41
0
-616
0
1847
0
-812
0
-1132
0
-957
0
858
0
-155
0
398
0
115
0
181
0
394
0
1094
0
-304
0
-131
0
-14
0
-76
0
-1312
0
-315
0
-1044
0
961
0
904
0
-679
0
-978
0
-37
0
1205
0
-976
0
-38
0
262
0
-2051
0
-583
0
-1197
0
-1748
0
-2259
0
620
0
1259
0
-458
0
1286
0
-89
0
-859
0
166
0
-1309
0
875
0
-749
0
-822
0
-560
0
-1044
0
17
0
-308
0
-594
0
492
0
863
0
-372
0
-602
0
-798
0
-1029
0
851
0
1075
0
1341
0
27
0
-1055
0
-1439
0
-624
0
-593
0
-960
0
-1092
0
-156
0
-608
0
243
0
256
0
132
0
166
0
1554
0
-626
0
-417
0
-552
0
605
0
-1441
0
-160
0
-482
0
-1726
0
-693
0
1948
0
565
0
252
0
-156
0
717
0
-1151
0
1657
0
746
0
-952
0
1005
0
1172
0
-263
0
192
0
-879
0
234
0
244
0
-386
0
1820
0
-716
0
757
0
739
0
1140
0
-137
0
1024
0
-488
0
1116
0
104
0
-296
0
-471
0
734
0
44
0
2383
0
-1631
0
-1671
0
-398
0
-555
0
29
0
618
0
-1475
0
1828
0
-660
0
-258
0
41
0
496
0
626
0
1287
0
-88
0
-431
0
-1613
0
-1002
0
-268
0
-607
0
-301
0
429
0
173
0
737
0
-1142
0
2093
0
1325
0
-847
0
-315
0
170
0
752
0
712
0
158
0
-337
0
-2023
0
-723
0
-1832
0
118
0
268
0
272
0
-644
0
-879
0
1469
0
-1373
0
389
0
-128
0
-235
0
160
0
-72
0
250
0
-1736
0
1613
0
-416
0
1057
0
-77
0
372
0
-873
0
93
0
940
0
3047
0
251
0
-463
0
669
0
352
0
-530
0
158
0
-243
0
-1286
0
1574
0
717
0
1054
0
-637
0
978
0
82
0
-1293
0
736
0
813
0
699
0
-487
0
-328
0
797
0
1115
0
-30
0
15
0
201
0
-679
0
1134
0
1417
0
-639
0
1401
0
555
0
1865
0
-404
0
315
0
-86
0
-202
0
171
0
296
0
-1250
0
2144
0
-378
0
976
0
-623
0
2097
0
-1617
0
1166
0
933
0
765
0
-534
0
589
0
159
0
1959
0
1029
0
-2028
0
677
0
2030
0
1777
0
-971
0
250
0
495
0
-944
0
588
0
421
0
-1046
0
53
0
-362
0
1219
0
125
0
-1070
0
-793
0
1847
0
455
0
-178
0
-910
0
1007
0
-624
0
-676
0
674
0
1067
0
475
0
-174
0
1816
0
519
0
-874
0
2069
0
1435
0
-946
0
-156
0
144
0
-459
0
-599
0
887
0
582
0
1690
0
1370
0
61
0
2425
0
943
0
567
0
-131
0
1381
0
208
0
29
0
1745
0
-141
0
1225
0
1089
0
-519
0
1509
0
979
0
-1838
0
-1214
0
-1137
0
268
0
-1244
0
659
0
47
0
-2061
0
-97
0
-408
0
-1094
0
231
0
215
0
-748
0
1127
0
2778
0
689
0
-2004
0
-111
0
-238
0
562
0
444
0
374
0
-770
0
-1080
0
1673
0
244
0
1037
0
1453
0
-1824
0
319
0
1113
0
-792
0
247
0
400
0
1337
0
-1004
0
-804
0
-355
0
533
0
-364
0
730
0
-22
0
-962
0
-2154
0
-1288
0
-865
0
1188
0
-499
0
475
0
-1177
0
1100
0
976
0
1191
0
384
0
-740
0
656
0
-463
0
-702
0
-621
0
-770
0
-268
0
-2178
0
-1221
0
1015
0
-955
0
879
0
2239
0
-164
0
1750
0
522
0
-2337
0
573
0
829
0
597
0
1590
0
679
0
-1613
0
685
0
1147
0
603
0
-800
0
-73
0
-504
0
-1266
0
-1067
0
-159
0
17
0
-920
0
357
0
290
0
-63
0
-584
0
787
0
-492
0
372
0
-20
0
660
0
395
0
-303
0
356
0
382
0
-295
0
591
0
683
0
559
0
551
0
-1281
0
-395
0
-55
0
-1160
0
702
0
415
0
686
0
-573
0
-632
0
1436
0
621
0
450
0
-2178
0
16
0
-831
0
-1265
0
489
0
878
0
-217
0
-399
0
-908
0
-776
0
-163
0
-1523
0
-510
0
1288
0
-43
0
-229
0
1085
0
337
0
-750
0
97
0
487
0
-72
0
-128
0
-550
0
504
0
274
0
-707
0
-1057
0
-759
0
112
0
1043
0
-1639
0
309
0
461
0
-709
0
1633
0
466
0
1542
0
844
0
-280
0
-545
0
54
0
722
0
-161
0
1946
0
-396
0
1275
0
-1424
0
1523
0
-458
0
-306
0
206
0
1921
0
-77
0
-551
0
300
0
732
0
-1481
0
-237
0
1455
0
-414
0
1652
0
-455
0
399
0
-433
0
-160
0
-857
0
-2362
0
-158
0
-979
0
-508
0
485
0
-318
0
1032
0
120
0
-494
0
-294
0
475
0
-1175
0
-596
0
-417
0
-908
0
-106
0
-754
0
60
0
1520
0
-884
0
-637
0
-2284
0
-241
0
192
0
427
0
133
0
335
0
-270
0
111
0
725
0
816
0
-350
0
-778
0
-82
0
230
0
-902
0
1459
0
-493
0
-1012
0
-879
0
375
0
-396
0
-66
0
2
0
140
0
1274
0
-784
0
-1122
0
-185
0
390
0
-175
0
-134
0
-829
0
255
0
1
0
-387
0
-130
0
-1128
0
1166
0
908
0
-1048
0
353
0
2711
0
409
0
-445
0
423
0
701
0
-668
0
1870
0
454
0
-1050
0
89
0
-559
0
878
0
-684
0
454
0
142
0
1140
0
-676
0
750
0
-271
0
-4
0
-1003
0
947
0
-125
0
-1775
0
58
0
-330
0
890
0
-213
0
-252
0
-1348
0
-555
0
-298
0
61
0
1159
0
652
0
-179
0
1665
0
680
0
-1075
0
-520
0
-238
0
170
0
-1159
0
445
0
812
0
-58
0
1079
0
-495
0
417
0
579
0
-954
0
-1059
0
949
0
-941
0
-163
0
1623
0
229
0
-1180
0
1779
0
655
0
437
0
1547
0
-536
0
-108
0
-1792
0
-427
0
464
0
2
0
-574
0
499
0
-1196
0
802
0
759
0
-507
0
809
0
-1247
0
-757
0
-680
0
-1509
0
1186
0
1530
0
309
0
952
0
-1435
0
576
0
-720
0
-726
0
-689
0
-563
0
-1864
0
-1507
0
154
0
1541
0
1044
0
673
0
-470
0
-444
0
-2162
0
394
0
1383
0
933
0
645
0
15
0
415
0
-660
0
117
0
935
0
276
0
-856
0
-153
0
1440
0
1275
0
131
0
-698
0
880
0
463
0
-927
0
-239
0
-312
0
-736
0
1778
0
-170
0
520
0
126
0
-319
0
70
0
-1120
0
254
0
-67
0
1526
0
-433
0
-65
0
591
0
-1666
0
109
0
1261
0
-1113
0
-1663
0
829
0
-717
0
1256
0
759
0
-193
0
-828
0
198
0
-81
0
166
0
-601
0
814
0
-1127
0
8
0
-1139
0
85
0
-654
0
-1445
0
552
0
581
0
-1177
0
794
0
307
0
47
0
697
0
-119
0
49
0
1466
0
446
0
1458
0
-1421
0
637
0
525
0
120
0
624
0
1139
0
-418
0
178
0
-682
0
-1654
0
1606
0
-891
0
225
0
-342
0
1328
0
418
0
-117
0
1478
0
-573
0
-98
0
60
0
1254
0
471
0
-1452
0
-96
0
-26
0
90
0
101
0
1317
0
497
0
1312
0
-712
0
-849
0
574
0
462
0
1400
0
-49
0
-984
0
259
0
-329
0
-1730
0
-1191
0
477
0
441
0
-51
0
-350
0
-1319
0
422
0
951
0
-490
0
-1991
0
982
0
336
0
-769
0
-127
0
-807
0
1128
0
634
0
-531
0
-102
0
-1199
0
187
0
-1018
0
3
0
1724
0
-520
0
130
0
-775
0
833
0
-1137
0
940
0
-733
0
-2406
0
1939
0
1904
0
579
0
290
0
-1331
0
1079
0
775
0
-561
0
-192
0
-749
0
19
0
759
0
768
0
2011
0
1104
0
-1201
0
297
0
-1056
0
211
0
-1263
0
-364
0
-414
0
339
0
731
0
513
0
436
0
-508
0
78
0
-297
0
-483
0
-1704
0
2552
0
-109
0
-783
0
1104
0
1236
0
145
0
-616
0
823
0
-33
0
148
0
-187
0
1996
0
-842
0
-84
0
-811
0
1146
0
114
0
-1428
0
-1153
0
-97
0
285
0
185
0
-574
0
-750
0
108
0
770
0
1157
0
-147
0
-68
0
-888
0
-292
0
476
0
-1873
0
1637
0
-1285
0
65
0
175
0
-793
0
901
0
-820
0
10
0
608
0
159
0
-1115
0
-258
0
1352
0
-183
0
-1626
0
-327
0
-2526
0
-1203
0
-8
0
56
0
-2539
0
-909
0
-1171
0
410
0
-1090
0
1166
0
-672
0
-1428
0
55
0
-769
0
145
0
-3217
0
-1018
0
91
0
-776
0
-813
0
78
0
1584
0
66
0
61
0
129
0
-182
0
-578
0
-339
0
-1252
0
80
0
-242
0
-359
0
1644
0
-727
0
419
0
60
0
-623
0
-2937
0
355
0
-859
0
-477
0
180
0
726
0
-73
0
-82
0
1398
0
406
0
675
0
772
0
96
0
-401
0
-915
0
734
0
-313
0
1250
0
-1102
0
227
0
822
0
-244
0
170
0
-679
0
8
0
340
0
758
0
-92
0
229
0
1059
0
-195
0
-1527
0
771
0
386
0
592
0
911
0
-528
0
-671
0
-788
0
-1261
0
1010
0
-16
0
801
0
-656
0
182
0
102
0
-777
0
-617
0
1292
0
563
0
-986
0
-484
0
757
0
844
0
-67
0
829
0
93
0
1038
0
-1568
0
345
0
779
0
334
0
319
0
45
0
-1695
0
-28
0
-168
0
-1839
0
-128
0
664
0
742
0
510
0
319
0
-999
0
-380
0
147
0
830
0
-205
0
383
0
49
0
712
0
-2560
0
3
0
153
0
-86
0
-482
0
-662
0
-148
0
842
0
1245
0
345
0
-275
0
426
0
-2039
0
576
0
1237
0
584
0
-60
0
853
0
-1042
0
302
0
-1373
0
1120
0
53
0
548
0
642
0
-249
0
279
0
-77
0
-68
0
-364
0
534
0
104
0
272
0
-1175
0
-1636
0
-1600
0
1749
0
-1655
0
1204
0
89
0
-13
0
678
0
-1000
0
-854
0
39
0
-662
0
172
0
71
0
365
0
922
0
240
0
-47
0
1341
0
919
0
332
0
1063
0
-742
0
-1220
0
746
0
-1424
0
-1159
0
10
0
159
0
-122
0
265
0
405
0
-1280
0
-696
0
-413
0
-944
0
636
0
744
0
-380
0
1586
0
-1281
0
521
0
388
0
355
0
-1
0
-807
0
-848
0
-1002
0
-604
0
-1474
0
1397
0
-659
0
-284
0
-800
0
1576
0
-323
0
364
0
-757
0
-726
0
-2
0
-754
0
447
0
-632
0
1498
0
184
0
64
0
389
0
-95
0
202
0
-2594
0
-945
0
-394
0
1175
0
1191
0
822
0
102
0
326
0
-1459
0
-1034
0
327
0
184
0
1202
0
1448
0
1862
0
74
0
-1168
0
-732
0
-1449
0
1041
0
105
0
318
0
-155
0
-1859
0
47
0
-1029
0
-571
0
647
0
1178
0
1732
0
264
0
1329
0
-1435
0
-464
0
-148
0
1860
0
1466
0
1403
0
-575
0
1287
0
-835
0
-358
0
520
0
-365
0
37
0
-149
0
505
0
934
0
406
0
-66
0
902
