1900
1719
1565
1649
2027
2375
2384
1906
1180
517
95
-127
-318
-581
-987
-1445
-1882
-2140
-2249
-2221
-2238
-2313
-2398
-2261
-1849
-1253
-695
-269
72
376
649
837
1052
1364
1780
2074
2169
2070
2009
2030
2080
1960
1668
1278
951
725
499
120
-510
-1253
-1894
-2178
-2187
-2089
-2059
-1967
-1716
-1308
-994
-911
-978
-938
-679
-284
91
360
605
903
1308
1687
1934
1924
1803
1720
1821
1956
1910
1508
846
145
-403
-717
-877
-972
-1153
-1421
-1783
-2097
-2299
-2268
-2075
-1794
-1568
-1378
-1200
-983
-763
-550
-299
42
532
1113
1708
2111
2255
2125
1949
1847
1876
1864
1651
1134
405
-313
-772
-835
-646
-474
-588
-972
-1454
-1764
-1948
-2121
-2420
-2640
-2545
-1978
-1223
-670
-545
-673
-658
-240
492
1150
1479
1459
1413
1557
1889
2077
1954
1577
1261
1145
1141
1005
674
265
-70
-283
-520
-888
-1402
-1830
-1989
-1779
-1466
-1327
-1540
-1888
-2054
-1783
-1203
-608
-232
-53
147
512
997
1352
1512
1557
1719
1971
2245
2379
2394
2231
1849
1210
492
-66
-319
-311
-272
-401
-795
-1288
-1707
-1883
-1916
-1897
-1950
-1989
-1960
-1770
-1527
-1330
-1213
-1026
-618
-4
648
1123
1449
1705
1972
2098
2011
1703
1459
1465
1766
2077
2108
1681
928
132
-437
-677
-799
-1053
-1614
-2257
-2695
-2662
-2319
-1905
-1653
-1501
-1344
-1085
-752
-388
33
530
1084
1522
1722
1605
1379
1262
1449
1806
2081
1989
1633
1284
1171
1169
983
444
-256
-752
-907
-858
-892
-1081
-1364
-1556
-1659
-1693
-1720
-1657
-1486
-1195
-845
-459
-26
433
829
1009
1018
1006
1229
1676
2180
2412
2284
1849
1369
1012
861
814
741
545
258
-19
-218
-345
-533
-848
-1304
-1722
-1969
-1927
-1760
-1641
-1696
-1759
-1622
-1168
-563
-50
294
560
913
1326
1738
2009
2159
2154
2129
2139
2266
2336
2140
1533
704
-20
-385
-382
-267
-315
-682
-1209
-1670
-1847
-1818
-1702
-1675
-1702
-1748
-1701
-1586
-1411
-1221
-971
-599
-82
522
1043
1375
1453
1418
1390
1550
1861
2255
2491
2446
2041
1446
867
438
102
-359
-1029
-1770
-2199
-2215
-1963
-1873
-2069
-2415
-2529
-2311
-1843
-1404
-1117
-1005
-942
-806
-524
-92
411
929
1369
1760
2053
2280
2349
2291
2087
1820
1486
1144
824
605
491
380
138
-292
-781
-1135
-1185
-1067
-1013
-1238
-1612
-1901
-1878
-1643
-1370
-1140
-828
-317
327
884
1131
1103
965
993
1258
1765
2294
2681
2716
2476
2089
1714
1294
773
210
-173
-242
-158
-197
-549
-1090
-1624
-1930
-1995
-1829
-1615
-1477
-1548
-1721
-1794
-1539
-1018
-469
-69
214
589
1107
1678
2054
2245
2311
2395
2398
2233
1805
1257
767
480
364
253
-6
-433
-845
-1065
-1017
-978
-1213
-1800
-2363
-2542
-2186
-1632
-1230
-1146
-1194
-1175
-976
-651
-289
59
377
729
1114
1546
1894
2088
2033
1875
1735
1673
1517
1188
763
427
215
-74
-591
-1254
-1733
-1874
-1706
-1563
-1645
-1997
-2324
-2409
-2139
-1732
-1391
-1233
-1129
-903
-455
175
812
1369
1769
2076
2239
2297
2211
2049
1789
1474
1114
817
636
571
531
377
24
-492
-964
-1257
-1339
-1438
-1673
-2047
-2292
-2315
-2121
-1925
-1776
-1608
-1245
-698
-131
300
567
786
997
1183
1244
1276
1378
1682
2068
2377
2370
2049
1516
993
590
263
-106
-564
-971
-1191
-1163
-1101
-1191
-1533
-1927
-2200
-2199
-2026
-1770
-1540
-1301
-1075
-872
-682
-409
124
933
1795
2262
2163
1651
1279
1375
1903
2378
2435
1974
1340
887
737
661
330
-336
-1145
-1735
-1975
-1901
-1773
-1716
-1823
-1972
-2073
-1977
-1700
-1293
-925
-679
-455
-49
631
1352
1779
1697
1316
966
914
1101
1371
1519
1517
1378
1202
1010
808
551
135
-485
-1242
-1851
-2116
-1978
-1745
-1659
-1830
-2031
-2087
-1894
-1597
-1312
-1121
-958
-696
-233
429
1095
1562
1685
1592
1439
1438
1588
1902
2239
2459
2322
1832
1164
669
503
517
403
-17
-624
-1197
-1519
-1638
-1647
-1682
-1686
-1626
-1440
-1247
-1132
-1149
-1181
-1146
-1004
-806
-568
-207
329
1005
1593
1988
2142
2202
2174
2016
1602
1006
415
28
-118
-131
-140
-231
-397
-677
-1044
-1535
-2046
-2519
-2761
-2735
-2410
-1947
-1440
-1030
-755
-651
-646
-580
-299
210
755
1155
1315
1408
1566
1869
2143
2317
2325
2284
2185
1982
1535
889
225
-285
-608
-841
-999
-1097
-1124
-1274
-1631
-2136
-2447
-2379
-1931
-1461
-1247
-1358
-1514
-1434
-1011
-372
275
802
1128
1316
1425
1622
1897
2157
2159
1876
1413
1051
912
901
755
282
-449
-1216
-1738
-1976
-1976
-1941
-1913
-1928
-1875
-1750
-1536
-1305
-1054
-796
-528
-245
67
454
874
1212
1285
1130
920
986
1405
2024
2423
2395
1948
1423
1081
1030
1099
992
492
-318
-1054
-1435
-1458
-1519
-1846
-2356
-2601
-2384
-1802
-1273
-1047
-1096
-1118
-900
-455
12
308
447
556
872
1429
2135
2648
2737
2298
1623
1052
828
847
859
661
272
-145
-479
-702
-959
-1321
-1814
-2226
-2416
-2283
-2054
-1915
-1952
-1931
-1621
-956
-212
259
324
160
88
260
670
1147
1583
1830
1947
2003
2223
2574
2886
2810
2278
1447
659
123
-107
-109
-44
-70
-335
-794
-1374
-1913
-2427
-2819
-3040
-2915
-2477
-1812
-1135
-569
-178
56
196
301
489
805
1224
1547
1694
1665
1669
1758
1880
1823
1503
950
413
144
228
453
451
32
-697
-1384
-1791
-1820
-1691
-1617
-1789
-2071
-2259
-2126
-1698
-1094
-515
-94
175
398
747
1214
1619
1671
1401
1065
1085
1524
2089
2252
1845
1091
503
368
552
637
314
-349
-1093
-1635
-2003
-2263
-2490
-2513
-2345
-2070
-1942
-1965
-1952
-1615
-937
-150
422
604
484
285
287
586
1174
1822
2296
2338
1984
1418
988
843
950
1083
1056
777
280
-302
-898
-1428
-1886
-2137
-2185
-2058
-2009
-2116
-2362
-2489
-2393
-2039
-1565
-1049
-549
-86
338
701
995
1139
1157
1101
1189
1480
1872
2036
1858
1436
1130
1112
1238
1126
541
-379
-1259
-1725
-1774
-1592
-1508
-1602
-1859
-2075
-2200
-2182
-2101
-1925
-1666
-1288
-891
-575
-290
134
890
1841
2641
2856
2522
1939
1618
1707
2038
2160
1856
1201
581
289
347
498
427
14
-692
-1446
-2057
-2326
-2320
-2147
-2021
-1928
-1806
-1535
-1167
-782
-488
-312
-193
-21
351
907
1521
1926
2038
1869
1684
1636
1782
1909
1858
1559
1162
796
500
208
-179
-655
-1133
-1407
-1434
-1287
-1252
-1438
-1805
-2071
-2127
-1962
-1716
-1405
-1024
-566
-166
35
110
277
760
1460
2131
2455
2397
2026
1621
1364
1407
1619
1748
1515
916
173
-396
-603
-559
-514
-742
-1231
-1826
-2222
-2316
-2093
-1814
-1670
-1729
-1738
-1424
-713
147
801
1119
1172
1199
1298
1468
1536
1468
1305
1325
1644
2192
2572
2453
1722
720
-68
-359
-262
-219
-544
-1227
-1872
-2163
-1994
-1661
-1438
-1527
-1798
-2045
-2005
-1613
-956
-317
66
170
177
319
619
1003
1333
1633
1865
2049
2102
2113
2096
2036
1766
1242
570
30
-181
-192
-308
-796
-1524
-2194
-2457
-2409
-2269
-2395
-2759
-3096
-2926
-2164
-1122
-430
-404
-798
-1012
-633
227
1123
1605
1708
1711
1964
2384
2743
2741
2412
1885
1395
1029
793
572
227
-269
-832
-1273
-1516
-1541
-1484
-1407
-1446
-1594
-1826
-1945
-1846
-1502
-1080
-716
-431
-137
247
673
1069
1327
1471
1509
1551
1604
1730
1850
1927
1851
1645
1332
1021
747
519
296
-14
-455
-1032
-1575
-1955
-2049
-1980
-1845
-1811
-1857
-1922
-1812
-1451
-881
-342
-42
-14
-98
-34
305
918
1583
2103
2277
2192
1981
1857
1798
1722
1489
1148
799
551
395
203
-146
-714
-1354
-1901
-2161
-2225
-2197
-2253
-2312
-2288
-2045
-1680
-1312
-1039
-788
-478
-103
292
647
1022
1406
1792
2038
2102
1925
1687
1553
1689
1940
2033
1714
1061
341
-196
-482
-686
-958
-1375
-1765
-1994
-1951
-1794
-1649
-1624
-1602
-1510
-1297
-1030
-732
-422
-119
124
273
435
709
1187
1737
2195
2325
2153
1800
1587
1633
1853
1899
1539
799
-5
-541
-723
-680
-698
-915
-1380
-1908
-2348
-2505
-2389
-2027
-1613
-1260
-1054
-920
-759
-497
-115
349
851
1262
1544
1673
1782
1884
2023
2109
2116
1930
1532
964
437
124
31
0
-205
-658
-1264
-1736
-1918
-1784
-1604
-1571
-1784
-2038
-2127
-1880
-1396
-863
-456
-185
31
242
453
620
811
1066
1411
1697
1840
1779
1625
1438
1282
1125
959
744
466
134
-216
-526
-767
-885
-942
-1004
-1248
-1668
-2155
-2401
-2293
-1864
-1373
-976
-752
-649
-536
-260
328
1148
1905
2192
1982
1543
1366
1591
2078
2428
2558
2521
2473
2304
1883
1166
334
-377
-907
-1286
-1622
-1871
-2049
-2095
-2062
-1918
-1757
-1615
-1543
-1425
-1180
-801
-436
-193
-40
129
332
456
511
612
973
1544
2120
2370
2284
1985
1714
1504
1274
880
360
-103
-378
-500
-710
-1123
-1640
-1922
-1844
-1501
-1275
-1356
-1674
-1865
-1685
-1124
-494
-116
-33
1
272
765
1265
1519
1652
1861
2307
2754
2952
2687
2104
1429
911
602
439
287
36
-309
-683
-966
-1176
-1343
-1555
-1739
-1855
-1812
-1678
-1487
-1313
-1134
-960
-767
-510
-135
375
901
1362
1669
1937
2183
2483
2710
2814
2652
2279
1771
1311
950
667
383
110
-84
-229
-426
-838
-1420
-2050
-2468
-2592
-2371
-2016
-1718
-1628
-1598
-1394
-877
-275
65
75
34
339
1016
1745
2059
1914
1555
1405
1567
1887
1995
1763
1289
857
604
436
164
-331
-935
-1487
-1796
-1877
-1785
-1677
-1574
-1517
-1458
-1405
-1296
-1081
-712
-266
107
328
439
631
981
1463
1854
2094
2161
2221
2281
2343
2253
2018
1661
1239
715
62
-622
-1126
-1238
-1060
-859
-958
-1349
-1807
-1977
-1837
-1561
-1454
-1543
-1655
-1507
-1048
-441
58
312
402
487
734
1117
1540
1801
1873
1778
1710
1724
1840
1898
1826
1561
1174
729
252
-258
-799
-1250
-1528
-1559
-1476
-1391
-1487
-1754
-2079
-2160
-1847
-1187
-532
-185
-160
-192
-20
350
763
1049
1239
1370
1550
1759
2051
2317
2454
2283
1869
1357
947
668
419
87
-405
-990
-1587
-2004
-2152
-1975
-1674
-1430
-1420
-1568
-1700
-1575
-1184
-683
-335
-241
-247
-101
327
874
1383
1744
2098
2440
2707
2664
2344
1878
1555
1449
1469
1359
989
412
-177
-593
-864
-1090
-1433
-1842
-2217
-2346
-2225
-1901
-1571
-1304
-1143
-1020
-886
-680
-372
20
438
774
1027
1209
1483
1871
2327
2578
2466
1954
1316
820
553
343
48
-270
-454
-448
-526
-933
-1709
-2472
-2909
-2839
-2492
-2081
-1768
-1470
-1184
-945
-814
-705
-453
17
565
917
1001
932
1008
1325
1815
2179
2236
1907
1408
980
803
785
711
424
-9
-379
-638
-873
-1236
-1632
-1932
-1991
-1935
-1855
-1826
-1737
-1567
-1299
-1027
-792
-592
-349
23
502
1042
1515
1903
2132
2274
2322
2371
2347
2229
1933
1564
1216
1038
1021
1045
896
447
-226
-943
-1489
-1901
-2219
-2538
-2710
-2672
-2357
-1891
-1355
-864
-479
-211
12
305
664
1012
1221
1328
1375
1456
1524
1616
1706
1893
2135
2377
2403
2148
1633
999
339
-336
-966
-1483
-1754
-1867
-1915
-2054
-2203
-2288
-2168
-1928
-1649
-1483
-1416
-1377
-1207
-834
-305
277
799
1258
1607
1862
1953
1950
1861
1827
1865
1919
1751
1259
559
-2
-182
-91
-44
-341
-953
-1663
-2119
-2206
-1962
-1678
-1529
-1581
-1650
-1556
-1193
-760
-527
-569
-626
-379
185
772
1054
1048
953
1013
1233
1531
1700
1725
1653
1609
1533
1282
752
118
-312
-419
-361
-497
-956
-1607
-2067
-2160
-1892
-1602
-1534
-1794
-2114
-2196
-1841
-1181
-464
100
450
646
743
878
1115
1531
1987
2307
2256
1904
1452
1189
1145
1157
982
519
-136
-806
-1288
-1540
-1580
-1534
-1424
-1382
-1482
-1806
-2158
-2263
-1880
-1221
-685
-561
-715
-742
-350
388
1096
1526
1637
1679
1784
1995
2117
2047
1737
1323
915
598
349
155
27
-75
-228
-555
-1020
-1485
-1712
-1726
-1653
-1754
-2025
-2345
-2431
-2215
-1740
-1185
-650
-182
208
560
890
1209
1400
1463
1450
1569
1823
2131
2270
2204
1928
1552
1124
739
434
173
-118
-526
-1000
-1477
-1809
-1961
-1880
-1650
-1336
-1137
-1140
-1355
-1570
-1604
-1348
-907
-441
-34
319
697
1084
1447
1663
1790
1879
2039
2156
2106
1763
1242
722
342
90
-124
-347
-605
-859
-1123
-1333
-1480
-1509
-1543
-1651
-1884
-2062
-2049
-1752
-1288
-784
-388
-172
-112
-77
110
470
982
1527
2085
2495
2717
2688
2559
2348
2053
1580
1042
601
386
330
210
-146
-730
-1287
-1599
-1567
-1427
-1410
-1674
-2035
-2194
-1867
-1195
-568
-390
-649
-915
-715
55
1026
1721
1843
1580
1282
1340
1754
2261
2407
2060
1396
874
742
888
934
634
59
-564
-1030
-1356
-1572
-1755
-1853
-1908
-1883
-1831
-1720
-1604
-1460
-1308
-1112
-879
-596
-270
72
438
809
1208
1550
1762
1731
1576
1452
1513
1637
1620
1296
782
302
28
-52
-140
-411
-965
-1636
-2185
-2335
-2144
-1802
-1655
-1765
-2005
-2049
-1726
-1055
-288
290
538
508
442
521
843
1288
1712
1912
1870
1623
1418
1394
1586
1763
1735
1418
966
535
144
-285
-845
-1438
-1986
-2338
-2526
-2513
-2392
-2162
-1921
-1662
-1366
-954
-443
58
419
576
650
783
1106
1532
1948
2162
2143
1877
1506
1141
927
860
840
700
416
107
-104
-216
-405
-761
-1264
-1703
-1965
-1963
-1831
-1669
-1630
-1668
-1706
-1600
-1335
-933
-472
-15
386
671
867
998
1147
1285
1424
1507
1549
1480
1302
1022
827
847
1074
1255
1142
669
-6
-632
-1127
-1485
-1791
-1989
-2090
-2044
-1940
-1787
-1656
-1519
-1386
-1188
-923
-616
-367
-225
-100
147
627
1235
1795
2069
2108
2031
2046
2098
2042
1689
1130
592
309
289
269
-31
-674
-1362
-1799
-1843
-1755
-1766
-1974
-2142
-2073
-1672
-1126
-657
-420
-362
-332
-202
101
540
1111
1699
2231
2524
2549
2285
1927
1609
1434
1295
1083
737
331
-39
-364
-661
-941
-1111
-1249
-1454
-1866
-2322
-2594
-2451
-2042
-1600
-1307
-1074
-805
-491
-233
-76
62
264
563
879
1236
1610
2003
2253
2268
1970
1559
1245
1204
1317
1341
1055
441
-319
-1004
-1411
-1561
-1554
-1631
-1831
-2093
-2171
-2027
-1726
-1460
-1255
-1030
-673
-232
141
356
445
620
998
1560
2015
2197
2063
1910
1914
2100
2188
1966
1373
677
194
40
29
-189
-741
-1454
-1919
-1970
-1682
-1416
-1372
-1596
-1858
-2009
-1940
-1689
-1268
-762
-277
66
231
369
637
1093
1541
1868
2028
2162
2239
2171
1808
1302
890
734
719
597
218
-341
-838
-1164
-1326
-1476
-1620
-1761
-1805
-1769
-1622
-1444
-1279
-1202
-1135
-953
-566
-62
369
631
737
879
1161
1621
2045
2321
2359
2327
2287
2276
2138
1830
1357
840
369
-65
-504
-970
-1336
-1547
-1584
-1607
-1662
-1798
-1911
-1956
-1816
-1474
-966
-518
-320
-378
-468
-319
132
758
1303
1635
1676
1565
1443
1488
1636
1725
1554
1176
759
481
340
256
156
-22
-301
-753
-1312
-1812
-1973
-1841
-1632
-1692
-2001
-2291
-2180
-1664
-993
-483
-207
-41
155
445
768
1146
1552
1964
2197
2229
2081
1972
1944
1941
1755
1300
620
-51
-457
-549
-501
-609
-937
-1382
-1708
-1896
-1955
-1977
-1916
-1825
-1700
-1604
-1479
-1236
-775
-143
460
892
1125
1320
1533
1743
1781
1698
1597
1684
1918
2187
2254
2025
1476
739
7
-505
-679
-596
-435
-422
-620
-1051
-1578
-2099
-2412
-2452
-2173
-1800
-1519
-1460
-1476
-1338
-884
-153
638
1278
1589
1596
1392
1225
1216
1422
1681
1828
1683
1293
808
506
518
715
772
410
-331
-1161
-1700
-1872
-1783
-1687
-1639
-1655
-1638
-1619
-1577
-1530
-1398
-1111
-607
65
723
1216
1452
1632
1908
2408
2917
3218
3053
2545
1920
1485
1267
1109
785
274
-246
-644
-913
-1222
-1596
-1967
-2119
-2076
-1933
-1881
-1882
-1829
-1554
-1133
-743
-611
-739
-814
-435
481
1487
2019
1822
1321
1068
1354
1887
2234
2074
1530
913
525
399
322
56
-467
-1032
-1436
-1571
-1637
-1780
-2085
-2353
-2451
-2261
-1919
-1551
-1325
-1226
-1116
-788
-229
338
676
735
756
925
1274
1596
1808
1862
1864
1811
1749
1630
1443
1122
703
288
-25
-237
-480
-808
-1210
-1538
-1769
-1870
-1909
-1853
-1766
-1645
-1579
-1543
-1518
-1395
-1103
-612
9
596
1058
1355
1579
1716
1800
1793
1842
1980
2207
2308
2149
1668
975
223
-449
-923
-1200
-1309
-1444
-1684
-2096
-2497
-2792
-2833
-2670
-2302
-1851
-1385
-1045
-858
-723
-449
77
735
1295
1529
1504
1387
1437
1671
1989
2123
2035
1802
1612
1436
1168
729
260
-38
-133
-170
-351
-697
-1130
-1466
-1651
-1649
-1566
-1449
-1397
-1376
-1341
-1193
-946
-650
-338
20
478
961
1376
1596
1685
1686
1726
1786
1878
1890
1741
1340
795
307
8
-159
-387
-736
-1099
-1258
-1152
-851
-615
-637
-984
-1421
-1708
-1693
-1489
-1205
-904
-561
-149
319
828
1268
1543
1553
1444
1382
1518
1721
1838
1732
1567
1501
1606
1675
1508
1029
404
-133
-521
-832
-1216
-1622
-1990
-2179
-2293
-2375
-2508
-2555
-2440
-2077
-1571
-1037
-615
-338
-134
101
490
999
1559
1980
2207
2191
2051
1838
1668
1525
1435
1337
1253
1166
1029
721
172
-509
-1134
-1509
-1675
-1705
-1751
-1800
-1883
-1921
-1925
-1836
-1688
-1466
-1190
-834
-404
52
526
995
1476
1845
2017
1909
1720
1632
1787
2013
2081
1785
1274
831
663
659
509
20
-735
-1427
-1863
-1983
-2001
-2037
-2174
-2245
-2218
-2081
-1942
-1745
-1389
-800
-140
327
551
698
1041
1567
2075
2253
2135
1884
1760
1752
1749
1560
1232
916
822
938
1018
749
46
-809
-1438
-1600
-1527
-1542
-1895
-2380
-2670
-2450
-1849
-1196
-859
-863
-905
-612
117
983
1592
1696
1512
1365
1576
2062
2605
2840
2664
2115
1506
1079
906
788
515
60
-379
-581
-615
-698
-1100
-1765
-2488
-2893
-2846
-2351
-1735
-1274
-1176
-1325
-1409
-1105
-372
506
1209
1554
1678
1712
1761
1735
1656
1535
1476
1446
1397
1220
900
478
44
-310
-584
-798
-1043
-1299
-1586
-1833
-2082
-2262
-2392
-2383
-2276
-2043
-1703
-1216
-664
-187
102
224
405
796
1388
1903
2128
1964
1625
1327
1256
1340
1439
1367
1118
788
501
272
3
-370
-838
-1254
-1556
-1685
-1747
-1773
-1850
-1913
-2014
-2129
-2284
-2317
-2109
-1582
-872
-175
436
980
1535
1990
2234
2135
1837
1521
1430
1557
1845
2082
2116
1802
1190
460
-114
-368
-448
-616
-1097
-1744
-2273
-2372
-2114
-1717
-1493
-1475
-1579
-1596
-1449
-1130
-698
-205
284
665
936
1133
1388
1668
1895
1900
1743
1533
1449
1463
1533
1541
1485
1332
1037
547
-119
-807
-1343
-1557
-1523
-1386
-1372
-1490
-1697
-1842
-1934
-1947
-1890
-1662
-1258
-731
-224
154
458
784
1209
1598
1871
1963
2037
2136
2244
2162
1857
1383
948
669
539
420
206
-91
-422
-728
-1016
-1227
-1324
-1255
-1189
-1274
-1601
-1959
-2115
-1891
-1390
-806
-302
85
429
769
1113
1343
1433
1388
1424
1640
2005
2205
2096
1722
1420
1355
1366
1079
377
-453
-1011
-1119
-1034
-1057
-1338
-1683
-1962
-2077
-2116
-2053
-1884
-1546
-1186
-960
-901
-805
-392
391
1270
1783
1778
1429
1229
1427
1956
2375
2402
1986
1451
1074
986
1036
964
574
-142
-949
-1588
-1851
-1876
-1849
-1965
-2107
-2205
-2186
-2133
-1981
-1635
-1031
-418
-113
-208
-445
-365
253
1241
2077
2370
2024
1440
1054
1182
1677
2163
2206
1728
948
248
-160
-366
-569
-935
-1372
-1716
-1767
-1571
-1278
-1185
-1382
-1816
-2186
-2244
-1835
-1134
-444
-16
147
297
630
1169
1668
2014
2171
2291
2346
2328
2155
1947
1758
1617
1413
1120
757
383
22
-369
-785
-1253
-1696
-2070
-2219
-2187
-2051
-2036
-2123
-2161
-1888
-1365
-839
-524
-346
-59
427
954
1235
1244
1129
1205
1561
2113
2500
2500
2059
1438
881
551
416
321
97
-358
-930
-1480
-1844
-2070
-2158
-2157
-1995
-1747
-1475
-1297
-1193
-1153
-1115
-1070
-958
-702
-255
310
799
1141
1354
1622
1946
2251
2313
2151
1860
1625
1434
1223
904
558
307
191
112
-125
-588
-1220
-1771
-2104
-2144
-2053
-1920
-1897
-1954
-2001
-1810
-1275
-489
246
655
733
659
692
900
1261
1606
1893
2059
2143
2067
1853
1515
1207
1011
952
918
777
439
-107
-742
-1368
-1835
-2186
-2416
-2595
-2603
-2416
-2012
-1565
-1195
-927
-640
-275
95
374
537
754
1123
1622
1991
2110
1961
1762
1615
1554
1442
1248
986
727
467
152
-236
-643
-929
-1063
-1078
-1162
-1378
-1761
-2141
-2413
-2425
-2200
-1766
-1328
-1035
-928
-831
-497
139
926
1553
1915
2020
2070
2114
2193
2184
2075
1834
1528
1166
808
496
226
-60
-485
-1041
-1617
-1961
-2031
-1887
-1738
-1613
-1500
-1319
-1189
-1196
-1355
-1464
-1343
-925
-332
248
688
920
1017
1061
1258
1653
2213
2653
2792
2511
2020
1542
1252
1065
880
648
421
221
-65
-525
-1140
-1679
-1988
-1976
-1785
-1534
-1355
-1227
-1162
-1113
-1050
-881
-551
-84
411
784
983
1003
985
1030
1257
1584
1933
2140
2162
1918
1478
953
574
451
489
444
117
-449
-1094
-1589
-1907
-2045
-2088
-1989
-1793
-1518
-1346
-1355
-1492
-1481
-1105
-373
398
835
834
581
467
698
1271
1879
2292
2350
2192
1945
1745
1536
1252
837
356
-75
-405
-650
-921
-1222
-1564
-1835
-2078
-2268
-2424
-2390
-2116
-1606
-1061
-638
-404
-286
-159
59
404
795
1177
1461
1668
1752
1828
1950
2208
2438
2457
2094
1506
944
616
485
356
70
-434
-1028
-1646
-2157
-2535
-2638
-2492
-2125
-1782
-1586
-1580
-1579
-1419
-1012
-473
12
340
533
696
846
1001
1135
1323
1534
1766
1916
1984
1899
1670
1299
870
443
60
-243
-503
-758
-1092
-1438
-1739
-1889
-1959
-1961
-2000
-2051
-2109
-2013
-1622
-879
15
726
1067
1078
1004
984
1158
1516
2056
2530
2770
2660
2424
2204
2051
1795
1350
734
150
-185
-246
-226
-432
-923
-1561
-2031
-2251
-2217
-2071
-1823
-1520
-1160
-859
-703
-690
-660
-433
25
564
943
1180
1416
1876
2450
2924
2987
2707
2252
1876
1583
1339
1068
770
431
2
-504
-994
-1284
-1352
-1266
-1275
-1476
-1906
-2353
-2636
-2545
-2124
-1509
-981
-684
-574
-453
-108
476
1191
1789
2198
2375
2469
2489
2479
2339
2097
1757
1427
1129
845
490
19
-494
-910
-1075
-1073
-1073
-1299
-1692
-2096
-2254
-2198
-2021
-1890
-1758
-1489
-944
-225
387
696
733
804
1094
1592
2002
2130
1900
1546
1296
1332
1534
1698
1609
1269
785
303
-97
-459
-837
-1265
-1606
-1776
-1726
-1654
-1679
-1892
-2140
-2280
-2129
-1729
-1208
-779
-506
-277
64
618
1266
1821
2038
1962
1756
1731
1914
2173
2211
1983
1582
1213
918
649
331
-30
-354
-639
-897
-1195
-1477
-1761
-1994
-2256
-2483
-2627
-2513
-2165
-1662
-1170
-730
-284
221
752
1153
1381
1449
1485
1487
1502
1517
1656
1891
2111
2053
1607
842
19
-598
-850
-731
-486
-415
-779
-1468
-2215
-2653
-2719
-2447
-2083
-1765
-1620
-1556
-1438
-1134
-663
-129
423
970
1504
1865
2008
1938
1905
2009
2231
2297
2096
1649
1180
817
523
156
-322
-757
-990
-968
-899
-969
-1256
-1572
-1727
-1584
-1295
-1059
-1108
-1406
-1734
-1748
-1283
-448
432
1022
1217
1090
926
935
1263
1761
2268
2557
2653
2553
2346
1992
1524
968
448
74
-143
-295
-562
-981
-1447
-1696
-1644
-1361
-1149
-1168
-1435
-1708
-1787
-1544
-1057
-479
41
426
753
1087
1541
2034
2461
2587
2393
1941
1492
1183
1063
1005
929
787
566
236
-187
-580
-788
-720
-560
-552
-874
-1375
-1831
-2011
-1954
-1734
-1505
-1298
-1149
-1002
-773
-385
177
804
1417
1886
2198
2269
2159
1899
1691
1619
1723
1823
1784
1510
1083
615
160
-288
-771
-1218
-1571
-1727
-1753
-1692
-1689
-1748
-1891
-1985
-1993
-1858
-1682
-1505
-1329
-1043
-551
127
833
1316
1504
1455
1449
1614
1932
2123
2040
1671
1214
793
449
151
-78
-192
-262
-408
-790
-1352
-1924
-2201
-2141
-1852
-1655
-1656
-1772
-1718
-1377
-827
-316
-14
103
183
371
651
995
1313
1631
1881
2069
2114
2092
2011
1901
1662
1269
759
252
-157
-475
-725
-1009
-1338
-1745
-2083
-2265
-2183
-2007
-1883
-1876
-1776
-1420
-821
-237
102
229
337
591
922
1272
1579
1926
2242
2497
2567
2537
2405
2235
1973
1653
1256
787
254
-282
-715
-1018
-1183
-1315
-1435
-1587
-1692
-1800
-1911
-2051
-2062
-1877
-1500
-1105
-780
-483
-115
310
650
844
917
1049
1298
1695
2081
2382
2460
2355
2077
1754
1410
1064
676
300
25
-161
-370
-779
-1347
-1939
-2304
-2435
-2350
-2157
-1828
-1432
-1042
-811
-767
-753
-522
-4
579
910
830
571
466
760
1328
1935
2271
2289
2029
1690
1361
1071
743
331
-128
-599
-1025
-1450
-1819
-2094
-2130
-1960
-1644
-1428
-1428
-1685
-1973
-2047
-1710
-1051
-320
233
521
633
671
750
895
1187
1576
1970
2137
1981
1506
967
600
543
681
763
570
82
-500
-973
-1208
-1285
-1284
-1328
-1405
-1559
-1727
-1886
-1911
-1816
-1612
-1369
-1054
-635
-135
374
793
1152
1448
1765
2063
2352
2482
2418
2120
1808
1629
1622
1567
1237
568
-275
-1008
-1452
-1524
-1441
-1440
-1760
-2254
-2659
-2667
-2366
-1950
-1666
-1496
-1352
-1109
-750
-319
121
493
806
1064
1425
1916
2538
3018
3156
2780
2096
1399
989
868
877
806
602
325
31
-258
-596
-968
-1402
-1806
-2178
-2412
-2501
-2357
-2015
-1498
-966
-555
-334
-228
-103
107
358
532
674
883
1268
1690
2017
2115
2111
2067
2019
1834
1499
1063
668
374
138
-130
-523
-997
-1473
-1772
-1821
-1587
-1311
-1221
-1448
-1765
-1897
-1674
-1261
-869
-632
-506
-321
75
720
1387
1800
1773
1523
1341
1459
1745
1967
1870
1507
1060
775
692
625
322
-310
-1051
-1599
-1729
-1594
-1436
-1494
-1693
-1901
-1936
-1809
-1539
-1208
-835
-413
79
627
1094
1391
1475
1559
1773
2125
2328
2224
1811
1410
1247
1313
1310
1023
482
-93
-509
-783
-985
-1155
-1202
-1126
-973
-1000
-1343
-1968
-2484
-2544
-2008
-1225
-636
-488
-621
-598
-101
820
1696
2079
1811
1292
1000
1232
1763
2245
2359
2136
1706
1316
1071
946
750
301
-363
-1004
-1332
-1399
-1419
-1652
-2010
-2300
-2280
-2037
-1726
-1518
-1358
-1131
-737
-191
386
877
1165
1315
1410
1651
2022
2433
2613
2496
2106
1688
1379
1251
1193
1062
728
217
-298
-675
-874
-1121
-1552
-2172
-2660
-2812
-2539
-2075
-1606
-1310
-1175
-1165
-1146
-943
-438
279
917
1212
1084
821
755
1068
1542
1847
1730
1330
935
819
954
1137
1117
813
316
-200
-584
-866
-1124
-1504
-1946
-2320
-2384
-2166
-1807
-1593
-1571
-1601
-1407
-903
-225
348
611
626
595
767
1152
1644
2003
2133
1977
1707
1470
1371
1278
1096
824
624
552
449
113
-522
-1247
-1866
-2194
-2254
-2051
-1755
-1486
-1405
-1457
-1526
-1443
-1197
-838
-427
10
477
923
1373
1778
2204
2568
2844
2866
2702
2421
2185
1931
1590
1108
600
181
-174
-545
-996
-1408
-1723
-1878
-1967
-1979
-1933
-1766
-1635
-1655
-1805
-1771
-1377
-746
-254
-96
-69
148
716
1438
2058
2306
2226
1960
1782
1724
1693
1491
1127
726
447
301
182
-15
-349
-760
-1242
-1707
-2156
-2464
-2639
-2608
-2461
-2209
-1930
-1591
-1225
-853
-525
-233
97
499
985
1443
1806
1954
1911
1696
1496
1409
1508
1654
1711
1544
1224
872
569
270
-139
-661
-1201
-1555
-1710
-1722
-1794
-1941
-2122
-2141
-1988
-1700
-1449
-1275
-1154
-958
-642
-248
167
560
1010
1511
2025
2339
2347
2001
1543
1211
1215
1453
1661
1526
1001
293
-370
-884
-1350
-1775
-2112
-2190
-2104
-1988
-2054
-2224
-2358
-2235
-1841
-1246
-635
-144
134
201
235
427
901
1490
1974
2133
2066
1911
1864
1890
1881
1633
1155
612
236
84
-34
-317
-823
-1356
-1782
-1999
-2107
-2115
-2079
-1942
-1769
-1569
-1398
-1213
-1015
-789
-533
-223
185
657
1176
1642
2032
2226
2247
2096
1933
1794
1713
1599
1450
1240
1032
845
658
378
-71
-616
-1129
-1453
-1677
-1888
-2213
-2516
-2672
-2506
-2103
-1595
-1174
-873
-651
-423
-177
47
245
440
729
1109
1583
2011
2343
2455
2398
2191
1988
1817
1639
1296
739
80
-484
-815
-973
-1049
-1216
-1503
-1906
-2207
-2309
-2175
-2026
-1951
-1935
-1771
-1400
-889
-400
-24
332
780
1343
1800
1968
1772
1525
1520
1878
2277
2347
1879
1134
511
175
-57
-487
-1113
-1660
-1774
-1491
-1091
-993
-1298
-1889
-2382
-2539
-2250
-1729
-1212
-912
-808
-756
-577
-241
135
482
801
1196
1605
1867
1759
1416
1134
1232
1622
1950
1814
1234
536
56
-158
-334
-641
-1118
-1586
-1933
-2033
-1960
-1794
-1728
-1760
-1810
-1685
-1321
-749
-125
376
658
726
768
928
1269
1610
1827
1841
1789
1722
1706
1672
1661
1639
1589
1409
1040
475
-246
-988
-1648
-2065
-2218
-2090
-1789
-1370
-991
-765
-797
-997
-1169
-1093
-757
-321
54
321
573
842
1166
1484
1814
2054
2186
2147
2083
2043
2036
1886
1523
983
454
79
-175
-433
-846
-1359
-1871
-2174
-2271
-2188
-2142
-2185
-2349
-2438
-2300
-1804
-1109
-490
-164
-79
32
348
819
1178
1328
1323
1468
1878
2476
2855
2771
2194
1482
951
720
617
399
-37
-606
-1077
-1363
-1478
-1661
-1987
-2421
-2663
-2567
-2117
-1605
-1250
-1097
-942
-593
-52
502
852
992
1024
1142
1367
1691
1962
2121
2072
1911
1712
1561
1366
994
394
-175
-353
-37
458
584
72
-871
-1686
-2076
-2059
-1948
-1870
-1834
-1699
-1513
-1340
-1187
-908
-406
227
815
1202
1436
1563
1676
1743
1852
1984
2142
2175
2029
1674
1211
721
306
26
-133
-250
-472
-819
-1267
-1670
-2006
-2195
-2280
-2215
-2081
-1875
-1686
-1509
-1370
-1199
-935
-537
-59
367
734
1087
1571
2108
2557
2666
2446
1995
1570
1281
1182
1159
1070
779
304
-195
-564
-746
-888
-1096
-1460
-1861
-2238
-2438
-2414
-2088
-1602
-1130
-870
-799
-722
-428
114
704
1158
1375
1459
1477
1558
1699
1921
2072
2064
1819
1516
1311
1249
1140
760
68
-722
-1258
-1408
-1261
-1130
-1172
-1390
-1562
-1577
-1404
-1215
-1115
-1133
-1125
-972
-642
-209
225
622
933
1162
1267
1357
1493
1771
2071
2322
2390
2277
1934
1437
894
488
283
131
-169
-725
-1370
-1918
-2179
-2224
-2115
-2033
-2000
-1993
-1820
-1379
-716
-46
435
631
536
239
-88
-139
252
1025
1805
2272
2241
1917
1563
1413
1401
1345
1058
579
89
-246
-404
-586
-942
-1508
-2031
-2297
-2166
-1826
-1492
-1400
-1517
-1675
-1589
-1245
-838
-651
-697
-686
-328
438
1340
2091
2434
2422
2182
2003
1957
1981
1824
1374
697
62
-300
-365
-287
-289
-448
-739
-1018
-1309
-1644
-2045
-2276
-2210
-1855
-1484
-1231
-1057
-805
-446
-59
273
498
676
865
1189
1607
2058
2345
2453
2363
2200
1961
1666
1273
846
466
202
35
-157
-455
-921
-1451
-1925
-2133
-2081
-1848
-1674
-1617
-1682
-1727
-1668
-1398
-961
-491
-168
-28
84
316
730
1197
1643
1953
2185
2321
2408
2336
2094
1674
1258
967
793
562
72
-667
-1477
-2033
-2247
-2156
-2046
-2036
-2142
-2140
-1895
-1372
-803
-430
-366
-466
-511
-382
-142
78
302
619
1126
1684
2113
2202
2018
1698
1441
1256
1101
891
610
272
-147
-637
-1137
-1463
-1600
-1621
-1747
-1967
-2161
-2095
-1819
-1481
-1250
-1077
-884
-627
-342
-46
322
759
1192
1447
1533
1515
1585
1750
1994
2145
2179
2059
1850
1530
1138
714
322
-14
-383
-832
-1369
-1821
-2075
-2024
-1848
-1728
-1821
-1975
-1997
-1724
-1257
-754
-431
-378
-501
-528
-140
685
1657
2282
2454
2328
2299
2425
2572
2437
2009
1431
961
682
521
315
-50
-517
-990
-1333
-1562
-1667
-1750
-1810
-1936
-2079
-2220
-2211
-1974
-1448
-778
-187
162
293
378
512
744
1025
1385
1731
2028
2176
2245
2207
2060
1722
1265
796
488
398
400
254
-233
-967
-1626
-1831
-1610
-1256
-1252
-1703
-2387
-2782
-2622
-1934
-1129
-579
-409
-413
-314
-17
360
625
795
982
1356
1839
2273
2393
2177
1716
1246
875
595
315
-23
-376
-746
-1112
-1548
-1986
-2348
-2425
-2255
-1946
-1750
-1691
-1700
-1592
-1370
-1094
-814
-467
-21
426
741
849
923
1118
1546
2046
2433
2464
2211
1853
1678
1683
1716
1540
1082
408
-320
-894
-1228
-1336
-1429
-1595
-1857
-2039
-2130
-2120
-2103
-2004
-1816
-1524
-1254
-1046
-802
-352
367
1166
1793
2015
1917
1673
1571
1665
1892
1995
1873
1536
1178
902
735
602
450
254
-45
-460
-1001
-1534
-1987
-2239
-2359
-2351
-2334
-2279
-2173
-1883
-1421
-880
-450
-210
-14
338
929
1545
1946
1955
1730
1474
1420
1546
1728
1720
1461
1038
629
292
-29
-366
-690
-913
-1080
-1219
-1403
-1575
-1782
-1978
-2155
-2159
-1948
-1529
-1138
-950
-979
-992
-702
-23
858
1557
1855
1729
1502
1440
1708
2100
2361
2242
1808
1233
770
514
394
230
-157
-747
-1376
-1761
-1880
-1843
-1887
-1988
-2024
-1811
-1448
-1111
-992
-1059
-1199
-1235
-1031
-521
176
777
1073
1051
1005
1139
1572
2137
2647
2798
2535
1964
1417
1061
833
526
24
-583
-1110
-1345
-1285
-1052
-980
-1240
-1819
-2361
-2590
-2362
-1905
-1456
-1141
-848
-488
-97
229
448
677
981
1417
1874
2295
2509
2506
2286
2037
1818
1643
1394
1075
742
483
295
59
-325
-911
-1547
-2064
-2240
-2112
-1799
-1578
-1527
-1602
-1583
-1338
-848
-287
133
290
232
206
410
902
1456
1873
2007
1963
1812
1718
1719
1829
1858
1640
1113
457
-97
-445
-611
-773
-1040
-1433
-1730
-1774
-1530
-1238
-1070
-1112
-1250
-1381
-1364
-1093
-539
200
902
1415
1639
1692
1673
1734
1836
1954
1966
1874
1651
1416
1242
1203
1205
1096
750
236
-242
-573
-780
-1050
-1424
-1870
-2181
-2332
-2301
-2211
-2057
-1892
-1681
-1463
-1212
-888
-431
133
655
1071
1380
1752
2169
2557
2681
2551
2229
1911
1630
1355
968
470
-28
-407
-624
-799
-1010
-1319
-1621
-1875
-1987
-2011
-1946
-1914
-1909
-1954
-1929
-1788
-1479
-1064
-605
-145
298
751
1167
1560
1866
2079
2097
2039
2029
2228
2463
2475
2042
1333
659
205
-100
-469
-957
-1460
-1734
-1777
-1707
-1717
-1749
-1704
-1485
-1252
-1144
-1197
-1235
-1134
-870
-494
-40
523
1133
1672
1933
1926
1735
1611
1636
1763
1745
1470
989
547
308
250
214
79
-140
-399
-649
-981
-1410
-1866
-2077
-1919
-1437
-947
-674
-606
-511
-249
97
363
479
600
846
1242
1598
1791
1737
1603
1535
1657
1820
1888
1750
1528
1312
1076
675
67
-581
-1097
-1383
-1606
-1863
-2168
-2301
-2242
-2052
-1947
-1910
-1804
-1426
-817
-184
214
272
174
210
595
1198
1757
1998
1994
1889
1841
1761
1612
1385
1176
981
716
306
-170
-525
-694
-739
-864
-1132
-1515
-1817
-1998
-2037
-2045
-1989
-1873
-1639
-1351
-1044
-740
-408
-21
388
764
1009
1153
1244
1408
1613
1785
1758
1562
1291
1148
1165
1245
1172
848
342
-163
-503
-747
-1027
-1488
-1999
-2400
-2483
-2269
-1812
-1352
-1068
-1100
-1302
-1333
-888
21
1027
1731
1893
1714
1496
1538
1776
2047
2114
1992
1746
1551
1432
1357
1173
799
272
-274
-693
-1023
-1325
-1714
-2103
-2414
-2481
-2361
-2121
-1919
-1736
-1598
-1472
-1351
-1120
-650
54
862
1534
1981
2129
2076
1885
1757
1743
1842
1868
1733
1408
1039
732
576
550
526
332
-174
-897
-1624
-2058
-2185
-2092
-2008
-1964
-1952
-1839
-1610
-1267
-905
-579
-294
-4
341
682
969
1139
1277
1413
1593
1725
1821
1848
1846
1739
1541
1270
1041
873
667
282
-279
-807
-1098
-1070
-993
-1138
-1662
-2308
-2759
-2725
-2317
-1764
-1381
-1234
-1226
-1115
-734
-100
634
1243
1609
1659
1547
1440
1579
1921
2298
2396
2160
1676
1215
917
776
624
300
-211
-830
-1374
-1777
-1962
-2007
-1932
-1849
-1752
-1685
-1593
-1519
-1438
-1334
-1106
-690
-112
519
1035
1372
1492
1521
1541
1656
1775
1857
1831
1771
1662
1464
1089
558
-21
-525
-857
-1092
-1313
-1652
-2019
-2302
-2304
-2128
-1922
-1923
-2070
-2155
-1880
-1261
-556
-59
169
305
504
836
1208
1596
1890
2081
2106
2079
2016
1995
1954
1878
1671
1324
857
351
-134
-636
-1144
-1624
-1903
-1948
-1775
-1619
-1602
-1749
-1845
-1754
-1435
-1068
-792
-615
-400
-31
444
906
1209
1401
1544
1724
1841
1855
1725
1642
1708
1916
1993
1722
1068
286
-311
-607
-696
-804
-1013
-1365
-1748
-2078
-2166
-1989
-1601
-1271
-1142
-1204
-1240
-1073
-651
-54
556
1074
1408
1647
1845
2148
2479
2710
2590
2154
1581
1212
1139
1243
1238
990
538
24
-427
-766
-950
-1072
-1217
-1508
-1839
-2039
-1909
-1580
-1283
-1205
-1223
-1117
-756
-290
44
189
282
540
971
1448
1726
1797
1739
1759
1861
1972
1899
1633
1249
882
545
178
-239
-632
-861
-938
-953
-1076
-1306
-1583
-1730
-1702
-1486
-1267
-1185
-1285
-1356
-1124
-485
356
1018
1336
1376
1394
1467
1644
1841
2059
2159
2074
1754
1379
1092
961
882
713
357
-159
-666
-988
-1030
-939
-897
-1103
-1508
-1996
-2313
-2354
-2066
-1551
-903
-272
206
473
565
674
916
1352
1825
2226
2394
2360
2136
1896
1714
1681
1703
1644
1328
763
115
-388
-618
-651
-622
-703
-928
-1288
-1625
-1856
-1896
-1856
-1782
-1738
-1638
-1408
-983
-401
211
717
1006
1167
1301
1544
1813
2016
2004
1858
1669
1569
1503
1349
964
428
-30
-226
-200
-278
-700
-1468
-2204
-2574
-2391
-1960
-1651
-1790
-2222
-2572
-2412
-1756
-923
-322
-77
-24
65
302
615
970
1314
1700
2056
2338
2386
2192
1783
1344
987
739
494
164
-226
-577
-775
-868
-940
-1143
-1458
-1855
-2167
-2348
-2319
-2108
-1687
-1185
-757
-538
-465
-303
115
760
1368
1762
1855
1844
1874
2035
2139
2016
1568
988
514
339
437
619
643
324
-308
-1045
-1554
-1722
-1615
-1533
-1604
-1806
-1900
-1812
-1572
-1384
-1319
-1276
-1008
-427
288
864
1134
1234
1318
1521
1756
1986
2093
2091
1948
1724
1412
1082
785
581
431
192
-234
-860
-1495
-2007
-2260
-2291
-2087
-1746
-1340
-1055
-963
-1027
-1049
-908
-608
-284
-44
142
356
687
1073
1456
1715
1855
1847
1754
1564
1359
1171
1077
1044
998
823
458
-50
-626
-1139
-1563
-1835
-2017
-2089
-2108
-2013
-1928
-1934
-2112
-2256
-2142
-1632
-943
-373
-87
-4
156
581
1318
2096
2665
2802
2640
2328
2104
1967
1854
1588
1131
563
49
-307
-571
-829
-1125
-1336
-1415
-1366
-1387
-1553
-1883
-2171
-2312
-2204
-1921
-1504
-1038
-564
-117
275
586
753
837
933
1205
1601
2001
2186
2155
1940
1686
1428
1225
1051
891
688
425
118
-231
-603
-1072
-1601
-2175
-2601
-2816
-2728
-2485
-2178
-1864
-1422
-813
-155
299
401
248
64
103
449
1016
1498
1709
1630
1570
1710
2000
2087
1787
1165
532
115
-166
-534
-1084
-1571
-1778
-1651
-1550
-1731
-2228
-2664
-2731
-2279
-1604
-1077
-1001
-1266
-1497
-1299
-605
298
1003
1240
1170
1109
1378
1898
2416
2573
2313
1740
1175
838
790
832
687
226
-438
-1021
-1369
-1454
-1452
-1465
-1610
-1818
-2017
-2026
-1819
-1435
-1050
-751
-512
-232
127
476
701
719
722
937
1543
2304
2799
2613
1906
1154
869
1059
1418
1567
1361
822
90
-602
-1096
-1347
-1564
-1838
-2183
-2400
-2455
-2313
-2095
-1826
-1611
-1443
-1259
-908
-309
430
1076
1389
1454
1478
1716
2087
2424
2485
2316
2008
1739
1524
1371
1196
938
555
98
-310
-658
-991
-1487
-2106
-2685
-2883
-2671
-2198
-1859
-1795
-1937
-1964
-1679
-1061
-325
270
648
898
1231
1644
1996
2031
1773
1394
1225
1359
1743
2096
2206
1922
1343
673
183
-3
-25
-138
-614
-1420
-2276
-2697
-2573
-2107
-1794
-1798
-1967
-1920
-1575
-1084
-719
-553
-487
-359
-66
356
874
1384
1878
2253
2467
2384
2028
1480
985
693
602
538
354
49
-295
-587
-874
-1174
-1494
-1705
-1811
-1816
-1892
-2052
-2268
-2323
-2130
-1685
-1169
-723
-382
-73
329
829
1338
1637
1681
1537
1489
1639
1941
2107
1986
1554
1047
677
543
527
434
157
-307
-829
-1317
-1634
-1774
-1728
-1695
-1774
-2001
-2149
-2075
-1727
-1287
-895
-569
-215
227
684
1067
1276
1423
1603
1934
2268
2518
2560
2494
2327
2094
1733
1251
658
20
-532
-906
-1063
-1145
-1244
-1493
-1849
-2265
-2516
-2461
-2017
-1434
-996
-852
-831
-649
-184
426
898
1130
1172
1243
1417
1687
1854
1859
1703
1581
1559
1656
1726
1619
1192
471
-327
-955
-1261
-1364
-1393
-1459
-1492
-1480
-1398
-1357
-1387
-1503
-1560
-1432
-1043
-470
124
595
853
962
1003
1104
1250
1425
1526
1600
1657
1799
1969
2109
2049
1757
1260
738
336
59
-205
-657
-1301
-2017
-2492
-2638
-2476
-2252
-2047
-1844
-1484
-945
-333
149
364
363
307
408
700
1105
1416
1603
1692
1846
2041
2205
2139
1851
1428
1070
840
704
539
231
-236
-816
-1335
-1665
-1698
-1568
-1425
-1492
-1751
-2082
-2199
-1993
-1491
-981
-690
-646
-625
-402
26
528
947
1334
1703
2038
2151
2013
1664
1349
1209
1248
1244
1025
584
87
-301
-577
-792
-990
-1101
-1116
-1042
-1055
-1250
-1655
-2035
-2146
-1811
-1208
-649
-375
-330
-221
169
824
1450
1804
1763
1520
1287
1297
1517
1834
2010
1938
1574
1043
497
34
-337
-675
-958
-1153
-1195
-1224
-1361
-1685
-2003
-2166
-2070
-1893
-1749
-1706
-1630
-1459
-1170
-838
-505
-98
463
1209
1919
2380
2407
2152
1809
1659
1737
1971
2089
1869
1217
349
-379
-728
-721
-661
-777
-1148
-1579
-1932
-2078
-2121
-2108
-2102
-1986
-1739
-1384
-1066
-825
-593
-256
190
604
880
976
1018
1086
1275
1522
1810
2018
2128
2067
1870
1522
1111
713
433
282
119
-211
-803
-1496
-2110
-2428
-2525
-2474
-2436
-2351
-2162
-1761
-1235
-731
-437
-380
-409
-302
104
739
1473
2082
2503
2635
2507
2108
1591
1092
777
670
695
687
467
-23
-713
-1359
-1789
-1901
-1868
-1827
-1937
-2109
-2232
-2109
-1752
-1268
-916
-814
-898
-919
-654
-81
615
1135
1384
1415
1470
1627
1869
1997
1980
1834
1687
1523
1341
1103
862
635
367
-6
-499
-991
-1410
-1674
-1868
-1997
-2152
-2277
-2349
-2218
-1842
-1238
-657
-334
-353
-528
-544
-214
391
982
1369
1495
1504
1462
1446
1416
1429
1464
1528
1524
1390
1058
551
-29
-521
-778
-834
-811
-928
-1221
-1615
-1862
-1885
-1706
-1499
-1310
-1121
-846
-553
-361
-261
-93
346
1000
1645
1972
1978
1787
1654
1633
1646
1467
1080
646
461
598
849
875
520
-86
-720
-1193
-1536
-1776
-1993
-2112
-2119
-1935
-1644
-1324
-1101
-958
-824
-609
-288
99
537
962
1298
1400
1325
1213
1246
1359
1399
1230
967
759
680
629
481
179
-236
-635
-963
-1193
-1457
-1779
-2150
-2362
-2371
-2185
-2000
-1848
-1691
-1389
-936
-411
45
327
478
607
919
1418
1981
2295
2244
1860
1469
1295
1375
1446
1291
872
413
128
33
-23
-243
-659
-1214
-1702
-2054
-2206
-2316
-2432
-2563
-2489
-2121
-1496
-880
-466
-262
-115
68
243
327
300
306
470
863
1345
1812
2124
2244
2065
1627
1050
527
133
-220
-606
-1024
-1341
-1549
-1644
-1719
-1734
-1720
-1649
-1637
-1699
-1822
-1828
-1656
-1320
-941
-562
-189
160
484
780
1168
1640
2080
2209
1986
1541
1256
1319
1703
2068
2093
1601
783
12
-422
-516
-542
-711
-1120
-1626
-2076
-2237
-2122
-1853
-1736
-1827
-1987
-1913
-1489
-791
-22
614
1066
1346
1614
1903
2224
2395
2401
2243
2076
1896
1711
1464
1247
1101
1040
960
735
285
-384
-1094
-1674
-1958
-2003
-1878
-1737
-1600
-1570
-1647
-1817
-1882
-1728
-1338
-856
-385
50
435
791
1106
1506
1982
2469
2706
2596
2131
1557
1077
847
812
780
530
-4
-638
-1114
-1250
-1203
-1206
-1436
-1748
-1921
-1760
-1432
-1196
-1260
-1477
-1589
-1388
-979
-584
-267
103
680
1345
1858
1980
1828
1611
1591
1747
1974
2027
1820
1363
838
394
94
-102
-327
-646
-1115
-1620
-2087
-2364
-2436
-2246
-1939
-1644
-1552
-1617
-1684
-1524
-1090
-490
116
606
992
1275
1510
1643
1760
1888
2108
2288
2276
1900
1296
729
465
497
624
607
365
-18
-464
-895
-1348
-1767
-2120
-2248
-2133
-1790
-1401
-1071
-876
-764
-697
-617
-423
-25
585
1208
1650
1779
1758
1735
1883
2123
2379
2454
2282
1827
1310
954
855
822
555
-60
-834
-1395
-1594
-1497
-1371
-1332
-1426
-1538
-1621
-1588
-1465
-1268
-1077
-884
-625
-230
265
701
1002
1168
1340
1535
1754
1877
1978
2084
2229
2233
2006
1541
1067
758
624
489
224
-132
-500
-828
-1203
-1603
-1975
-2148
-2151
-2019
-1861
-1635
-1331
-930
-526
-215
-18
125
345
673
1107
1514
1867
2100
2271
2321
2247
1975
1570
1108
743
533
436
320
111
-137
-396
-683
-1146
-1750
-2350
-2634
-2563
-2221
-1873
-1607
-1414
-1156
-811
-444
-158
20
186
430
795
1165
1497
1741
1969
2118
2146
1947
1616
1266
1018
828
618
335
52
-122
-205
-310
-609
-1077
-1588
-1897
-1982
-1894
-1784
-1628
-1391
-1024
-631
-320
-93
146
497
895
1232
1372
1402
1422
1565
1746
1931
2031
2060
1924
1571
992
400
36
-42
-9
-154
-564
-1132
-1576
-1800
-1808
-1750
-1645
-1547
-1436
-1427
-1534
-1652
-1511
-1031
-387
118
351
518
847
1436
2054
2526
2680
2608
2375
2131
1864
1576
1210
810
441
171
-2
-171
-406
-774
-1206
-1686
-2096
-2385
-2404
-2172
-1747
-1351
-1090
-998
-963
-872
-632
-242
196
614
970
1288
1481
1523
1412
1347
1420
1648
1837
1877
1688
1358
972
588
186
-294
-816
-1277
-1494
-1455
-1242
-1084
-1072
-1242
-1469
-1648
-1626
-1412
-1090
-856
-772
-707
-442
89
691
1092
1124
988
974
1287
1748
2085
2051
1737
1324
1055
973
974
836
449
-81
-541
-784
-940
-1161
-1570
-2024
-2361
-2365
-2075
-1622
-1284
-1157
-1161
-1057
-733
-276
130
375
550
759
1089
1450
1809
2066
2231
2220
2063
1759
1440
1171
969
732
365
-121
-675
-1182
-1651
-2020
-2275
-2289
-2140
-1919
-1790
-1700
-1550
-1218
-880
-769
-949
-1136
-1002
-474
206
734
1101
1418
1797
2087
2208
2110
1932
1709
1477
1200
931
689
455
181
-131
-411
-650
-849
-1132
-1505
-1944
-2234
-2242
-1883
-1335
-819
-608
-752
-1092
-1285
-1104
-572
87
635
1026
1269
1456
1581
1752
1964
2211
2305
2144
1678
1124
719
600
640
554
150
-515
-1135
-1485
-1498
-1415
-1428
-1658
-1943
-2118
-2008
-1692
-1303
-1033
-898
-812
-633
-263
278
904
1415
1677
1607
1375
1178
1287
1706
2226
2410
2033
1189
352
-69
-49
86
-50
-528
-1149
-1575
-1734
-1704
-1754
-1949
-2245
-2373
-2235
-1842
-1434
-1152
-976
-713
-225
417
1009
1329
1415
1402
1500
1684
1915
2060
2101
1955
1680
1352
1130
1011
839
440
-156
-704
-1072
-1281
-1576
-2000
-2446
-2597
-2375
-1850
-1367
-1159
-1282
-1476
-1462
-1104
-567
-107
185
401
744
1225
1771
2162
2343
2272
2134
2037
2091
2144
2053
1706
1212
705
237
-222
-734
-1234
-1666
-1904
-2038
-2135
-2317
-2455
-2463
-2239
-1884
-1453
-1049
-717
-546
-520
-465
-181
420
1156
1762
1974
1910
1806
1969
2318
2609
2501
2017
1370
864
586
373
-10
-632
-1262
-1666
-1724
-1672
-1709
-1913
-2054
-2000
-1723
-1453
-1320
-1300
-1169
-806
-281
194
460
625
876
1356
1896
2259
2210
1901
1588
1508
1555
1508
1190
692
218
-103
-284
-431
-587
-803
-1048
-1375
-1734
-2164
-2551
-2853
-2886
-2630
-2097
-1504
-1007
-722
-603
-485
-184
354
928
1259
1182
955
941
1397
2097
2691
2830
2584
2134
1712
1329
957
557
159
-183
-540
-982
-1537
-1996
-2205
-2088
-1887
-1780
-1862
-1953
-1898
-1578
-1073
-526
-103
133
271
435
748
1152
1572
1856
2041
2128
2210
2222
2157
1945
1669
1383
1155
937
653
259
-209
-637
-985
-1227
-1515
-1894
-2388
-2754
-2860
-2619
-2255
-1925
-1700
-1427
-1020
-507
2
432
819
1149
1430
1601
1753
1896
2083
2202
2201
1971
1570
1092
738
593
542
338
-124
-654
-1015
-1113
-1206
-1487
-1963
-2319
-2422
-2274
-2089
-1904
-1628
-1099
-382
265
627
682
630
632
762
939
1139
1312
1536
1801
2110
2275
2190
1802
1286
811
468
206
-68
-379
-754
-1149
-1590
-1983
-2291
-2379
-2230
-1822
-1315
-880
-647
-544
-402
-124
189
349
352
353
553
918
1312
1545
1694
1843
2070
2206
2136
1791
1322
870
575
454
415
287
-83
-648
-1222
-1546
-1660
-1710
-1892
-2103
-2189
-1986
-1637
-1313
-1141
-1028
-877
-642
-376
-132
144
514
1033
1569
2032
2283
2354
2221
1980
1662
1406
1251
1161
977
599
64
-428
-659
-674
-694
-1045
-1726
-2447
-2707
-2424
-1856
-1515
-1553
-1731
-1598
-1025
-253
369
688
854
1038
1349
1674
1962
2114
2171
2103
1991
1829
1650
1396
1094
785
527
293
17
-309
-629
-845
-1016
-1206
-1552
-1990
-2411
-2553
-2311
-1699
-1040
-646
-651
-832
-833
-457
212
890
1373
1551
1479
1222
994
945
1203
1639
2070
2239
2094
1660
1107
580
139
-255
-708
-1195
-1622
-1809
-1823
-1790
-1937
-2207
-2455
-2414
-2056
-1466
-893
-500
-309
-183
100
614
1259
1738
1886
1684
1389
1198
1255
1460
1647
1587
1223
662
171
-57
-81
-119
-349
-691
-975
-1061
-1091
-1217
-1511
-1777
-1876
-1741
-1464
-1085
-633
-152
228
393
390
357
477
779
1246
1708
2068
2185
2105
1874
1675
1561
1582
1627
1620
1450
1088
549
-109
-766
-1377
-1846
-2196
-2359
-2380
-2223
-2049
-1942
-1956
-1902
-1618
-1059
-475
-139
-40
91
524
1176
1742
1900
1794
1724
1929
2198
2255
1931
1462
1111
996
954
803
467
-10
-506
-939
-1214
-1386
-1506
-1687
-1858
-1944
-1832
-1599
-1320
-1079
-843
-565
-208
176
468
624
679
800
1036
1402
1754
2042
2155
2146
2027
1916
1794
1642
1378
1069
795
590
361
-9
-501
-1025
-1426
-1710
-1864
-1958
-1944
-1863
-1688
-1490
-1282
-1087
-842
-484
-12
489
863
1103
1261
1497
1791
2057
2084
1909
1651
1558
1641
1786
1739
1389
769
103
-360
-556
-608
-859
-1444
-2253
-2830
-2897
-2406
-1757
-1315
-1237
-1295
-1197
-796
-238
216
489
686
997
1386
1712
1769
1604
1340
1222
1322
1586
1743
1641
1289
950
801
786
657
253
-333
-862
-1107
-1142
-1153
-1394
-1826
-2244
-2303
-1902
-1165
-535
-363
-624
-879
-673
31
880
1439
1652
1661
1686
1711
1769
1822
1938
2027
1993
1698
1253
854
660
591
404
-58
-702
-1213
-1434
-1405
-1375
-1425
-1572
-1699
-1773
-1696
-1437
-1005
-618
-464
-501
-460
-87
569
1205
1465
1347
1076
1026
1297
1762
2058
2000
1602
1130
779
604
495
332
69
-262
-556
-785
-947
-1153
-1406
-1688
-1848
-1909
-1907
-1960
-1988
-1864
-1445
-849
-317
-30
53
148
386
796
1241
1614
1761
1697
1484
1380
1492
1806
2063
2049
1640
928
120
-545
-896
-1034
-1154
-1524
-2089
-2673
-2952
-2874
-2471
-1970
-1498
-1172
-952
-778
-569
-320
-67
179
417
736
1147
1605
1892
1925
1719
1544
1535
1703
1816
1726
1381
918
483
124
-212
-590
-937
-1207
-1369
-1537
-1705
-1862
-1894
-1854
-1757
-1673
-1552
-1338
-940
-374
222
710
1017
1246
1440
1599
1597
1483
1352
1379
1531
1696
1673
1414
957
445
4
-295
-453
-621
-909
-1393
-1908
-2315
-2453
-2406
-2227
-2072
-1947
-1906
-1860
-1715
-1337
-718
24
721
1203
1453
1485
1461
1469
1623
1835
2059
2167
2182
2057
1795
1349
860
508
360
254
-38
-527
-1058
-1422
-1694
-1956
-2234
-2300
-2106
-1735
-1490
-1476
-1612
-1623
-1419
-1064
-686
-306
200
876
1606
2067
2120
1813
1503
1417
1649
1983
2225
2180
1837
1248
562
-69
-559
-875
-1049
-1069
-1043
-1074
-1328
-1732
-2125
-2245
-2076
-1693
-1331
-1111
-1042
-955
-682
-191
414
948
1414
1827
2237
2472
2500
2331
2233
2289
2411
2273
1773
1045
432
127
37
-85
-405
-823
-1205
-1438
-1580
-1634
-1647
-1584
-1615
-1821
-2207
-2482
-2351
-1652
-663
144
395
122
-267
-350
74
829
1654
2243
2504
2390
2077
1706
1463
1342
1209
866
282
-359
-878
-1196
-1471
-1774
-2070
-2127
-1957
-1706
-1627
-1685
-1774
-1738
-1661
-1592
-1490
-1189
-648
0
543
826
970
1161
1545
1950
2183
2089
1856
1668
1635
1594
1419
1070
690
404
183
-110
-588
-1135
-1574
-1721
-1690
-1642
-1811
-2139
-2495
-2602
-2392
-1897
-1313
-765
-295
124
586
1097
1621
1960
2085
2031
2011
2033
2047
1897
1642
1358
1138
941
697
345
-153
-732
-1311
-1721
-1907
-1836
-1674
-1531
-1571
-1754
-2037
-2229
-2265
-2074
-1704
-1170
-548
59
550
860
1053
1172
1334
1548
1860
2144
2308
2206
1911
1526
1189
888
606
340
92
-165
-503
-878
-1245
-1514
-1698
-1724
-1649
-1539
-1648
-2008
-2453
-2573
-2174
-1333
-449
113
257
181
203
456
890
1287
1565
1698
1789
1817
1727
1394
928
560
555
871
1200
1176
705
-4
-704
-1229
-1606
-1807
-1911
-1936
-1971
-1927
-1752
-1416
-1096
-906
-830
-702
-414
7
463
827
1112
1332
1565
1749
1869
1848
1774
1692
1661
1582
1383
1018
574
162
-162
-398
-647
-953
-1351
-1711
-1976
-2069
-2090
-2048
-1987
-1834
-1645
-1453
-1363
-1345
-1319
-1133
-673
46
850
1433
1673
1623
1559
1585
1678
1651
1505
1300
1205
1238
1327
1275
993
532
-12
-567
-1138
-1610
-1859
-1766
-1507
-1295
-1366
-1673
-2044
-2165
-1921
-1367
-744
-231
170
541
908
1133
1134
938
845
1064
1650
2288
2674
2573
2131
1577
1092
629
109
-415
-805
-959
-986
-1012
-1185
-1481
-1891
-2244
-2449
-2383
-2146
-1817
-1554
-1367
-1231
-1024
-659
-137
454
959
1316
1482
1547
1545
1573
1602
1686
1790
1909
1893
1670
1230
742
356
75
-206
-626
-1142
-1624
-1849
-1796
-1546
-1396
-1495
-1827
-2079
-2003
-1520
-893
-423
-214
-106
173
691
1329
1794
2053
2173
2380
2630
2761
2491
1900
1261
959
1046
1259
1196
690
-89
-784
-1092
-1061
-937
-1076
-1522
-2116
-2485
-2472
-2077
-1627
-1377
-1442
-1595
-1469
-821
213
1166
1628
1482
1089
869
1053
1442
1761
1803
1673
1501
1436
1442
1410
1156
623
-57
-615
-837
-843
-883
-1195
-1681
-2114
-2212
-2058
-1848
-1794
-1786
-1645
-1251
-748
-331
-57
168
472
827
1211
1546
1852
2035
2062
1873
1631
1467
1512
1667
1734
1470
889
239
-180
-289
-330
-554
-1032
-1524
-1809
-1756
-1560
-1431
-1525
-1689
-1669
-1269
-579
123
597
778
820
869
1065
1373
1749
2019
2107
1940
1690
1503
1516
1614
1599
1274
679
28
-428
-575
-591
-714
-1150
-1773
-2353
-2576
-2433
-2026
-1650
-1440
-1448
-1506
-1437
-1100
-507
200
844
1245
1416
1433
1498
1639
1797
1765
1545
1248
1112
1168
1308
1311
1072
597
35
-413
-639
-674
-769
-1077
-1572
-1946
-2007
-1735
-1457
-1416
-1647
-1841
-1786
-1463
-1065
-692
-305
152
666
1120
1487
1710
1828
1822
1843
1944
2149
2248
2070
1531
850
325
102
49
-140
-598
-1238
-1747
-2018
-2064
-2021
-1845
-1552
-1202
-1008
-1018
-1081
-941
-589
-224
-33
8
179
670
1469
2223
2615
2444
1930
1406
1262
1524
1958
2122
1791
1028
188
-390
-558
-403
-205
-206
-572
-1191
-1817
-2113
-2039
-1731
-1488
-1390
-1343
-1131
-747
-348
-103
-12
97
352
755
1136
1449
1684
1984
2312
2607
2643
2390
1890
1382
1012
749
402
-123
-665
-1024
-1122
-1197
-1419
-1817
-2146
-2318
-2302
-2250
-2164
-2066
-1875
-1625
-1318
-985
-619
-207
240
701
1067
1319
1457
1614
1787
2004
2171
2290
2249
2063
1748
1462
1249
1018
592
-81
-820
-1382
-1575
-1547
-1520
-1732
-2083
-2373
-2334
-1999
-1516
-1113
-842
-626
-336
61
459
796
1049
1305
1533
1735
1835
1917
1971
2000
1879
1633
1317
1079
943
786
417
-209
-877
-1329
-1422
-1382
-1455
-1775
-2115
-2238
-1986
-1560
-1209
-1144
-1280
-1406
-1276
-867
-331
125
396
627
978
1541
2104
2476
2490
2306
2074
1972
1936
1859
1567
1074
520
106
-91
-254
-594
-1194
-1806
-2164
-2092
-1814
-1599
-1661
-1859
-1986
-1833
-1474
-1073
-804
-662
-493
-144
428
1046
1521
1688
1667
1607
1664
1742
1707
1429
1012
629
466
532
701
763
549
52
-586
-1111
-1436
-1572
-1705
-1856
-1981
-1903
-1619
-1202
-872
-742
-743
-636
-238
371
938
1215
1320
1480
1916
2454
2826
2737
2308
1788
1500
1455
1446
1168
518
-315
-1001
-1280
-1234
-1096
-1164
-1457
-1869
-2136
-2206
-2079
-1956
-1901
-1891
-1722
-1261
-540
169
564
550
287
148
376
969
1591
1930
1825
1519
1299
1327
1413
1323
952
479
130
-37
-146
-429
-947
-1630
-2181
-2405
-2198
-1767
-1335
-1142
-1188
-1395
-1562
-1519
-1138
-466
281
823
974
874
790
978
1373
1804
2032
2122
2160
2226
2143
1760
1052
293
-192
-265
-73
21
-228
-811
-1403
-1763
-1812
-1772
-1773
-1885
-1967
-1978
-1851
-1638
-1347
-1025
-663
-244
212
600
769
712
557
594
946
1514
1930
2032
1871
1752
1768
1797
1567
1013
286
-390
-857
-1128
-1247
-1340
-1432
-1579
-1707
-1769
-1660
-1426
-1134
-926
-824
-757
-589
-229
278
835
1284
1544
1527
1357
1198
1316
1708
2208
2458
2355
1955
1492
1072
707
340
-38
-379
-677
-922
-1192
-1478
-1817
-2094
-2274
-2255
-2097
-1823
-1547
-1292
-1091
-897
-618
-168
479
1173
1714
1882
1742
1475
1383
1520
1811
1998
1979
1721
1396
1134
1043
1041
954
617
-18
-798
-1506
-1891
-1957
-1814
-1726
-1751
-1862
-1871
-1764
-1570
-1427
-1335
-1260
-1100
-758
-190
547
1221
1641
1708
1655
1689
1914
2107
2093
1788
1379
1024
803
643
473
267
-17
-399
-882
-1327
-1642
-1746
-1829
-2010
-2344
-2572
-2499
-2031
-1417
-921
-720
-718
-693
-448
120
907
1741
2330
2581
2477
2285
2153
2161
2115
1924
1565
1182
837
535
241
-47
-308
-659
-1164
-1841
-2437
-2793
-2784
-2590
-2322
-2052
-1663
-1161
-645
-303
-188
-157
-10
362
846
1283
1509
1603
1667
1835
1996
2095
2060
1960
1751
1381
817
242
-114
-201
-189
-402
-950
-1678
-2167
-2188
-1754
-1299
-1181
-1516
-1961
-2128
-1803
-1236
-792
-649
-618
-377
177
864
1340
1519
1500
1561
1767
2143
2514
2781
2754
2358
1579
679
-12
-265
-135
27
-118
-714
-1518
-2188
-2403
-2231
-1875
-1668
-1675
-1842
-1936
-1858
-1569
-1159
-688
-189
311
817
1260
1567
1600
1484
1432
1734
2286
2756
2712
2173
1432
869
573
315
-180
-913
-1521
-1704
-1441
-1144
-1145
-1496
-1847
-1968
-1814
-1630
-1545
-1545
-1429
-1125
-687
-258
79
437
926
1548
2023
2180
2004
1854
1950
2319
2622
2571
2011
1153
340
-131
-235
-216
-321
-662
-1095
-1512
-1811
-2091
-2340
-2565
-2594
-2405
-2000
-1555
-1174
-934
-783
-623
-347
132
761
1436
1938
2175
2086
1834
1556
1435
1457
1547
1520
1286
843
314
-150
-467
-631
-743
-860
-1080
-1381
-1804
-2241
-2648
-2840
-2801
-2502
-2090
-1629
-1161
-644
-100
363
675
834
970
1131
1291
1305
1240
1232
1480
1889
2233
2211
1891
1507
1293
1171
916
390
-245
-682
-852
-913
-1132
-1501
-1888
-2066
-2087
-2029
-2024
-2001
-1907
-1638
-1257
-860
-531
-232
176
735
1392
1920
2254
2362
2359
2217
1957
1567
1216
1025
1027
1049
926
596
161
-222
-529
-804
-1145
-1488
-1822
-2070
-2289
-2400
-2375
-2127
-1810
-1560
-1460
-1353
-1086
-627
-126
250
564
953
1516
2052
2363
2296
2087
1968
2101
2273
2235
1803
1148
563
265
202
154
-46
-467
-1011
-1577
-1968
-2110
-1963
-1737
-1583
-1614
-1699
-1667
-1357
-788
-118
424
668
683
656
786
1032
1328
1581
1877
2168
2366
2268
1906
1407
957
595
301
49
-144
-257
-401
-680
-1164
-1687
-2084
-2171
-2074
-1947
-1934
-1893
-1702
-1313
-925
-692
-568
-339
176
894
1627
2111
2292
2162
1895
1603
1461
1466
1565
1579
1429
1096
661
206
-210
-542
-836
-1110
-1448
-1782
-2070
-2175
-2117
-1893
-1631
-1384
-1222
-1088
-888
-533
-48
423
764
925
1082
1368
1838
2251
2418
2219
1863
1542
1453
1553
1730
1747
1458
849
100
-543
-951
-1106
-1157
-1197
-1389
-1725
-2166
-2469
-2461
-2026
-1415
-950
-875
-1060
-1149
-828
-114
671
1257
1545
1705
1827
1987
2084
2179
2260
2382
2415
2281
1876
1256
534
-127
-600
-913
-1136
-1383
-1594
-1740
-1761
-1771
-1788
-1852
-1869
-1821
-1635
-1325
-920
-492
-77
303
588
718
666
625
785
1307
2022
2690
2977
2863
2433
1962
1571
1318
1110
872
557
173
-230
-621
-937
-1190
-1353
-1531
-1747
-2027
-2195
-2160
-1869
-1486
-1131
-898
-754
-577
-227
315
842
1161
1213
1250
1442
1808
2092
2126
1829
1391
1024
866
807
653
309
-167
-623
-1024
-1345
-1550
-1507
-1314
-1177
-1331
-1655
-1851
-1638
-1166
-756
-671
-833
-948
-728
-117
650
1336
1772
2050
2206
2311
2272
2106
1800
1491
1263
1227
1319
1376
1176
644
-85
-747
-1095
-1151
-1084
-1151
-1375
-1690
-1902
-2021
-2057
-2089
-2025
-1777
-1264
-617
-61
239
302
403
755
1362
1886
2093
1936
1701
1569
1589
1592
1505
1292
986
592
133
-333
-768
-1103
-1356
-1500
-1618
-1715
-1886
-2077
-2215
-2102
-1722
-1175
-705
-431
-355
-370
-382
-318
-103
267
719
1080
1308
1420
1566
1744
1913
1913
1721
1354
940
568
262
-23
-312
-534
-655
-705
-865
-1184
-1622
-1958
-2112
-2035
-1883
-1743
-1695
-1621
-1404
-962
-448
-82
54
93
311
792
1421
1884
2090
2066
2051
2108
2219
2169
1891
1410
868
349
-123
-518
-793
-889
-902
-932
-1141
-1502
-1911
-2107
-2042
-1791
-1572
-1408
-1203
-831
-351
76
381
598
866
1197
1548
1744
1784
1716
1691
1680
1628
1440
1193
968
823
692
454
33
-562
-1157
-1584
-1698
-1595
-1414
-1353
-1411
-1567
-1690
-1733
-1608
-1349
-1009
-695
-427
-155
165
516
790
1013
1235
1552
1861
2012
1831
1480
1219
1296
1595
1846
1761
1383
909
565
381
192
-184
-845
-1606
-2213
-2388
-2199
-1840
-1622
-1594
-1692
-1714
-1577
-1246
-789
-295
205
704
1274
1834
2303
2501
2429
2096
1663
1236
966
859
799
588
220
-104
-216
-175
-334
-891
-1729
-2379
-2575
-2294
-1902
-1666
-1697
-1771
-1751
-1595
-1402
-1156
-745
-103
664
1288
1609
1580
1421
1332
1486
1768
2013
2019
1836
1558
1318
1100
831
435
-50
-476
-743
-842
-943
-1146
-1491
-1815
-1994
-1903
-1653
-1376
-1229
-1163
-1101
-963
-799
-648
-439
-61
557
1265
1872
2145
2096
1811
1576
1547
1777
2029
2060
1710
1187
793
700
744
623
190
-408
-853
-989
-868
-802
-1007
-1568
-2212
-2607
-2455
-1887
-1232
-833
-698
-549
-123
576
1235
1646
1773
1829
1887
1985
2013
2037
2055
2086
1995
1766
1408
1013
611
190
-247
-667
-979
-1221
-1431
-1734
-2072
-2361
-2391
-2148
-1693
-1239
-893
-653
-408
-113
165
336
374
399
517
814
1210
1669
2062
2385
2541
2550
2347
1999
1547
1121
776
523
297
2
-395
-876
-1301
-1615
-1770
-1889
-1986
-2089
-2072
-1927
-1640
-1353
-1143
-996
-751
-261
429
1131
1589
1770
1725
1703
1817
2123
2397
2464
2198
1812
1518
1435
1389
1091
374
-631
-1513
-1970
-1921
-1685
-1542
-1689
-1982
-2222
-2155
-1851
-1506
-1393
-1478
-1482
-1086
-320
455
868
822
650
720
1203
1826
2290
2372
2208
1944
1721
1481
1211
903
549
109
-416
-883
-1183
-1284
-1404
-1659
-2084
-2449
-2619
-2470
-2157
-1825
-1624
-1468
-1251
-908
-522
-177
157
540
1024
1493
1851
1958
1888
1733
1619
1475
1310
1168
1233
1483
1687
1512
893
65
-645
-1037
-1237
-1422
-1703
-1906
-1973
-1925
-1952
-2022
-1988
-1654
-1119
-606
-302
-187
-97
103
441
783
1069
1274
1531
1835
2190
2441
2560
2466
2205
1774
1284
817
439
133
-197
-601
-1094
-1535
-1875
-2045
-2111
-2034
-1931
-1871
-2003
-2216
-2263
-1857
-1036
-112
540
757
707
652
804
1105
1453
1687
1834
1903
2026
2176
2327
2289
2021
1559
1064
606
134
-401
-981
-1451
-1737
-1786
-1713
-1586
-1584
-1736
-1979
-2031
-1748
-1180
-633
-325
-205
-54
297
771
1228
1504
1647
1703
1843
2071
2319
2316
1975
1392
881
601
475
303
-23
-434
-820
-1059
-1190
-1277
-1501
-1851
-2334
-2770
-3058
-2984
-2523
-1742
-966
-466
-314
-320
-177
260
913
1481
1802
1841
1852
1980
2221
2278
1984
1375
771
417
351
399
333
32
-499
-1066
-1460
-1515
-1399
-1347
-1610
-2077
-2513
-2597
-2307
-1754
-1186
-731
-448
-290
-177
-42
203
569
1056
1520
1875
2005
2009
1962
1948
1850
1565
1046
493
148
59
29
-237
-784
-1466
-1991
-2271
-2267
-2132
-1948
-1872
-1871
-1882
-1749
-1479
-1129
-817
-569
-298
105
609
986
1114
1052
1093
1343
1741
2024
2063
1790
1391
1081
1020
1064
895
331
-476
-1144
-1456
-1405
-1286
-1320
-1636
-2036
-2369
-2489
-2504
-2431
-2225
-1708
-944
-205
138
-19
-407
-598
-270
526
1493
2173
2367
2097
1753
1616
1765
1907
1767
1248
615
194
88
104
-66
-514
-1146
-1705
-2096
-2249
-2224
-2005
-1704
-1385
-1232
-1294
-1513
-1626
-1398
-773
61
804
1268
1388
1354
1352
1595
1997
2362
2386
2043
1465
955
669
604
594
419
-30
-704
-1345
-1719
-1687
-1517
-1522
-1955
-2591
-3026
-2837
-2120
-1259
-738
-671
-808
-755
-312
379
1005
1283
1244
1088
1074
1214
1393
1420
1333
1237
1200
1086
763
248
-254
-528
-586
-575
-737
-1128
-1691
-2151
-2359
-2238
-2051
-1993
-2158
-2287
-2180
-1760
-1268
-917
-708
-438
25
559
949
1051
1096
1347
1959
2641
3068
2964
2477
1844
1364
1107
985
777
330
-296
-843
-1034
-919
-768
-923
-1384
-1896
-2068
-1869
-1490
-1270
-1275
-1331
-1147
-673
-115
198
126
-111
-140
366
1324
2369
2955
2906
2350
1752
1383
1268
1168
912
488
48
-244
-357
-375
-545
-993
-1699
-2338
-2674
-2583
-2344
-2181
-2146
-1963
-1475
-773
-230
-99
-228
-219
219
947
1606
1852
1724
1435
1329
1497
1900
2248
2331
2023
1462
833
315
-30
-281
-543
-923
-1341
-1677
-1761
-1616
-1320
-1065
-935
-970
-1060
-1140
-1156
-1101
-910
-539
-35
506
968
1338
1554
1617
1509
1376
1299
1347
1427
1508
1525
1458
1226
831
349
-66
-309
-445
-589
-855
-1178
-1492
-1682
-1732
-1590
-1318
-988
-802
-854
-1049
-1092
-792
-224
276
422
314
292
633
1200
1673
1769
1686
1730
2056
2350
2229
1527
561
-201
-556
-651
-824
-1190
-1610
-1757
-1614
-1385
-1460
-1889
-2456
-2712
-2478
-1814
-1068
-523
-269
-161
63
519
1159
1731
2085
2130
2027
1891
1898
2008
2148
2112
1840
1357
862
498
301
179
-38
-429
-969
-1447
-1745
-1810
-1827
-1875
-2017
-2115
-2124
-1972
-1700
-1312
-885
-482
-156
91
351
681
1098
1460
1682
1693
1623
1553
1572
1589
1590
1540
1485
1368
1114
662
111
-348
-654
-870
-1198
-1642
-2119
-2391
-2409
-2171
-1837
-1486
-1268
-1207
-1270
-1272
-1053
-569
122
870
1563
2015
2198
2126
2071
2150
2360
2419
2167
1594
982
588
503
557
514
252
-171
-583
-917
-1162
-1386
-1532
-1592
-1536
-1527
-1643
-1872
-1971
-1759
-1199
-541
-76
96
121
310
789
1470
2012
2222
2053
1779
1604
1653
1765
1786
1591
1225
765
289
-159
-540
-791
-932
-983
-1063
-1197
-1435
-1686
-1940
-2105
-2124
-1859
-1350
-758
-355
-245
-245
-69
383
891
1205
1223
1147
1148
1302
1457
1559
1570
1578
1560
1476
1219
765
177
-408
-830
-1126
-1390
-1756
-2102
-2322
-2307
-2177
-1969
-1782
-1624
-1558
-1492
-1281
-815
-207
310
564
543
468
564
1004
1643
2222
2420
2226
1775
1419
1330
1493
1613
1383
689
-228
-940
-1261
-1294
-1384
-1636
-1971
-2134
-2106
-1935
-1779
-1643
-1517
-1298
-915
-350
275
740
949
957
1028
1279
1673
1944
2010
1895
1790
1723
1674
1529
1334
1142
1003
843
559
105
-432
-849
-1050
-1060
-1100
-1278
-1587
-1806
-1843
-1682
-1478
-1287
-1125
-918
-699
-522
-360
-91
425
1110
1824
2336
2631
2667
2529
2220
1884
1579
1376
1210
1028
759
416
58
-273
-554
-872
-1240
-1684
-2067
-2316
-2309
-2108
-1773
-1484
-1300
-1244
-1198
-1037
-667
-171
248
479
580
822
1310
1974
2479
2649
2419
2037
1706
1593
1586
1519
1235
770
259
-209
-619
-1011
-1310
-1456
-1392
-1288
-1289
-1524
-1856
-2118
-2094
-1804
-1351
-910
-537
-217
79
369
625
905
1209
1566
1861
2094
2215
2263
2144
1842
1365
939
744
790
833
532
-233
-1251
-2028
-2259
-1933
-1500
-1342
-1645
-2136
-2466
-2336
-1898
-1461
-1325
-1400
-1339
-836
41
888
1382
1455
1383
1375
1558
1808
2041
2107
2002
1730
1403
1060
754
501
295
74
-255
-671
-1092
-1372
-1518
-1541
-1592
-1715
-1955
-2145
-2107
-1685
-1040
-462
-195
-202
-243
-108
250
699
1151
1511
1837
2108
2373
2516
2506
2269
1920
1532
1169
780
327
-157
-577
-825
-993
-1208
-1621
-2102
-2436
-2363
-1972
-1491
-1243
-1265
-1421
-1443
-1196
-689
-94
372
595
601
620
815
1221
1610
1842
1856
1824
1804
1786
1620
1332
1020
839
778
652
260
-404
-1066
-1468
-1509
-1484
-1657
-2129
-2577
-2671
-2217
-1530
-1042
-1039
-1318
-1439
-1072
-340
344
725
851
1044
1437
2001
2463
2713
2660
2393
1949
1483
1079
817
659
491
190
-253
-686
-1014
-1216
-1480
-1847
-2246
-2399
-2272
-1956
-1686
-1481
-1249
-859
-360
95
448
732
1021
1239
1304
1161
1008
1028
1311
1651
1888
1920
1844
1676
1423
1050
657
340
109
-111
-417
-785
-1135
-1312
-1303
-1162
-1110
-1241
-1590
-1962
-2194
-2113
-1747
-1196
-608
-63
451
920
1404
1863
2283
2486
2390
1960
1445
1071
983
1056
1109
985
686
296
-80
-365
-588
-795
-1120
-1547
-2023
-2331
-2383
-2128
-1755
-1421
-1316
-1404
-1573
-1594
-1337
-791
-74
627
1168
1428
1474
1406
1461
1700
2087
2354
2360
2049
1633
1282
1021
681
143
-488
-996
-1215
-1278
-1354
-1577
-1821
-1994
-1993
-1886
-1685
-1476
-1270
-1123
-990
-844
-654
-403
-64
417
971
1474
1727
1813
1874
2096
2346
2400
2032
1426
921
832
1084
1286
1020
235
-692
-1362
-1603
-1685
-1845
-2166
-2386
-2337
-1965
-1518
-1210
-1154
-1189
-1110
-791
-284
254
696
953
1123
1307
1643
2020
2326
2401
2322
2130
1930
1696
1496
1327
1142
810
245
-465
-1096
-1386
-1385
-1310
-1478
-1877
-2309
-2435
-2245
-1880
-1598
-1424
-1262
-958
-548
-181
44
177
371
669
1084
1525
1962
2237
2265
1980
1585
1264
1121
1027
802
356
-204
-644
-858
-893
-969
-1165
-1430
-1550
-1559
-1585
-1795
-2035
-2077
-1744
-1203
-702
-426
-343
-299
-134
259
807
1338
1606
1630
1548
1632
1877
2132
2115
1768
1181
584
141
-59
-48
2
-94
-472
-1035
-1606
-1945
-2057
-2000
-1987
-2054
-2194
-2211
-2034
-1658
-1205
-727
-199
386
949
1304
1412
1337
1281
1308
1443
1581
1743
1885
1982
1883
1557
1056
604
365
330
313
58
-503
-1269
-1928
-2297
-2285
-2080
-1828
-1649
-1462
-1239
-981
-808
-751
-694
-448
133
950
1736
2117
2022
1619
1369
1499
1957
2332
2372
2026
1521
1024
586
159
-249
-546
-717
-812
-956
-1146
-1380
-1573
-1739
-1805
-1780
-1636
-1526
-1521
-1586
-1485
-1061
-365
365
881
1151
1236
1333
1524
1843
2095
2169
2012
1890
1960
2141
2033
1358
228
-861
-1400
-1344
-1014
-852
-974
-1314
-1658
-1983
-2234
-2389
-2291
-1960
-1480
-1046
-727
-496
-262
4
254
464
629
790
918
1024
1091
1257
1564
1977
2227
2170
1796
1332
936
657
423
166
-133
-504
-901
-1308
-1635
-1920
-2124
-2288
-2325
-2252
-2031
-1724
-1332
-909
-493
-124
187
509
863
1306
1766
2126
2140
1818
1356
1183
1441
1902
2053
1634
775
-63
-496
-486
-288
-290
-648
-1289
-1869
-2175
-2127
-1952
-1808
-1856
-2018
-2162
-2033
-1548
-811
-105
354
558
613
687
843
1188
1671
2235
2640
2783
2570
2155
1672
1290
1015
817
620
396
146
-156
-516
-977
-1465
-1951
-2299
-2490
-2440
-2231
-1907
-1599
-1310
-1039
-738
-444
-205
43
403
904
1335
1556
1560
1621
1847
2165
2272
2127
1828
1579
1372
1143
824
474
161
-155
-538
-1024
-1478
-1780
-1801
-1658
-1495
-1548
-1814
-2158
-2256
-1932
-1196
-349
270
575
733
1049
1553
2064
2251
2109
1799
1715
1984
2531
2926
2903
2394
1692
1056
634
379
139
-217
-736
-1254
-1567
-1525
-1323
-1216
-1401
-1717
-1936
-1853
-1478
-882
-209
369
678
656
518
529
890
1466
2018
2249
2136
1763
1414
1246
1333
1502
1557
1339
912
440
77
-140
-316
-543
-865
-1163
-1391
-1516
-1656
-1803
-1932
-1895
-1746
-1575
-1469
-1314
-970
-415
180
601
858
1066
1467
2063
2715
3028
2872
2331
1841
1643
1702
1679
1350
716
27
-453
-660
-703
-862
-1249
-1837
-2329
-2558
-2445
-2227
-2058
-2027
-1964
-1736
-1273
-683
-114
308
525
629
740
978
1266
1547
1745
1946
2105
2157
1946
1559
1156
915
806
696
461
89
-329
-753
-1134
-1518
-1849
-2127
-2239
-2211
-2047
-1909
-1838
-1823
-1688
-1297
-627
113
622
763
642
584
773
1190
1562
1769
1799
1853
1972
2129
2129
1941
1593
1179
698
133
-452
-967
-1304
-1512
-1611
-1694
-1747
-1847
-1944
-1999
-1874
-1576
-1158
-816
-665
-688
-696
-441
154
967
1666
2032
1977
1717
1460
1420
1554
1733
1726
1482
1069
654
313
59
-111
-243
-402
-747
-1277
-1884
-2285
-2404
-2252
-2052
-1889
-1758
-1489
-1052
-554
-197
-58
49
356
947
1572
1947
1888
1596
1336
1341
1529
1736
1749
1602
1394
1259
1152
938
510
-113
-762
-1291
-1569
-1675
-1696
-1801
-1957
-2134
-2187
-2055
-1644
-1050
-474
-173
-200
-325
-247
183
812
1426
1809
1990
2017
2013
1938
1790
1522
1229
989
882
853
779
530
141
-211
-430
-573
-902
-1487
-2204
-2670
-2725
-2377
-1958
-1691
-1636
-1557
-1265
-748
-181
272
586
773
902
997
1169
1407
1670
1800
1814
1742
1701
1648
1536
1280
925
543
204
-79
-377
-727
-1165
-1575
-1895
-2028
-2027
-1887
-1663
-1345
-1005
-688
-517
-555
-698
-672
-280
362
932
1159
1173
1223
1487
1805
2039
2073
2051
2030
2015
1833
1452
941
463
97
-219
-558
-976
-1379
-1746
-2007
-2210
-2295
-2284
-2120
-1925
-1761
-1715
-1677
-1517
-1117
-557
-22
389
699
1099
1617
2150
2390
2315
2059
1973
2119
2336
2259
1782
1045
372
-29
-203
-342
-652
-1111
-1566
-1765
-1690
-1453
-1331
-1403
-1595
-1649
-1488
-1178
-933
-825
-739
-473
15
532
924
1164
1434
1757
2050
2093
1924
1655
1485
1416
1406
1330
1158
887
567
233
-110
-453
-795
-1057
-1296
-1554
-1910
-2204
-2276
-1995
-1527
-1073
-833
-809
-863
-764
-365
258
906
1360
1656
1860
2081
2221
2270
2180
2045
1849
1628
1354
1038
638
137
-391
-823
-1043
-1152
-1271
-1527
-1818
-2056
-2109
-1977
-1628
-1161
-699
-435
-411
-533
-612
-546
-331
-9
355
756
1147
1526
1794
1993
2118
2274
2383
2354
2027
1451
786
219
-191
-558
-966
-1480
-1965
-2331
-2422
-2268
-1910
-1559
-1325
-1257
-1218
-1138
-1008
-912
-835
-671
-323
193
720
1215
1649
2072
2357
2468
2358
2216
2114
2055
1855
1430
813
161
-377
-752
-955
-1107
-1279
-1524
-1700
-1724
-1563
-1436
-1468
-1732
-2057
-2317
-2337
-2121
-1696
-1163
-568
25
506
844
1066
1355
1732
2114
2251
2136
1866
1685
1621
1604
1449
1104
616
82
-408
-837
-1166
-1424
-1574
-1712
-1857
-2004
-1968
-1671
-1164
-729
-561
-686
-911
-1038
-937
-627
-216
193
542
943
1443
2071
2606
2847
2595
1999
1331
956
959
1175
1263
1028
509
-69
-485
-721
-870
-1105
-1420
-1766
-1978
-2038
-1929
-1790
-1669
-1575
-1363
-979
-494
-137
-51
-88
41
521
1172
1652
1670
1382
1124
1249
1695
2167
2259
1931
1386
930
633
353
-55
-601
-1114
-1495
-1677
-1788
-1892
-2046
-2095
-1955
-1593
-1232
-1047
-1093
-1181
-1011
-395
531
1322
1663
1549
1363
1365
1598
1820
1908
1804
1640
1487
1394
1251
973
552
134
-133
-227
-236
-348
-656
-1190
-1766
-2213
-2338
-2221
-1982
-1801
-1648
-1479
-1226
-858
-334
323
931
1300
1341
1275
1305
1509
1686
1742
1661
