0
96
376
749
909
484
-544
-1671
-2154
-1535
-11
1660
2594
2309
962
-742
-1961
-2130
-1228
204
1388
1774
1307
340
-668
-1389
-1632
-1296
-436
693
1650
2038
1664
659
-571
-1476
-1623
-863
518
1882
2509
2050
728
-832
-1969
-2285
-1705
-457
971
1930
1934
985
-404
-1566
-2037
-1737
-858
265
1234
1626
1205
55
-1350
-2348
-2385
-1345
339
1881
2552
2129
929
-490
-1639
-2199
-1974
-970
474
1687
2038
1369
78
-1138
-1694
-1383
-420
750
1638
1926
1525
547
-707
-1781
-2173
-1596
-217
1352
2361
2349
1344
-162
-1474
-1997
-1512
-370
744
1203
849
97
-455
-497
-181
128
211
141
107
194
311
296
66
-287
-541
-523
-250
57
179
87
-72
-63
209
676
1091
1205
900
331
-190
-408
-304
-84
30
49
145
413
693
701
312
-226
-504
-320
149
495
435
65
-264
-276
3
282
291
75
-85
22
299
471
370
119
-49
-49
8
-23
-162
-278
-219
2
207
171
-149
-533
-654
-380
111
464
444
150
-119
-146
32
198
177
27
-44
57
199
190
4
-245
-442
-564
-585
-428
-71
334
550
443
77
-323
-520
-441
-201
-9
20
-56
-97
-21
126
248
279
297
406
625
791
750
488
185
16
-22
-60
-139
-162
-11
273
448
292
-202
-768
-1090
-991
-589
-151
52
-49
-260
-285
19
481
772
681
320
-24
-162
-124
-50
-23
-40
-60
-118
-259
-452
-566
-456
-91
356
614
529
186
-118
-140
57
180
27
-282
-433
-249
86
230
38
-313
-562
-587
-485
-391
-344
-279
-176
-82
-55
-85
-140
-195
-275
-376
-406
-247
74
360
388
116
-248
-428
-289
69
427
588
503
261
13
-137
-213
-293
-452
-645
-764
-693
-452
-168
-15
-64
-194
-194
26
322
454
315
50
-108
-85
-1
-9
-124
-258
-321
-296
-200
-126
-174
-384
-617
-626
-284
245
635
646
285
-195
-483
-443
-186
29
37
-125
-286
-316
-205
-32
123
250
369
502
600
592
431
184
-20
-49
111
355
510
439
127
-310
-673
-799
-632
-311
-51
35
15
109
432
830
966
707
253
-5
107
411
570
442
143
-85
-103
90
362
584
660
591
422
227
52
-98
-228
-328
-359
-305
-192
-59
67
162
184
75
-160
-414
-526
-451
-277
-221
-403
-725
-899
-756
-375
-35
75
18
-13
37
47
-119
-406
-596
-498
-130
298
540
470
125
-327
-679
-766
-622
-410
-252
-106
107
331
356
67
-381
-673
-640
-360
-61
89
35
-164
-365
-407
-195
192
518
565
374
175
141
211
189
-17
-293
-442
-437
-389
-398
-416
-309
-21
344
585
588
381
143
45
105
174
56
-277
-580
-535
-104
389
540
244
-207
-428
-290
37
330
471
506
503
517
526
490
362
159
-39
-120
-41
98
134
48
-14
57
177
179
38
-38
125
438
610
461
71
-262
-288
-4
344
494
371
154
67
197
420
544
453
190
-105
-327
-447
-494
-473
-382
-232
-50
143
348
521
590
488
237
-65
-273
-278
-122
25
5
-163
-289
-196
71
299
347
265
223
298
393
339
128
-85
-149
-65
64
157
257
413
565
564
320
-95
-476
-622
-496
-222
8
82
56
67
159
227
115
-190
-505
-593
-394
-57
203
275
220
156
160
209
302
444
616
700
526
40
-514
-735
-419
231
702
616
55
-537
-755
-524
-157
-17
-207
-485
-521
-205
258
548
508
223
-84
-235
-181
3
184
248
172
28
-43
43
174
126
-189
-573
-672
-317
313
835
1022
885
622
393
271
211
148
48
-72
-162
-109
154
554
844
804
425
-20
-237
-157
40
137
67
-62
-112
-31
122
203
95
-201
-517
-641
-468
-99
259
432
370
101
-278
-584
-613
-331
70
263
94
-276
-520
-464
-192
55
110
-14
-171
-266
-304
-363
-462
-524
-434
-172
156
447
652
819
936
931
711
335
-17
-206
-236
-211
-186
-76
208
630
980
1090
916
585
238
-38
-219
-280
-205
15
327
634
796
730
455
85
-250
-447
-448
-247
85
377
455
308
95
17
121
265
266
86
-152
-335
-437
-533
-645
-692
-545
-227
87
232
200
79
-75
-273
-477
-527
-287
140
461
449
137
-153
-121
272
750
1017
951
678
376
188
150
229
313
275
73
-155
-213
-31
254
397
259
-39
-233
-119
254
659
851
770
513
246
65
-36
-118
-228
-341
-427
-463
-465
-430
-381
-342
-363
-430
-416
-180
268
703
831
522
-26
-443
-476
-173
166
258
22
-372
-615
-473
-28
365
410
149
-51
89
446
624
383
-136
-558
-599
-325
-23
73
-30
-136
-75
147
365
364
60
-420
-787
-766
-306
347
810
884
643
370
261
314
379
347
218
126
182
387
579
582
345
52
-62
44
173
56
-354
-807
-950
-664
-142
296
465
388
190
11
-55
-27
-22
-225
-646
-1073
-1187
-886
-340
132
324
191
-163
-588
-886
-932
-721
-362
36
448
826
1077
1066
785
348
-64
-319
-372
-252
-26
220
379
365
229
120
155
280
334
213
15
-84
37
330
571
509
72
-512
-875
-795
-396
17
173
27
-242
-368
-206
152
461
525
333
19
-239
-314
-221
-87
-78
-224
-322
-131
354
823
899
466
-135
-418
-175
346
664
484
-41
-481
-524
-211
189
432
522
574
626
558
341
104
59
244
437
365
-13
-467
-683
-508
-23
512
837
808
466
-13
-354
-351
7
489
791
734
385
-42
-338
-407
-275
-48
191
404
559
572
411
157
19
126
416
670
744
629
430
232
75
-33
-90
-106
-56
93
350
608
689
481
131
-78
10
263
359
106
-323
-548
-319
242
758
891
616
169
-155
-224
-94
84
214
286
339
371
359
279
210
243
323
254
-148
-784
-1286
-1268
-731
-27
376
279
-103
-359
-232
181
521
492
88
-419
-716
-648
-283
182
524
597
428
179
17
-23
-49
-144
-296
-406
-392
-230
9
196
186
-39
-333
-477
-353
-29
275
355
197
-26
-117
-31
114
178
143
85
106
229
353
317
49
-325
-558
-486
-193
88
202
177
114
51
-46
-180
-232
-75
216
393
247
-166
-574
-707
-493
-53
380
578
431
38
-313
-360
-72
330
539
388
-17
-390
-478
-245
120
366
348
100
-161
-200
6
235
178
-227
-754
-1056
-1008
-709
-384
-175
-56
97
357
627
674
334
-279
-806
-876
-398
315
776
717
263
-147
-164
185
549
581
227
-256
-541
-473
-136
222
369
205
-168
-493
-533
-275
75
293
319
248
168
92
3
-74
-110
-147
-240
-335
-289
-28
335
539
396
41
-195
-56
369
753
800
567
327
392
784
1194
1177
611
-173
-572
-269
478
1049
1037
516
-49
-253
-102
72
-37
-401
-747
-818
-607
-273
-16
62
-21
-144
-162
-24
181
299
234
13
-262
-476
-536
-398
-133
103
165
51
-103
-154
-100
-40
-57
-133
-183
-142
-5
168
305
345
273
118
-39
-122
-117
-68
-54
-113
-239
-374
-430
-326
-77
194
325
247
42
-142
-183
-57
133
222
100
-178
-394
-347
-12
428
721
702
393
-31
-339
-382
-206
9
93
28
-64
-66
2
36
-58
-258
-433
-433
-208
135
406
462
354
239
249
350
413
335
178
78
106
190
236
219
189
168
118
2
-140
-221
-156
63
301
348
81
-374
-712
-690
-362
10
182
113
-39
-83
33
188
210
44
-198
-339
-317
-208
-127
-100
-89
-68
-34
20
144
341
521
538
333
-18
-311
-361
-150
154
273
55
-378
-696
-642
-240
207
385
203
-172
-476
-522
-294
74
392
514
406
137
-139
-282
-238
-72
96
185
167
57
-91
-188
-174
-73
18
33
-28
-124
-187
-137
81
403
648
638
385
59
-102
5
273
457
373
45
-294
-401
-220
91
281
211
-53
-309
-407
-338
-194
-47
104
266
393
396
283
151
124
214
351
439
449
390
302
213
159
139
124
80
-31
-222
-457
-619
-570
-260
156
419
373
88
-217
-364
-301
-79
157
239
17
-459
-881
-884
-413
213
543
385
-78
-490
-728
-875
-1052
-1164
-1057
-682
-211
143
311
363
385
381
332
232
90
-75
-214
-248
-169
-65
-50
-122
-153
-43
171
353
501
682
915
1033
860
393
-119
-394
-377
-228
-149
-195
-256
-190
-21
83
-7
-226
-349
-215
46
146
-78
-480
-723
-573
-141
240
292
16
-297
-332
-53
271
360
191
0
-5
83
14
-329
-762
-990
-839
-414
34
287
286
110
-92
-208
-213
-186
-205
-278
-325
-295
-208
-148
-160
-218
-252
-228
-147
-25
113
210
192
48
-139
-270
-304
-320
-391
-551
-726
-820
-735
-483
-171
54
125
87
25
-65
-227
-440
-565
-459
-120
294
578
607
379
61
-117
-43
160
227
24
-238
-223
135
524
565
185
-264
-371
-51
399
598
398
-6
-276
-248
-40
92
12
-176
-261
-131
137
363
401
236
-25
-266
-415
-474
-449
-375
-282
-255
-330
-452
-478
-335
-90
75
42
-136
-290
-321
-260
-232
-292
-398
-435
-371
-252
-105
102
411
740
876
641
120
-375
-550
-360
-71
15
-167
-398
-415
-157
165
287
132
-139
-281
-177
97
346
422
305
123
24
78
212
275
171
-79
-346
-520
-553
-494
-398
-286
-130
55
192
171
-30
-316
-522
-507
-233
142
358
221
-195
-571
-597
-276
112
307
283
210
214
293
358
340
209
-48
-367
-601
-605
-408
-170
-68
-126
-236
-262
-133
120
397
554
467
134
-286
-562
-561
-316
-43
45
-93
-292
-309
-53
319
527
452
216
1
-133
-289
-517
-711
-682
-419
-93
46
-97
-400
-615
-593
-372
-150
-78
-144
-204
-125
93
312
372
222
-42
-268
-354
-293
-137
41
175
227
193
137
130
193
266
222
-16
-359
-585
-493
-85
405
682
692
596
557
524
342
-17
-290
-190
296
837
1083
906
491
101
-146
-297
-394
-380
-222
-4
94
-19
-200
-211
40
390
573
441
100
-201
-237
26
415
655
605
339
97
42
113
126
24
-66
-16
130
206
121
-41
-138
-141
-119
-135
-178
-188
-113
23
133
128
0
-192
-361
-464
-476
-433
-381
-369
-373
-328
-185
-12
77
-37
-349
-726
-935
-851
-518
-133
137
294
435
611
727
675
433
85
-258
-515
-612
-562
-440
-371
-373
-362
-249
-46
152
289
359
365
286
65
-294
-697
-954
-966
-763
-469
-163
145
425
595
567
399
237
197
252
284
199
39
-81
-45
150
409
571
553
382
165
-19
-150
-227
-233
-153
-13
125
165
47
-131
-162
91
499
737
571
117
-286
-348
-55
351
566
441
67
-309
-462
-369
-177
-103
-231
-391
-308
76
487
608
392
149
163
446
745
858
725
473
261
150
57
-107
-299
-350
-155
123
195
-62
-455
-645
-453
-46
249
213
-97
-387
-368
23
548
874
816
481
113
-87
-82
78
297
463
461
252
-81
-316
-268
37
358
447
251
-39
-183
-64
234
537
672
583
331
14
-296
-503
-483
-198
203
401
190
-255
-519
-337
154
539
505
130
-245
-354
-202
-6
49
-39
-126
-64
152
428
625
693
643
507
286
22
-180
-207
-54
114
111
-75
-266
-242
40
414
638
602
372
99
-114
-235
-268
-253
-239
-218
-121
81
287
328
148
-129
-323
-358
-261
-104
47
123
88
-10
-77
-31
113
272
346
266
31
-315
-657
-840
-736
-378
54
343
390
281
166
125
126
99
22
-49
-40
27
49
-41
-175
-187
12
347
617
710
636
501
367
258
170
98
24
-90
-249
-367
-326
-117
124
218
105
-134
-356
-439
-313
-12
310
484
450
253
-38
-370
-633
-746
-695
-589
-486
-342
-91
188
321
202
-95
-341
-338
-104
148
172
-79
-407
-528
-328
57
286
109
-371
-742
-629
-41
576
734
329
-301
-664
-506
13
493
581
226
-263
-479
-246
228
519
365
-98
-488
-550
-331
-68
74
89
57
19
-23
-71
-110
-133
-130
-87
-5
108
223
329
399
440
448
430
361
245
117
86
215
426
519
382
102
-80
-17
202
351
271
-6
-284
-352
-127
269
567
542
211
-183
-340
-153
208
447
361
-21
-467
-699
-583
-197
227
469
453
251
42
-24
114
368
536
440
83
-327
-568
-566
-454
-379
-355
-274
-60
236
505
649
662
559
388
196
38
-59
-150
-296
-507
-674
-681
-479
-189
15
18
-137
-307
-353
-201
111
484
765
852
717
495
341
301
263
109
-134
-301
-263
-63
138
191
62
-159
-321
-316
-151
58
190
199
115
-3
-104
-137
-75
72
235
360
423
454
454
455
478
566
677
662
371
-159
-676
-920
-805
-494
-202
-30
62
128
163
138
53
-46
-109
-106
-35
79
179
241
284
400
613
843
910
728
353
-3
-157
-115
-45
-111
-296
-418
-308
-29
189
125
-211
-557
-603
-300
98
266
114
-137
-202
-29
191
219
-7
-336
-531
-460
-179
149
377
437
328
77
-250
-548
-684
-589
-294
53
273
307
232
193
237
312
331
291
235
161
20
-136
-158
57
398
597
467
116
-185
-295
-279
-264
-254
-164
36
264
406
445
414
320
138
-99
-279
-266
-28
279
412
231
-162
-497
-551
-298
105
428
506
340
77
-75
-24
125
178
53
-145
-262
-249
-216
-267
-375
-396
-245
19
195
124
-148
-381
-372
-131
90
65
-187
-422
-389
-49
359
515
318
-29
-177
33
411
595
387
-85
-500
-608
-405
-76
186
305
282
144
-47
-189
-171
22
244
301
157
-39
-143
-159
-188
-247
-205
47
399
587
480
186
-28
-3
190
335
312
171
35
-37
-81
-138
-233
-352
-459
-470
-352
-160
-49
-107
-258
-331
-227
6
196
190
-15
-262
-395
-376
-331
-364
-470
-525
-451
-266
-68
58
129
212
319
363
265
56
-139
-221
-184
-82
-4
-26
-207
-485
-666
-551
-153
291
509
407
128
-117
-168
1
291
507
515
332
163
175
352
505
486
295
24
-233
-421
-479
-356
-69
182
171
-8
-4
396
926
936
75
-1222
-2010
-1618
-194
1430
2334
2096
927
-581
-1783
-2199
-1659
-410
967
1803
1705
770
-504
-1487
-1723
-1156
-119
914
1572
1669
1163
159
-1008
-1833
-1891
-1121
125
1310
1947
1803
953
-291
-1461
-2069
-1789
-702
682
1663
1765
1023
-111
-1096
-1564
-1411
-745
159
940
1268
1006
267
-632
-1344
-1585
-1258
-478
410
995
993
417
-450
-1194
-1464
-1108
-164
1081
2169
2577
2029
677
-894
-1972
-2056
-1106
462
1933
2634
2232
927
-669
-1787
-1900
-979
484
1691
1988
1231
-145
-1449
-2115
-1988
-1234
-281
430
590
221
-323
-611
-447
17
457
627
489
164
-171
-371
-388
-273
-211
-339
-676
-1042
-1212
-1027
-583
-128
103
76
-27
-8
158
310
329
249
225
320
429
384
177
-43
-126
-65
-15
-112
-316
-431
-254
215
651
630
76
-601
-816
-360
374
780
610
105
-257
-198
201
603
735
557
302
218
374
586
638
464
238
156
267
425
452
279
-2
-225
-265
-114
63
61
-149
-359
-330
-46
268
383
296
160
102
113
136
126
81
16
-23
17
123
196
149
3
-115
-114
-26
48
53
7
-63
-140
-205
-219
-134
52
287
471
515
377
122
-113
-225
-217
-153
-71
33
144
159
-4
-300
-550
-585
-359
43
467
787
904
815
583
385
346
501
721
870
852
672
373
36
-239
-349
-250
-68
1
-163
-464
-664
-574
-238
127
298
205
-11
-131
-72
46
79
27
30
159
289
233
-38
-352
-519
-474
-324
-202
-198
-297
-438
-523
-499
-364
-200
-87
-39
-4
37
37
-56
-200
-285
-231
-68
106
206
199
117
28
56
261
569
767
746
568
432
424
429
267
-145
-689
-1140
-1252
-1001
-571
-248
-141
-181
-232
-263
-292
-364
-476
-619
-710
-640
-351
37
306
345
233
165
233
315
218
-91
-426
-558
-413
-144
35
58
33
90
227
348
369
350
386
517
647
661
499
235
-6
-103
-33
128
248
216
24
-233
-415
-434
-290
-62
150
277
292
212
73
-118
-349
-556
-603
-421
-88
194
275
167
-4
-127
-162
-122
-38
57
136
199
246
274
254
182
84
-27
-162
-320
-423
-355
-84
231
358
198
-118
-321
-232
31
177
18
-327
-542
-408
-9
369
507
394
209
124
180
258
282
279
316
362
286
18
-296
-406
-263
-64
-68
-303
-543
-526
-245
83
243
199
104
118
230
271
58
-397
-835
-924
-585
-61
249
150
-158
-299
-66
388
690
566
107
-333
-418
-112
260
318
-45
-558
-813
-607
-128
246
233
-140
-608
-857
-740
-330
95
274
163
-44
-118
-20
51
-91
-394
-597
-459
16
583
919
843
409
-104
-384
-259
168
563
601
228
-292
-633
-651
-458
-237
-56
120
312
457
497
423
325
283
344
461
561
564
471
333
227
175
173
198
256
329
391
403
361
275
126
-108
-372
-522
-460
-226
-40
-89
-347
-580
-546
-198
290
651
744
593
383
268
289
336
307
193
101
117
224
315
304
183
21
-96
-125
-80
47
273
582
840
895
677
302
-41
-286
-478
-684
-835
-794
-479
3
420
572
417
56
-334
-564
-507
-189
211
433
330
43
-128
21
391
667
588
186
-266
-504
-449
-227
-17
69
37
-75
-223
-349
-373
-286
-161
-107
-142
-150
-17
238
459
510
378
147
-91
-303
-462
-507
-371
-72
267
456
371
55
-293
-485
-461
-307
-127
45
217
361
397
290
96
-57
-77
-16
-4
-101
-218
-242
-162
-100
-150
-251
-250
-69
206
402
389
197
-31
-181
-240
-266
-280
-296
-326
-441
-641
-798
-717
-350
132
456
467
239
-30
-191
-223
-200
-192
-192
-126
60
310
447
317
-2
-244
-221
-12
81
-121
-434
-482
-135
336
529
303
-107
-352
-315
-135
14
88
127
151
113
-20
-135
-65
201
453
405
-22
-545
-742
-437
147
553
479
35
-388
-462
-177
185
322
132
-238
-510
-476
-127
333
630
602
355
129
80
142
201
231
271
291
159
-173
-480
-448
5
600
884
598
-69
-641
-697
-192
515
937
800
212
-412
-666
-437
43
413
472
312
162
173
297
345
166
-230
-641
-811
-604
-115
392
630
468
48
-320
-401
-207
10
21
-179
-390
-469
-433
-394
-375
-326
-209
-102
-90
-169
-242
-259
-235
-220
-217
-188
-102
49
233
375
370
222
58
58
246
428
372
103
-119
-102
71
151
18
-157
-129
154
494
612
367
-114
-519
-581
-284
151
458
501
311
56
-77
11
241
454
534
499
401
247
18
-254
-464
-534
-454
-269
-26
243
473
577
488
284
122
95
134
93
-84
-280
-320
-181
2
86
55
6
18
29
-73
-323
-597
-710
-552
-207
125
270
206
51
-58
-11
196
435
499
256
-202
-585
-637
-349
66
365
437
333
169
28
-79
-145
-139
-40
109
186
97
-162
-472
-693
-712
-526
-214
101
319
450
540
616
610
453
162
-126
-270
-272
-248
-275
-291
-204
-17
114
47
-169
-325
-262
-16
241
355
341
296
292
293
257
186
147
177
219
166
-30
-289
-456
-416
-171
156
417
506
402
165
-37
-41
173
422
451
172
-257
-563
-619
-480
-315
-225
-210
-193
-122
-1
141
271
358
356
286
217
275
481
712
759
550
198
-126
-342
-505
-646
-694
-525
-161
214
392
308
71
-151
-227
-122
107
334
382
156
-271
-665
-802
-604
-241
35
83
-24
-163
-278
-415
-572
-641
-500
-187
114
214
74
-205
-456
-591
-591
-486
-297
-85
63
76
-35
-162
-188
-45
229
522
679
620
377
71
-182
-294
-220
10
265
341
128
-267
-580
-618
-386
-63
166
244
219
136
-2
-193
-378
-415
-198
185
473
423
41
-366
-447
-92
475
888
890
520
33
-299
-364
-257
-144
-120
-155
-151
-56
79
153
117
16
-53
-42
31
106
186
299
420
439
261
-74
-402
-550
-476
-256
-24
116
133
73
12
-12
16
89
131
41
-229
-555
-716
-566
-231
30
27
-192
-429
-497
-346
-62
261
545
725
715
494
142
-144
-199
-22
225
349
267
75
-53
-14
138
311
447
557
613
581
439
235
26
-146
-242
-236
-144
-26
61
83
29
-74
-147
-129
-39
33
32
-10
-33
26
181
386
509
376
-61
-622
-981
-956
-613
-189
138
254
118
-232
-597
-770
-681
-511
-438
-474
-471
-315
-25
209
185
-120
-482
-610
-400
-22
265
334
238
70
-111
-302
-476
-549
-421
-119
194
328
228
49
-5
70
86
-151
-582
-949
-995
-741
-397
-175
-107
-125
-163
-202
-216
-154
1
142
129
-88
-391
-567
-467
-96
378
733
796
570
214
-20
11
255
491
512
267
-117
-438
-592
-591
-543
-506
-483
-416
-292
-145
-48
-38
-73
-63
45
202
259
101
-209
-455
-447
-191
114
262
238
179
210
307
306
73
-306
-564
-506
-194
82
92
-125
-324
-275
50
457
672
556
195
-171
-345
-303
-151
-22
19
16
56
157
225
146
-75
-284
-309
-101
227
491
539
378
149
43
116
251
266
70
-260
-510
-486
-197
139
255
76
-224
-385
-324
-159
-62
-83
-157
-194
-200
-224
-283
-321
-299
-222
-110
35
251
520
751
803
663
428
237
132
42
-105
-271
-337
-240
-41
166
330
445
471
332
9
-342
-489
-287
182
680
948
836
362
-238
-626
-563
-109
432
745
727
459
142
-45
-16
159
319
334
207
30
-155
-355
-547
-617
-489
-220
-21
-45
-228
-343
-235
40
295
386
374
404
524
601
470
116
-274
-467
-418
-262
-230
-408
-689
-831
-644
-136
442
756
620
134
-379
-616
-457
-17
444
665
537
156
-273
-573
-723
-760
-733
-625
-439
-205
-32
-15
-165
-358
-429
-298
-99
-43
-254
-610
-854
-779
-412
40
338
371
194
-44
-204
-232
-197
-201
-337
-572
-766
-739
-429
50
484
692
669
510
332
170
59
37
94
134
-10
-386
-839
-1071
-943
-553
-169
29
34
-42
-85
-41
96
275
394
364
168
-116
-392
-578
-628
-513
-250
77
310
318
107
-177
-363
-370
-257
-131
-37
54
176
296
335
238
38
-171
-284
-245
-80
121
280
367
452
581
740
807
682
356
0
-178
-78
190
384
323
69
-147
-132
87
351
516
569
539
417
173
-123
-317
-269
14
330
426
219
-129
-344
-274
-43
93
-17
-281
-475
-433
-189
89
261
304
272
201
104
-5
-91
-122
-130
-163
-211
-199
-71
129
297
352
303
203
139
167
290
415
416
236
4
-89
-20
36
-121
-460
-748
-756
-530
-280
-168
-160
-181
-213
-309
-450
-565
-583
-543
-487
-438
-373
-289
-181
-32
154
328
404
348
192
17
-106
-168
-197
-185
-81
96
227
207
63
-62
-73
-30
-43
-101
-91
60
285
432
390
168
-127
-378
-496
-473
-358
-239
-161
-114
-60
-39
-123
-301
-429
-346
-48
298
495
493
362
166
-80
-348
-536
-525
-275
35
151
-2
-230
-204
193
755
1098
1013
572
54
-282
-344
-211
-43
48
63
74
142
246
350
428
510
586
586
421
82
-318
-576
-530
-183
273
558
491
135
-260
-456
-385
-134
162
406
527
476
250
-18
-147
5
389
793
953
763
327
-83
-239
-116
112
230
150
-71
-304
-464
-508
-435
-260
-50
109
191
230
266
272
199
55
-86
-160
-179
-185
-233
-335
-461
-515
-415
-170
45
50
-160
-380
-357
-27
457
833
913
655
251
-10
75
412
699
675
385
67
-76
-33
75
134
106
25
-49
-67
-27
26
-40
-305
-729
-1096
-1159
-797
-172
385
612
484
191
-61
-206
-285
-358
-413
-413
-326
-156
58
274
437
499
415
176
-160
-469
-602
-512
-276
-41
106
218
372
546
593
437
165
-50
-123
-138
-198
-298
-331
-253
-123
-62
-120
-250
-336
-294
-126
60
137
-6
-346
-690
-759
-466
-3
319
349
225
159
273
504
686
632
321
-64
-218
-7
392
637
540
187
-144
-235
-100
63
33
-226
-521
-575
-304
112
348
227
-133
-434
-481
-300
-66
80
107
62
-7
-71
-157
-295
-477
-592
-540
-321
-120
-117
-284
-386
-223
163
491
501
239
-16
-22
189
411
470
379
241
80
-150
-480
-812
-928
-641
-29
561
738
395
-154
-456
-285
192
533
392
-170
-723
-798
-284
454
882
749
229
-287
-518
-455
-256
-134
-202
-416
-574
-492
-178
117
145
-69
-259
-205
59
296
311
148
-4
-10
92
163
101
-90
-309
-435
-386
-207
-30
-23
-221
-496
-626
-503
-193
100
210
99
-135
-326
-339
-192
-33
-13
-133
-191
0
408
765
824
548
124
-221
-349
-249
14
310
449
300
-50
-340
-291
133
673
943
802
416
156
232
545
775
683
281
-205
-519
-572
-433
-281
-233
-275
-286
-148
128
373
394
177
-95
-178
5
279
382
203
-127
-335
-243
98
446
574
425
138
-96
-141
11
233
340
265
117
23
-25
-170
-454
-719
-729
-435
-1
346
475
368
85
-250
-469
-456
-232
50
239
299
277
224
145
41
-72
-201
-343
-531
-735
-889
-875
-719
-532
-434
-390
-299
-118
62
131
120
138
234
334
352
277
166
60
-63
-220
-296
-139
191
403
291
-18
-163
36
376
503
274
-160
-513
-569
-329
10
220
222
153
177
322
446
415
221
-19
-180
-208
-127
37
244
460
616
675
615
483
332
198
74
-36
-104
-100
-41
-5
-54
-189
-338
-408
-331
-94
231
502
572
410
121
-122
-205
-172
-145
-191
-250
-208
-29
176
246
140
-35
-116
-36
120
203
157
53
27
135
327
473
517
481
427
361
225
-22
-310
-477
-376
-9
427
651
497
37
-432
-604
-414
-59
238
400
517
636
685
544
270
50
52
246
450
477
275
-64
-384
-547
-473
-183
149
298
157
-153
-381
-358
-145
70
134
37
-67
-10
238
495
554
362
119
44
190
400
515
483
371
238
101
-50
-194
-280
-293
-252
-184
-99
-17
26
-15
-137
-308
-472
-579
-560
-398
-150
69
177
182
139
90
39
-48
-192
-358
-436
-353
-147
36
86
59
95
281
531
676
587
305
-7
-191
-203
-104
14
131
264
424
550
567
430
171
-123
-359
-464
-444
-358
-319
-380
-473
-443
-227
76
274
256
68
-153
-265
-186
41
252
305
209
143
231
420
521
450
272
139
121
129
18
-219
-405
-328
37
417
468
113
-370
-568
-302
202
531
542
427
493
763
953
750
164
-474
-781
-603
-101
392
593
431
81
-198
-223
-9
282
459
490
461
457
431
311
103
10
202
587
824
636
77
-462
-596
-319
42
165
21
-167
-193
-40
163
270
207
7
-197
-259
-136
48
132
14
-260
-557
-708
-626
-339
-26
128
86
-21
-35
71
205
264
229
129
-37
-258
-488
-629
-605
-396
-43
353
674
801
685
361
-103
-599
-1013
-1186
-1057
-682
-293
-95
-123
-222
-237
-146
-35
27
22
-35
-130
-213
-226
-156
-103
-160
-295
-358
-248
-9
190
213
102
6
66
269
486
562
461
264
144
202
423
653
698
450
39
-256
-234
39
295
322
188
114
228
424
435
96
-474
-912
-933
-537
-47
205
124
-114
-256
-178
29
172
142
2
-45
131
452
669
592
247
-117
-254
-149
1
-14
-203
-391
-388
-178
98
270
267
134
-29
-121
-94
2
54
16
-41
41
315
533
353
-329
-1166
-1626
-1395
-711
-81
160
79
-52
-63
11
63
104
215
378
441
301
26
-202
-263
-185
-62
49
126
123
8
-177
-320
-328
-197
3
184
262
189
-19
-253
-379
-336
-174
13
164
253
277
240
178
126
132
214
368
526
615
574
463
376
341
265
35
-324
-631
-683
-449
-72
236
331
197
-68
-298
-352
-240
-97
-87
-228
-394
-431
-286
-21
256
445
454
246
-79
-321
-314
-72
191
250
75
-164
-272
-189
8
201
298
251
82
-105
-176
-91
11
-47
-282
-505
-480
-146
279
478
300
-120
-500
-630
-459
-73
281
329
-139
-991
-1753
-1879
-1129
241
1598
2264
1919
761
-597
-1498
-1592
-955
48
977
1452
1259
434
-683
-1624
-1997
-1695
-859
235
1240
1785
1596
695
-537
-1506
-1730
-1065
209
1477
2066
1578
189
-1481
-2671
-2843
-1865
-49
1894
3121
3046
1741
-134
-1669
-2208
-1645
-391
933
1793
1949
1424
428
-715
-1603
-1860
-1269
28
1495
2406
2239
1005
-723
-2114
-2516
-1765
-289
1152
1954
1938
1341
489
-361
-1006
-1216
-857
-34
891
1438
1267
347
-945
-1941
-2041
-1060
595
2136
2805
2311
914
-751
-1999
-2410
-1915
-844
290
948
858
231
-394
-581
-329
-15
34
-176
-385
-379
-146
151
314
232
-38
-326
-470
-447
-337
-238
-169
-79
70
236
311
230
29
-159
-209
-76
175
386
399
182
-128
-333
-330
-162
61
219
224
96
-32
5
223
473
570
473
265
52
-105
-221
-329
-432
-461
-362
-159
3
-11
-169
-288
-165
221
679
926
848
533
228
107
142
158
-25
-404
-787
-909
-687
-261
133
361
487
610
723
689
443
73
-203
-225
-17
239
389
390
320
249
216
212
271
403
542
541
364
131
31
104
188
101
-152
-383
-463
-414
-347
-296
-246
-189
-191
-276
-359
-308
-107
130
248
187
7
-169
-272
-302
-285
-221
-120
-24
16
-5
-2
106
310
483
480
248
-74
-254
-178
46
182
100
-137
-354
-360
-69
416
800
772
271
-391
-768
-719
-453
-321
-433
-610
-589
-318
32
237
205
28
-119
-122
-5
120
162
108
-1
-99
-137
-68
107
324
471
433
168
-207
-467
-462
-236
45
249
347
340
232
61
-96
-192
-251
-289
-263
-121
100
279
266
10
-355
-566
-437
-24
329
291
-146
-634
-733
-289
432
948
952
496
-38
-274
-104
255
523
576
543
577
685
706
507
115
-270
-429
-295
3
268
374
354
302
283
279
284
313
422
591
707
616
312
-42
-241
-216
-80
14
33
51
95
96
14
-77
-35
175
403
446
227
-145
-444
-475
-266
-35
-31
-274
-582
-724
-609
-291
71
297
288
102
-79
-114
-21
77
125
161
234
304
326
304
338
467
579
488
132
-333
-636
-593
-255
152
380
324
93
-100
-113
16
127
106
-55
-270
-484
-642
-698
-597
-355
-55
195
327
365
364
398
477
547
501
318
98
14
131
301
295
44
-282
-414
-227
161
493
583
404
125
-42
0
149
250
248
212
191
151
44
-109
-231
-282
-266
-179
-14
175
276
206
0
-138
-25
335
699
774
449
-79
-467
-471
-118
307
482
289
-118
-437
-459
-207
120
299
230
2
-191
-171
76
368
467
322
95
-17
14
22
-132
-391
-547
-443
-97
354
731
886
735
399
127
147
424
700
716
396
-145
-674
-929
-814
-461
-172
-121
-227
-272
-136
119
294
222
-128
-583
-846
-693
-182
381
675
594
327
131
104
138
129
96
136
259
365
342
164
-108
-380
-531
-508
-354
-215
-183
-235
-270
-267
-277
-379
-549
-672
-614
-341
44
337
370
136
-194
-389
-329
-100
105
123
-58
-283
-349
-139
270
645
744
538
200
-33
-66
38
162
183
29
-276
-564
-639
-441
-138
58
40
-133
-303
-312
-174
-55
-154
-454
-759
-854
-694
-363
1
272
320
110
-266
-611
-765
-667
-411
-146
11
46
27
25
85
190
264
209
-21
-336
-566
-574
-427
-299
-314
-407
-418
-254
12
230
328
332
321
327
364
416
495
576
607
508
309
124
36
0
-123
-368
-620
-695
-559
-317
-123
-41
-5
90
265
417
432
293
110
2
6
67
110
91
23
-44
-36
83
295
505
637
644
571
467
374
279
170
50
-67
-168
-209
-139
-36
-67
-353
-753
-973
-808
-401
-62
36
-17
-13
140
319
325
125
-111
-230
-240
-285
-417
-518
-422
-124
209
434
518
506
409
201
-92
-331
-357
-144
171
380
352
178
65
166
406
570
491
204
-116
-348
-476
-559
-600
-540
-309
-19
112
-85
-518
-915
-1015
-870
-693
-649
-658
-566
-325
-81
5
-69
-162
-117
96
352
455
326
69
-137
-210
-238
-320
-414
-363
-121
173
335
309
236
262
367
383
245
67
16
117
191
58
-270
-581
-630
-332
133
442
396
80
-212
-260
-96
82
161
186
233
283
272
191
146
216
333
330
136
-148
-341
-332
-181
-32
33
44
67
112
140
122
90
86
115
133
112
57
33
97
245
379
409
315
213
222
357
484
441
174
-193
-445
-471
-321
-184
-186
-278
-282
-83
241
489
506
268
-126
-479
-578
-322
161
506
403
-145
-794
-1137
-972
-478
-7
177
86
-76
-122
-22
116
161
57
-127
-251
-212
-38
141
209
189
186
287
457
580
543
360
144
11
-22
32
162
332
429
311
-36
-477
-809
-923
-791
-482
-110
164
238
155
60
81
215
354
376
214
-103
-442
-605
-459
-59
357
543
449
216
29
-29
-11
-11
-82
-197
-294
-310
-256
-193
-170
-161
-100
32
177
254
255
221
182
123
48
-1
-1
10
-57
-220
-367
-340
-145
45
5
-297
-625
-656
-271
323
764
806
519
163
16
159
471
706
688
411
35
-253
-313
-119
208
448
405
70
-344
-563
-491
-240
-48
-65
-264
-468
-510
-348
-75
172
296
273
143
-23
-155
-213
-198
-127
3
188
383
489
428
209
-57
-237
-248
-98
119
268
286
213
134
76
7
-85
-129
-48
160
390
530
506
385
289
325
454
527
403
138
-68
-23
252
507
470
126
-262
-415
-287
-56
92
103
24
-89
-182
-203
-145
-75
-59
-128
-255
-390
-453
-409
-279
-130
-2
135
310
467
481
284
-51
-333
-388
-237
-51
-8
-119
-239
-217
-67
68
64
-56
-164
-152
-46
44
67
71
138
261
293
93
-292
-612
-621
-288
149
389
319
62
-170
-251
-169
18
185
198
-15
-351
-583
-537
-259
51
192
109
-129
-381
-537
-540
-459
-396
-465
-638
-750
-599
-174
301
529
389
33
-265
-347
-246
-97
0
-14
-140
-313
-395
-301
-85
41
-75
-345
-502
-397
-131
47
10
-108
-85
137
388
467
322
109
21
106
234
242
81
-134
-242
-198
-94
-39
-42
-35
25
56
-44
-282
-524
-630
-550
-386
-263
-272
-385
-456
-318
39
415
517
230
-245
-554
-521
-254
18
167
181
91
-59
-180
-161
13
198
232
74
-173
-355
-357
-207
-42
-54
-294
-644
-870
-813
-472
-4
379
531
431
143
-221
-537
-673
-578
-312
-61
22
-101
-323
-500
-525
-386
-144
70
142
21
-227
-430
-423
-195
100
236
115
-200
-534
-737
-729
-553
-318
-147
-79
-46
33
185
342
406
311
81
-173
-313
-263
-93
50
62
-30
-90
-21
138
254
236
109
30
127
344
457
291
-92
-373
-273
186
676
828
508
-22
-342
-170
380
891
961
573
53
-209
-100
213
474
584
570
497
364
156
-106
-335
-418
-304
-54
184
277
228
141
116
148
134
-5
-241
-441
-487
-344
-82
180
354
406
319
97
-166
-302
-198
75
277
215
-73
-361
-451
-303
-80
21
-49
-150
-66
257
670
909
811
398
-127
-505
-554
-270
123
335
228
-84
-338
-355
-198
-63
-63
-138
-118
85
343
410
184
-172
-384
-319
-94
90
131
61
-39
-104
-103
-47
45
153
239
240
118
-80
-206
-135
135
454
665
683
508
180
-245
-648
-886
-848
-610
-348
-211
-192
-171
-55
126
258
269
175
63
4
29
117
249
390
501
517
398
159
-101
-263
-256
-106
107
287
390
398
343
256
152
21
-56
43
360
715
850
640
280
60
139
411
605
492
52
-496
-865
-885
-645
-344
-175
-175
-241
-221
-46
199
367
367
263
177
134
56
-131
-373
-511
-418
-120
224
465
535
472
331
175
40
-47
-81
-29
133
367
529
489
247
-37
-194
-178
-64
45
88
35
-95
-266
-414
-517
-564
-567
-503
-327
-23
357
672
817
746
565
401
274
82
-239
-572
-677
-422
98
625
921
859
554
259
201
346
430
227
-170
-441
-366
-26
294
369
290
300
488
649
541
161
-166
-132
256
670
760
416
-109
-414
-230
342
909
1064
736
185
-170
-102
256
537
455
39
-415
-597
-406
17
390
472
229
-142
-348
-245
52
294
310
115
-142
-310
-312
-164
18
97
4
-190
-344
-357
-279
-216
-212
-205
-70
236
544
577
193
-428
-821
-621
57
694
821
404
-220
-680
-812
-626
-261
80
227
176
110
170
333
453
452
342
199
87
70
163
274
254
9
-372
-653
-628
-363
-112
-99
-295
-493
-501
-322
-90
58
77
-7
-121
-184
-147
-53
-1
-11
1
190
565
930
993
686
206
-96
-39
267
526
511
208
-188
-427
-439
-340
-327
-442
-516
-344
90
560
778
606
138
-376
-691
-673
-394
-57
78
-94
-437
-661
-511
25
635
887
630
119
-198
-110
187
342
239
42
1
181
480
707
771
667
452
180
-105
-353
-479
-395
-83
338
662
716
532
278
119
69
46
-10
-65
-60
-14
-5
-68
-146
-112
93
400
623
641
465
253
143
160
209
171
4
-182
-215
-18
288
463
351
44
-212
-225
-1
259
331
137
-196
-468
-545
-437
-229
-39
45
-18
-184
-299
-212
65
347
450
345
185
113
133
136
60
-51
-94
-13
109
125
-43
-300
-515
-610
-641
-649
-632
-546
-372
-116
162
357
367
193
-45
-206
-191
8
304
523
480
134
-308
-533
-424
-144
5
-110
-354
-472
-350
-82
142
194
121
68
138
279
343
226
-55
-374
-551
-447
-75
366
627
590
355
99
-99
-257
-424
-576
-646
-555
-335
-97
-3
-114
-375
-629
-739
-640
-387
-99
116
225
280
329
368
336
174
-100
-387
-547
-512
-320
-132
-82
-171
-259
-159
177
604
857
813
543
251
68
-70
-284
-633
-992
-1185
-1074
-721
-308
-43
7
-64
-93
-22
74
70
-63
-206
-207
-30
206
337
283
105
-73
-127
-18
202
396
413
195
-158
-445
-484
-243
114
342
291
14
-234
-216
77
409
553
476
323
207
106
-48
-197
-210
-12
309
552
539
305
50
-24
87
232
262
172
47
-86
-251
-490
-743
-873
-734
-343
111
340
197
-172
-443
-398
-98
155
122
-174
-478
-522
-236
225
595
683
474
124
-169
-258
-124
139
373
496
513
484
418
266
8
-244
-318
-172
52
162
102
3
20
178
365
491
535
557
582
540
316
-101
-539
-751
-606
-215
178
333
175
-183
-500
-519
-159
387
768
753
390
-28
-231
-164
26
167
182
134
117
152
159
80
-40
-86
-11
99
118
39
-27
42
242
476
612
596
435
193
-57
-253
-358
-368
-288
-179
-116
-192
-399
-600
-605
-338
87
458
610
577
484
447
449
391
194
-87
-294
-262
29
422
671
620
301
-132
-506
-721
-729
-516
-120
348
717
858
725
423
112
-13
121
445
743
832
652
348
108
51
144
228
154
-109
-422
-560
-390
-1
358
451
236
-96
-284
-211
21
202
205
87
-6
2
55
64
17
-50
-112
-201
-323
-420
-402
-262
-83
39
73
67
78
156
292
418
425
228
-130
-429
-430
-64
468
850
866
600
296
175
243
394
508
556
530
417
204
-80
-353
-528
-536
-388
-166
-37
-110
-371
-652
-767
-627
-350
-131
-93
-171
-234
-206
-141
-112
-73
86
353
538
451
106
-247
-350
-161
141
344
347
273
308
509
692
591
129
-472
-855
-866
-604
-306
-116
-34
18
82
135
117
-3
-187
-323
-321
-183
-3
123
164
134
57
-41
-62
88
390
649
725
634
571
632
745
730
549
293
107
55
104
151
129
54
30
133
316
424
369
208
92
90
125
78
-84
-280
-384
-309
-93
118
140
-81
-387
-520
-322
121
529
633
439
177
102
235
377
319
51
-250
-390
-298
-53
187
318
329
338
439
600
640
430
31
-319
-422
-289
-82
102
277
541
870
1148
1197
985
601
190
-154
-349
-326
-87
230
457
520
520
547
600
579
456
277
101
-59
-213
-336
-358
-219
25
227
291
244
185
153
143
150
184
210
128
-101
-326
-321
-2
450
698
515
-34
-631
-927
-749
-272
144
212
-44
-362
-491
-361
-63
212
282
118
-113
-146
107
472
662
538
174
-239
-517
-605
-549
-490
-509
-584
-586
-459
-255
-86
11
68
113
88
-60
-323
-591
-730
-635
-323
69
347
393
229
-24
-253
-390
-376
-171
170
472
593
521
381
266
198
161
148
126
0
-273
-591
-745
-593
-173
311
622
642
406
134
49
225
502
614
416
46
-217
-227
-78
-31
-231
-554
-700
-501
-76
283
379
298
252
300
285
63
-288
-503
-393
-37
300
403
239
-38
-226
-195
18
263
387
341
181
38
12
141
356
554
635
545
277
-65
-307
-302
-62
221
335
210
-52
-299
-432
-454
-407
-321
-194
-76
-47
-148
-297
-296
-17
445
799
811
477
20
-314
-438
-409
-316
-196
-37
155
310
324
135
-194
-524
-714
-726
-589
-372
-129
25
-16
-259
-538
-643
-486
-201
12
20
-150
-378
-512
-444
-170
125
202
-10
-319
-411
-154
258
490
373
20
-335
-524
-542
-455
-353
-283
-258
-236
-169
-56
18
-25
-153
-237
-188
-46
72
99
71
56
22
-105
-316
-466
-429
-218
-32
-50
-266
-489
-590
-576
-542
-495
-379
-164
58
168
150
85
38
0
-77
-195
-283
-252
-87
127
268
266
144
-12
-142
-231
-297
-329
-281
-119
132
368
470
372
132
-105
-263
-366
-455
-472
-294
94
508
691
560
246
-29
-142
-139
-139
-191
-228
-162
18
217
313
279
187
108
43
-42
-135
-150
-24
189
346
361
263
155
92
12
-170
-447
-663
-673
-451
-158
14
0
-98
-175
-214
-291
-427
-553
-551
-438
-323
-307
-356
-346
-186
65
255
291
204
72
-63
-171
-195
-43
272
566
598
322
-69
-289
-216
24
195
171
6
-99
9
251
361
72
-572
-1233
-1492
-1070
-14
1270
2139
2023
847
-871
-2285
-2762
-2142
-789
673
1643
1785
1134
41
-997
-1544
-1378
-575
537
1478
1834
1432
464
-620
-1344
-1442
-927
-44
836
1336
1197
437
-655
-1604
-1970
-1525
-424
836
1695
1818
1243
258
-744
-1387
-1376
-665
469
1506
1935
1511
419
-811
-1555
-1448
-577
581
1442
1618
1026
-88
-1307
-2137
-2267
-1656
-551
653
1565
1872
1397
235
-1136
-2026
-1870
-640
1070
2351
2572
1700
264
-1039
-1696
-1542
-741
318
1223
1669
1497
708
-499
-1663
-2209
-1772
-583
670
1265
947
97
-627
-782
-403
89
284
111
-168
-236
-23
278
420
331
119
-77
-191
-226
-194
-101
33
148
173
113
45
67
185
360
519
655
744
736
554
241
-57
-217
-246
-294
-448
-569
-405
85
613
839
670
351
152
103
44
-103
-239
-244
-119
44
167
254
316
329
268
170
93
39
-34
-148
-258
-267
-118
126
306
243
-98
-585
-957
-982
-588
39
558
726
551
259
53
-2
39
114
176
158
13
-210
-368
-314
-32
297
420
226
-156
-430
-384
-80
214
249
9
-301
-435
-314
-50
147
145
-21
-188
-198
-25
224
398
394
204
-71
-276
-251
38
458
759
713
270
-319
-653
-468
120
666
759
388
-105
-335
-199
90
237
140
-72
-168
-32
246
444
421
217
40
44
185
265
139
-145
-377
-373
-149
113
236
192
63
-68
-139
-107
10
111
68
-124
-290
-245
-15
182
202
110
121
332
596
651
372
-122
-528
-581
-259
196
477
450
267
165
238
360
348
141
-154
-370
-412
-288
-139
-119
-295
-543
-688
-631
-458
-297
-192
-89
65
243
368
363
283
246
333
464
508
405
214
16
-119
-136
34
362
674
739
483
45
-282
-287
-47
147
35
-354
-727
-782
-503
-121
86
30
-112
-88
170
464
540
328
31
-101
-30
66
8
-185
-327
-258
-36
127
88
-90
-201
-111
80
147
-30
-332
-486
-309
88
401
437
263
139
219
442
599
576
401
181
-10
-136
-186
-133
25
285
589
848
927
761
397
15
-212
-194
23
263
319
146
-94
-103
240
707
884
554
-108
-706
-935
-823
-581
-406
-321
-276
-226
-193
-205
-203
-76
181
407
413
175
-107
-207
-74
150
273
196
-30
-255
-333
-212
17
198
225
111
-40
-128
-151
-161
-208
-272
-304
-267
-207
-195
-276
-395
-470
-435
-330
-233
-205
-223
-170
53
427
761
879
736
513
396
423
452
375
213
70
-7
-40
-59
-46
10
55
26
-86
-220
-276
-187
31
261
331
151
-145
-299
-204
-17
7
-181
-352
-261
59
345
420
331
250
247
193
-57
-462
-770
-772
-469
-55
272
458
537
566
543
431
191
-136
-406
-469
-299
-40
129
138
48
-44
-86
-62
26
176
348
465
445
230
-157
-599
-888
-931
-781
-634
-585
-548
-351
13
354
489
405
269
220
221
136
-70
-273
-314
-157
85
253
233
11
-311
-540
-531
-291
-30
44
-66
-160
-83
110
221
130
-65
-165
-74
122
308
426
526
634
706
640
407
87
-192
-342
-352
-247
-79
86
146
44
-159
-306
-280
-103
24
-85
-402
-659
-561
-58
520
724
427
-68
-291
-60
351
506
252
-175
-435
-397
-204
-65
-67
-147
-217
-232
-190
-111
-33
12
30
54
88
85
4
-117
-207
-232
-258
-342
-451
-472
-305
39
407
584
422
-31
-489
-619
-317
197
552
534
230
-111
-266
-171
150
579
943
1041
790
274
-282
-650
-745
-602
-372
-191
-113
-76
20
187
310
256
58
-106
-51
217
505
588
397
42
-258
-336
-184
45
129
-37
-338
-521
-393
14
481
759
749
501
227
123
278
572
761
655
322
2
-133
-125
-166
-348
-561
-601
-437
-213
-112
-161
-306
-481
-688
-873
-928
-745
-377
12
248
261
95
-132
-286
-279
-114
114
266
248
54
-232
-502
-652
-634
-451
-160
150
419
597
676
640
495
258
45
-13
95
213
142
-145
-423
-422
-163
65
-6
-325
-569
-464
-120
109
26
-207
-272
-42
289
429
295
36
-142
-155
-43
99
177
140
16
-95
-114
-61
-52
-154
-332
-473
-534
-524
-521
-555
-593
-529
-317
-28
191
242
142
-17
-145
-185
-144
-80
-71
-126
-194
-207
-207
-273
-427
-556
-549
-386
-180
-38
14
16
-7
-48
-115
-189
-242
-234
-174
-116
-141
-263
-398
-418
-307
-155
-99
-169
-240
-156
89
330
362
134
-197
-401
-337
-42
274
380
210
-81
-166
136
682
1073
986
429
-244
-623
-594
-352
-225
-345
-589
-701
-613
-453
-403
-466
-476
-280
111
522
749
670
384
119
70
201
279
121
-199
-422
-385
-151
28
-32
-285
-493
-440
-112
243
326
-6
-593
-1031
-948
-395
188
333
-12
-495
-714
-594
-324
-92
63
153
158
60
-99
-180
-74
140
253
131
-144
-319
-215
70
257
167
-110
-362
-452
-407
-294
-190
-153
-255
-460
-581
-425
-50
264
257
-49
-337
-295
106
590
822
648
240
-87
-105
137
410
501
380
158
-33
-128
-163
-206
-307
-420
-465
-387
-245
-138
-86
-12
162
386
498
369
94
-92
-16
257
521
603
500
298
141
127
287
507
574
341
-137
-626
-882
-787
-417
36
334
337
129
-48
43
400
809
998
871
506
87
-222
-344
-298
-173
-49
59
164
282
381
388
247
34
-84
17
268
447
371
75
-239
-391
-340
-201
-113
-118
-138
-117
-88
-120
-196
-237
-196
-128
-96
-92
-62
25
142
203
122
-101
-341
-462
-421
-307
-208
-93
112
395
609
624
427
172
26
74
261
470
574
517
317
120
75
236
485
652
627
454
237
86
51
145
306
408
329
38
-356
-688
-816
-711
-428
-106
119
168
77
-66
-181
-247
-255
-170
32
242
272
75
-176
-250
-107
84
158
161
227
342
331
103
-216
-365
-204
149
435
539
522
503
481
337
-8
-418
-617
-436
27
456
574
331
-100
-484
-652
-562
-274
81
361
485
448
269
-21
-342
-538
-481
-191
127
262
151
-92
-270
-242
-27
210
285
151
-87
-278
-406
-534
-680
-724
-597
-358
-232
-347
-574
-617
-338
110
413
376
106
-129
-171
-82
-15
-39
-126
-222
-322
-410
-360
-49
485
979
1105
712
56
-399
-283
342
1082
1472
1338
804
171
-310
-504
-412
-164
61
114
-18
-174
-158
75
359
512
488
428
450
488
360
41
-273
-373
-248
-50
102
253
467
681
722
543
252
70
112
281
341
180
-81
-208
-97
111
187
66
-117
-205
-165
-121
-189
-335
-392
-264
-21
133
64
-152
-300
-192
164
593
853
838
602
310
92
-25
-86
-182
-354
-546
-609
-480
-247
-84
-51
-51
25
163
254
241
150
75
83
218
440
660
747
624
308
-73
-352
-411
-239
77
387
584
623
520
299
16
-236
-361
-320
-167
14
133
130
-4
-195
-306
-238
-23
203
338
376
361
295
188
87
59
98
137
133
68
-78
-289
-448
-346
95
664
983
823
275
-287
-503
-284
149
485
551
421
265
199
196
198
173
222
432
731
862
595
-37
-708
-1040
-935
-574
-219
11
111
108
39
-22
-33
-35
-124
-294
-406
-329
-104
104
172
109
18
-12
28
76
86
68
78
141
214
209
109
-17
-63
7
125
189
147
28
-78
-88
10
134
193
162
98
59
46
23
8
56
244
545
864
1034
941
569
106
-185
-153
95
325
379
326
303
356
389
270
-36
-430
-715
-791
-688
-508
-285
-35
174
185
-68
-449
-697
-617
-217
292
624
629
375
81
-82
-118
-134
-147
-59
236
661
955
853
345
-303
-744
-781
-518
-209
-6
134
307
473
497
306
-5
-267
-361
-258
-7
272
446
436
299
149
104
194
368
501
495
331
102
-73
-112
-19
148
303
391
390
291
86
-178
-378
-409
-273
-118
-83
-168
-239
-172
35
225
225
-22
-383
-603
-487
-93
302
413
181
-160
-304
-164
85
173
-3
-305
-487
-484
-416
-471
-654
-761
-554
-70
385
462
94
-432
-712
-567
-145
189
170
-175
-552
-640
-341
144
492
501
214
-85
-114
211
671
881
585
-82
-683
-795
-343
336
776
780
495
239
173
234
256
129
-133
-392
-467
-284
38
229
111
-215
-455
-399
-95
192
230
59
-81
-20
161
251
143
-44
-116
-28
104
160
128
55
-32
-117
-159
-85
119
331
381
179
-203
-536
-582
-340
-44
9
-233
-540
-617
-422
-144
-41
-191
-444
-541
-371
-51
128
-12
-407
-777
-898
-720
-397
-107
26
-8
-132
-227
-175
44
304
414
281
-13
-234
-199
75
380
473
264
-78
-277
-147
233
597
687
449
35
-305
-394
-223
68
269
247
-5
-358
-635
-686
-512
-232
-17
49
67
188
458
716
770
551
207
-62
-122
19
226
315
176
-125
-356
-318
-69
136
64
-254
-534
-492
-132
263
450
421
347
321
298
197
39
-97
-161
-146
-55
79
146
45
-204
-430
-424
-122
284
491
371
69
-110
1
298
513
510
354
143
-117
-453
-757
-861
-682
-409
-278
-327
-356
-190
128
321
163
-313
-801
-953
-619
21
584
724
371
-197
-569
-485
-20
493
721
524
14
-539
-851
-783
-397
25
200
45
-256
-449
-412
-282
-251
-356
-434
-333
-67
190
281
218
128
83
44
-93
-345
-604
-693
-536
-212
80
176
130
139
305
490
485
253
8
-31
132
305
357
309
270
281
324
346
348
343
341
325
280
185
77
23
65
154
194
136
-7
-189
-365
-464
-462
-395
-393
-505
-622
-553
-246
149
374
281
-12
-229
-172
109
371
391
160
-143
-323
-314
-219
-169
-205
-246
-221
-145
-85
-58
-30
20
51
21
-27
-10
88
185
166
-3
-180
-163
97
412
513
298
-31
-180
-50
182
238
7
-354
-559
-434
-44
370
567
508
329
240
311
414
344
41
-338
-561
-512
-307
-141
-150
-302
-452
-444
-266
-54
-2
-162
-359
-345
-57
303
438
222
-161
-394
-307
2
284
355
259
167
235
446
644
646
423
108
-81
-32
174
335
338
232
194
319
540
665
536
140
-382
-802
-954
-797
-490
-241
-171
-212
-223
-128
-17
-21
-187
-411
-508
-350
-30
207
173
-79
-288
-242
-38
47
-171
-572
-845
-746
-350
52
180
-5
-264
-298
13
491
810
739
347
-91
-304
-221
12
186
202
110
67
171
363
457
293
-96
-450
-487
-108
492
960
1004
660
210
7
161
474
613
460
175
27
106
256
258
62
-185
-260
-60
318
628
640
302
-221
-656
-808
-638
-264
138
368
303
-27
-420
-594
-397
47
427
515
325
67
-75
-119
-199
-351
-433
-258
182
640
790
506
-44
-502
-588
-331
-7
111
-6
-176
-217
-104
65
208
286
316
322
325
311
257
156
124
272
629
1019
1189
961
477
58
-92
-61
-116
-372
-679
-768
-559
-188
121
241
171
-2
-180
-288
-306
-259
-235
-296
-436
-555
-550
-380
-141
28
26
-123
-316
-433
-372
-92
316
635
639
282
-225
-569
-604
-415
-201
-81
-45
-28
-15
-29
-85
-153
-179
-123
16
176
278
270
167
29
-67
-77
5
133
201
108
-172
-521
-724
-604
-198
263
514
450
191
-52
-134
-53
52
37
-181
-518
-791
-812
-540
-89
302
428
262
-34
-239
-242
-116
-6
32
54
166
377
634
826
850
635
250
-115
-243
-85
162
239
84
-126
-174
-12
211
315
248
84
-96
-248
-330
-291
-144
18
72
-11
-82
34
343
633
667
384
-5
-219
-107
233
568
681
474
13
-506
-841
-865
-615
-313
-161
-191
-253
-212
-75
48
85
52
-7
-85
-176
-175
25
414
791
960
847
588
345
144
-95
-405
-665
-716
-503
-183
28
22
-121
-225
-171
-9
107
86
-16
-97
-132
-146
-128
12
290
549
560
285
-84
-230
-7
411
652
452
-122
-680
-812
-447
112
437
339
37
-97
98
421
547
343
5
-170
-66
167
288
179
-141
-543
-886
-1016
-818
-300
305
665
565
76
-451
-645
-378
151
570
610
298
-110
-327
-244
45
335
493
494
404
278
143
-1
-148
-270
-271
-61
270
456
250
-295
-801
-878
-504
4
298
279
197
337
703
962
799
238
-337
-543
-368
-108
-37
-152
-252
-175
29
179
174
69
-4
17
24
-129
-424
-629
-540
-195
88
38
-328
-715
-792
-434
182
701
849
605
222
-29
-45
70
185
246
317
439
576
604
459
181
-93
-236
-202
-35
148
228
116
-165
-497
-706
-668
-377
43
405
568
500
321
179
202
376
601
728
689
495
242
26
-77
-42
140
415
696
849
814
606
329
76
-145
-365
-581
-695
-643
-447
-227
-75
65
283
551
680
514
98
-298
-410
-267
-126
-191
-391
-480
-312
-44
48
-122
-351
-401
-228
-4
97
84
77
169
322
444
450
376
318
347
407
361
133
-204
-471
-570
-522
-399
-225
23
316
526
503
249
-75
-284
-304
-235
-205
-250
-286
-240
-124
12
146
291
416
449
342
208
207
391
607
688
587
453
421
444
340
41
-304
-459
-323
-86
-27
-263
-616
-801
-647
-304
-60
-121
-416
-730
-859
-754
-466
-129
113
142
-30
-238
-288
-109
195
421
417
182
-137
-312
-204
132
466
626
602
497
351
123
-189
-453
-501
-329
-83
79
114
58
-49
-222
-451
-641
-643
-419
-79
168
192
74
14
111
257
293
189
115
226
463
592
437
44
-376
-609
-567
-293
79
389
506
389
136
-103
-215
-191
-92
9
59
40
-16
-45
7
125
227
232
114
-82
-271
-365
-331
-208
-114
-140
-272
-385
-361
-182
-8
-16
-232
-468
-491
-237
133
381
352
58
-352
-657
-686
-422
-36
251
300
133
-126
-331
-357
-158
184
477
501
184
-266
-501
-308
190
617
651
303
-131
-371
-359
-238
-150
-131
-134
-176
-292
-493
-686
-754
-612
-289
100
407
522
470
356
275
213
110
-40
-77
153
556
793
467
-471
-1560
-2084
-1609
-324
1086
1902
1824
1028
-60
-1016
-1541
-1483
-871
72
911
1215
748
-320
-1505
-2213
-2079
-1133
193
1302
1681
1164
-32
-1363
-2199
-2098
-1071
405
1645
2115
1685
604
-629
-1482
-1634
-1102
-124
964
1821
2086
1516
229
-1205
-2059
-1854
-657
955
2170
2428
1676
353
-934
-1681
-1641
-830
430
1538
1881
1255
17
-1218
-1951
-2065
-1643
-797
319
1380
1934
1638
521
-930
-1984
-2114
-1289
8
1119
1549
1177
243
-788
-1451
-1480
-913
-27
822
1330
1301
712
-292
-1352
-1999
-1849
-1002
21
593
484
42
-193
23
466
705
492
-5
-383
-344
51
425
424
59
-317
-361
-61
304
458
373
200
82
51
96
185
299
397
453
439
360
225
80
-20
-14
101
209
156
-122
-491
-744
-743
-510
-154
219
514
660
619
484
382
386
428
398
248
63
-37
10
161
320
389
362
296
220
88
-143
-402
-535
-440
-196
29
113
53
-37
-33
104
282
351
235
70
61
292
595
713
515
148
-128
-181
-90
-51
-171
-389
-524
-470
-270
-42
135
247
285
198
-32
-335
-557
-575
-361
-61
114
71
-72
-140
-82
-27
-92
-237
-311
-249
-115
-33
-58
-122
-99
49
221
310
297
279
318
372
341
195
-2
-115
-52
177
431
525
359
0
-362
-570
-571
-432
-239
-82
-16
-44
-99
-96
-20
70
107
116
165
253
280
183
15
-34
161
482
629
395
-132
-647
-873
-833
-714
-736
-903
-1062
-987
-609
-62
363
441
196
-132
-274
-146
151
433
592
591
488
352
218
57
-183
-469
-686
-709
-498
-112
332
681
831
742
566
487
533
512
261
-137
-336
-99
432
838
819
405
-83
-326
-258
-63
82
157
234
303
233
-54
-455
-730
-705
-379
59
356
377
186
-10
-55
46
162
196
149
119
181
311
378
281
43
-182
-250
-150
5
51
-85
-339
-531
-551
-415
-235
-80
81
277
433
410
149
-242
-546
-581
-323
90
413
442
168
-211
-413
-300
-53
23
-226
-626
-873
-786
-532
-380
-518
-841
-1076
-955
-437
253
738
755
398
13
-83
118
327
259
-77
-402
-490
-351
-167
-63
-35
-24
-52
-160
-325
-442
-460
-400
-333
-279
-223
-142
-76
-79
-135
-158
-58
159
366
403
212
-109
-386
-489
-449
-374
-323
-245
-49
259
574
746
718
519
222
-94
-382
-590
-697
-669
-537
-359
-241
-235
-340
-472
-540
-475
-313
-148
-70
-71
-72
-6
108
189
185
112
76
168
352
458
333
-3
-352
-499
-386
-114
105
105
-127
-414
-539
-413
-211
-165
-367
-645
-694
-334
304
842
961
628
127
-206
-216
8
219
212
12
-152
-43
322
637
581
176
-241
-293
82
570
755
502
28
-322
-380
-234
-75
0
21
34
37
57
145
304
418
367
161
-9
24
258
515
618
491
243
57
46
143
215
199
162
176
208
167
18
-171
-270
-192
28
245
380
458
512
467
174
-360
-879
-1047
-789
-318
32
98
-15
-80
-23
36
-3
-68
-15
166
286
177
-96
-300
-267
-29
248
399
410
371
371
381
310
107
-188
-467
-659
-718
-653
-480
-283
-145
-119
-172
-208
-143
18
182
268
260
183
50
-67
-53
197
602
884
765
263
-316
-606
-466
-57
320
477
422
292
195
146
88
-67
-335
-647
-838
-838
-689
-534
-429
-324
-140
94
263
269
108
-144
-365
-420
-232
89
301
219
-85
-334
-311
-76
131
145
8
-120
-124
-18
98
94
-85
-326
-404
-187
197
469
458
261
86
49
103
132
51
-123
-276
-264
-44
346
780
1107
1157
863
318
-185
-369
-179
182
406
317
8
-264
-309
-143
18
-23
-218
-317
-109
334
730
817
581
199
-92
-149
18
250
318
106
-253
-471
-337
87
524
695
536
188
-136
-295
-252
-62
190
410
521
471
285
56
-93
-99
-19
25
-8
-40
71
349
625
651
395
69
-31
168
509
742
751
548
247
-17
-132
-84
21
59
3
-75
-82
8
95
50
-90
-135
58
383
580
490
215
-33
-80
99
360
459
270
-73
-233
-19
422
737
694
330
-85
-281
-165
117
373
503
573
637
611
340
-142
-558
-555
-41
714
1250
1261
752
52
-435
-469
-126
249
330
81
-240
-319
-77
247
329
75
-299
-491
-373
-59
242
401
400
259
12
-274
-492
-501
-223
252
668
773
499
31
-359
-472
-283
44
270
222
-70
-364
-406
-124
310
634
669
447
133
-42
50
358
656
694
378
-53
-236
44
614
1025
899
289
-388
-684
-469
-19
269
187
-146
-411
-362
-9
401
641
648
578
572
637
625
512
404
467
674
841
762
453
90
-97
-11
264
505
525
300
49
16
249
529
614
450
249
226
369
456
360
166
110
287
498
428
-38
-660
-1069
-1036
-663
-221
29
0
-195
-330
-246
23
210
77
-348
-748
-813
-492
-83
76
-94
-358
-421
-190
132
258
122
-81
-28
395
979
1310
1087
343
-521
-1010
-903
-379
143
356
272
112
72
166
251
185
-67
-387
-547
-374
82
545
741
597
349
262
349
361
110
-303
-525
-310
182
530
450
43
-310
-312
30
453
655
494
54
-414
-662
-586
-295
20
197
187
70
-17
18
139
196
72
-248
-635
-939
-1030
-912
-660
-375
-94
151
293
277
131
-45
-170
-214
-160
23
300
566
688
643
480
271
52
-123
-185
-113
21
72
-41
-262
-435
-472
-387
-282
-220
-258
-400
-627
-831
-846
-556
-86
274
318
105
-28
173
624
940
873
508
204
192
317
227
-189
-651
-740
-309
354
780
778
514
323
356
452
334
-49
-441
-492
-102
470
817
717
261
-238
-486
-412
-171
-31
-131
-417
-674
-730
-542
-236
21
95
-22
-213
-311
-216
24
240
283
134
-100
-250
-205
-6
183
212
81
-65
-93
14
164
270
293
238
124
5
-60
-28
84
186
187
90
-11
1
147
337
438
407
293
151
-12
-210
-394
-470
-369
-184
-79
-126
-220
-186
30
310
467
411
187
-89
-299
-334
-147
200
526
656
528
204
-200
-555
-721
-640
-379
-167
-177
-359
-477
-329
63
452
567
341
-54
-370
-466
-405
-322
-304
-315
-319
-324
-376
-458
-447
-228
149
468
514
259
-66
-180
15
343
506
334
-58
-378
-397
-121
221
374
260
1
-210
-267
-190
-57
69
159
173
83
-111
-340
-520
-569
-481
-294
-60
171
301
223
-58
-366
-454
-221
140
321
229
47
45
278
579
721
673
535
407
285
123
-84
-262
-314
-196
38
256
327
274
234
316
445
481
365
174
-6
-120
-125
4
196
279
142
-113
-271
-160
200
607
787
601
141
-296
-437
-230
147
386
282
-115
-522
-611
-262
292
648
610
321
102
108
226
251
125
-58
-181
-199
-164
-152
-268
-521
-806
-917
-759
-418
-142
-93
-206
-266
-154
55
213
245
215
201
194
122
-36
-208
-279
-183
-12
68
-58
-321
-529
-524
-351
-181
-150
-231
-311
-302
-226
-141
-38
132
333
421
262
-104
-513
-784
-868
-772
-543
-230
66
246
282
213
123
75
76
79
43
-24
-50
22
190
368
445
350
103
-190
-392
-410
-259
-37
104
69
-71
-132
1
235
318
98
-323
-662
-703
-430
-49
195
178
-20
-198
-210
-71
91
195
250
286
269
114
-185
-496
-618
-468
-132
177
284
167
-46
-209
-263
-238
-177
-100
-10
51
39
-46
-142
-210
-251
-260
-190
18
324
537
459
108
-272
-330
77
731
1176
1086
497
-174
-491
-311
144
482
446
146
-80
34
408
676
523
11
-481
-621
-382
-13
225
242
109
-46
-122
-72
63
210
307
331
261
120
-15
-52
19
101
93
-28
-198
-306
-257
-48
198
260
17
-409
-710
-668
-321
79
302
306
187
53
-49
-143
-260
-410
-524
-529
-393
-189
-17
91
177
298
430
484
379
195
101
222
478
618
435
-27
-491
-677
-512
-169
104
144
-38
-284
-393
-249
88
405
493
349
147
68
119
176
134
44
26
89
120
-13
-294
-529
-495
-192
144
232
19
-232
-206
157
583
700
354
-182
-448
-191
395
851
836
471
139
108
288
382
208
-168
-526
-712
-684
-485
-192
82
230
201
31
-152
-210
-132
-40
-45
-122
-114
72
324
418
273
27
-129
-143
-145
-249
-431
-543
-533
-461
-390
-284
-38
353
728
848
667
340
74
-71
-153
-213
-224
-163
-107
-145
-280
-410
-453
-386
-319
-356
-547
-785
-893
-730
-306
222
653
832
762
542
308
121
-28
-158
-313
-497
-666
-694
-458
24
549
846
814
545
255
89
67
112
125
54
-81
-195
-177
7
268
442
399
136
-200
-413
-354
-33
405
741
825
634
283
-69
-264
-226
6
282
402
254
-83
-389
-478
-330
-119
-32
-71
-65
118
390
534
417
153
-41
-64
10
51
4
-105
-223
-304
-307
-213
-52
126
283
397
414
289
52
-148
-163
-40
26
-107
-357
-455
-214
221
488
302
-267
-812
-902
-485
95
422
370
178
136
288
424
333
6
-351
-490
-336
-30
195
211
61
-119
-197
-120
34
115
19
-195
-375
-411
-337
-235
-170
-144
-190
-319
-462
-479
-279
76
352
328
29
-279
-313
-36
315
448
309
78
-27
42
159
176
112
102
243
456
602
594
448
203
-72
-270
-262
-30
269
414
341
160
77
185
386
468
319
24
-220
-285
-255
-291
-402
-407
-186
152
335
215
-74
-273
-218
50
371
560
520
283
46
5
179
375
365
106
-207
-330
-167
171
485
604
456
88
-329
-577
-536
-259
48
196
153
26
-15
111
355
553
598
502
360
222
55
-173
-374
-400
-193
139
423
547
524
411
230
-16
-261
-380
-311
-116
2
-111
-442
-778
-874
-620
-144
293
471
352
80
-151
-265
-306
-339
-344
-228
41
335
446
232
-243
-695
-795
-440
147
546
480
43
-399
-550
-391
-114
99
222
306
353
292
103
-127
-296
-357
-346
-296
-236
-188
-187
-220
-176
43
371
580
492
149
-214
-379
-301
-82
106
132
-2
-153
-168
-39
11
-212
-588
-738
-357
444
1180
1361
939
270
-224
-379
-293
-127
56
250
392
367
153
-133
-334
-365
-277
-166
-70
38
187
344
491
609
721
791
723
427
-18
-386
-490
-346
-150
-67
-127
-247
-357
-408
-383
-286
-160
-44
63
173
285
356
363
301
196
67
-59
-143
-157
-110
-67
-83
-198
-386
-497
-339
118
630
809
471
-115
-465
-284
282
799
885
511
-42
-399
-360
-24
316
410
232
-35
-183
-95
191
502
609
396
-25
-389
-492
-329
-36
234
375
306
27
-364
-682
-779
-608
-280
38
212
219
115
-23
-155
-263
-325
-300
-164
56
299
480
542
450
242
5
-172
-256
-283
-288
-255
-147
-30
-35
-180
-295
-216
16
161
59
-173
-284
-187
-19
56
23
-26
-26
-20
-63
-114
-78
67
229
259
81
-227
-471
-456
-141
296
567
456
-8
-550
-831
-778
-578
-531
-703
-892
-816
-436
33
241
7
-548
-1037
-1152
-854
-401
-65
27
-67
-192
-191
-26
179
197
-75
-478
-702
-595
-269
5
60
-136
-486
-878
-1133
-1095
-716
-210
123
100
-188
-473
-512
-239
207
588
700
513
165
-109
-167
-50
82
86
-55
-242
-344
-340
-300
-304
-332
-309
-189
-45
18
14
58
208
356
344
141
-88
-156
-61
40
-69
-441
-898
-1101
-873
-350
78
133
-112
-341
-298
10
351
473
313
14
-164
-60
267
572
648
468
226
120
196
317
314
133
-144
-371
-432
-292
-35
181
257
223
168
117
25
-113
-187
-84
152
333
314
116
-109
-227
-221
-155
-81
-5
91
203
293
300
209
70
1
80
257
378
278
-64
-453
-603
-379
83
475
564
404
213
152
181
144
-44
-316
-506
-548
-486
-389
-251
-48
180
334
347
245
96
-42
-130
-131
-49
36
25
-115
-306
-383
-223
138
499
611
366
-99
-496
-579
-310
132
486
582
416
162
13
58
211
330
341
241
52
-181
-361
-345
-90
266
492
471
267
57
-29
-39
-112
-313
-522
-558
-351
-95
-46
-278
-582
-650
-348
159
553
642
461
218
84
67
43
-93
-299
-427
-354
-98
202
386
367
194
7
-64
2
129
221
172
-76
-465
-776
-777
-417
64
344
278
-15
-302
-414
-350
-208
-71
50
200
385
550
588
454
189
-62
-161
-135
-139
-276
-451
-425
-78
430
768
735
388
12
-128
-12
147
130
-70
-293
-391
-337
-177
37
235
337
301
207
161
190
216
167
50
-48
-62
-10
36
18
-58
-124
-107
8
152
232
202
75
-104
-324
-551
-756
-866
-789
-454
17
340
313
25
-190
-102
182
365
304
106
-46
-87
-116
-229
-390
-452
-351
-161
-28
-19
-70
-76
2
115
213
278
319
327
281
169
71
82
253
489
636
575
373
196
149
169
89
-169
-466
-550
-355
-67
7
-237
-595
-732
-507
-71
272
322
130
-85
-128
20
181
152
-120
-471
-667
-580
-331
-137
-114
-175
-137
79
342
433
311
138
84
130
124
-10
-146
-120
77
287
353
241
28
-175
-314
-384
-424
-448
-466
-451
-426
-420
-410
-302
-58
211
301
124
-196
-431
-413
-131
256
509
476
206
-91
-237
-244
-226
-256
-288
-270
-201
-132
-83
-51
-30
-3
70
221
391
457
335
110
-53
-55
51
140
130
-23
-305
-662
-936
-973
-713
-277
146
441
583
622
583
494
355
200
75
-19
-126
-308
-527
-653
-550
-237
119
350
406
406
463
628
810
890
766
427
-32
-444
-650
-645
-532
-415
-287
-90
163
351
360
211
23
-140
-297
-467
-574
-542
-375
-220
-191
-250
-243
-51
278
611
805
817
663
455
305
242
172
-22
-320
-546
-525
-227
215
636
886
938
825
632
391
165
33
42
120
112
-55
-258
-301
-133
102
204
107
-77
-185
-137
19
198
330
394
386
315
193
82
