964
3427
-5647
1778
1933
-4540
2785
76
-2083
4933
-901
-2363
3611
-3693
-67
2798
-4345
2871
1848
-2017
3051
174
-4155
4262
-2496
-1035
4326
-3108
873
3656
-4430
735
3800
-3684
2777
-679
-1594
5575
-729
-1163
1509
-2539
72
4929
-3556
2345
1820
-3940
2960
-881
-4150
3113
-3035
-3187
4665
-2958
-1310
2684
-4920
2424
3438
-5411
3137
-576
-3334
4807
-407
-2042
3832
-1783
377
5865
-3336
1864
3211
-3598
3629
391
-2397
3046
-734
-1471
5518
-3068
96
3503
-3728
583
2049
-5376
3778
164
-3815
4193
281
-3331
3515
-2788
-613
3326
-4268
1972
1756
-797
683
-491
487
-249
-112
-739
-1686
-955
765
472
600
-362
-561
-1491
-1265
-114
271
-147
-794
191
285
242
-514
-2279
1209
1945
934
515
1282
123
1499
454
-513
-153
444
-2480
358
-222
394
863
257
957
-1128
-228
1123
-559
-639
-662
121
91
550
613
-152
1813
909
564
121
750
-49
-68
623
-660
98
375
-311
840
1972
675
-211
-1504
661
-833
1204
153
116
118
-1062
563
331
142
345
-235
-581
-1359
184
-1236
417
-639
-477
-2540
802
-537
1435
796
1120
-234
482
-1093
-16
38
432
-498
458
11
-564
289
1218
-299
-23
539
-726
-2336
801
142
665
-931
1492
-178
997
931
602
1355
-708
-380
-1265
-1568
975
1742
-135
-468
-535
240
-2010
-1147
47
-1798
-1814
452
2563
-459
-230
81
1077
626
865
474
668
597
1018
-1438
-334
180
689
1450
118
198
-1587
95
655
-986
-802
-1903
653
-830
69
-40
-392
977
-115
-233
-418
1637
-5
-312
186
120
-684
-539
943
-86
-1078
-1093
494
783
-15
1379
-584
513
402
-449
324
12
-1652
1089
1925
-546
65
-12
-1645
403
-773
-1449
-741
1394
-227
-273
-472
367
870
-825
-443
-1445
-355
-303
-1162
-336
-1404
238
-1210
828
1304
77
-429
1102
-341
616
-467
2434
541
122
-1569
-907
-360
621
-70
1044
141
150
-811
529
416
-265
-605
453
2193
-17
150
-616
452
1396
-1669
-854
-799
-81
593
-342
513
1074
-234
-458
-1095
-1335
-133
1266
1509
47
-438
773
-1015
1135
1433
-2410
-233
-736
438
-1742
518
356
1315
-470
195
27
989
-441
-185
1419
770
-893
979
363
1100
400
-849
-787
1627
250
-699
-257
1241
-808
1023
-515
1029
1096
669
-162
-695
925
1273
-2339
235
-123
-394
-1026
-1134
-383
679
541
-493
1600
922
-518
-1034
-313
-719
995
-520
437
1164
-1691
950
334
-94
-1544
-364
-2133
1390
-931
865
904
250
-551
-849
345
951
227
-271
1592
1571
961
-979
-739
-1200
24
-767
-1540
-286
-1057
2627
98
1457
-754
-323
1492
415
334
-993
-892
340
733
927
-62
-2100
982
-514
1010
-128
-1371
-558
-1936
1035
-1060
-1313
-250
-747
-309
1044
-570
431
1325
-151
-902
529
1067
-952
307
380
197
824
-461
1283
-912
-395
-1878
122
-1654
1724
-1372
40
1022
-555
131
610
-343
1979
-959
463
122
303
-498
490
910
121
-777
302
45
-627
604
1429
-1350
-701
173
623
-325
737
-1385
-986
837
-471
-94
-2698
-771
52
-708
365
-1191
1687
-112
849
601
418
199
-1116
1423
-229
-394
1621
-389
-732
-614
-1092
-614
1695
-1303
-100
1264
1309
303
-771
-1041
844
370
-272
-140
-692
25
348
1124
394
1003
-587
-904
-2644
-3
-759
-1
-1349
-634
591
324
510
-465
614
2170
179
12
-796
-2113
508
-1667
-835
330
-1130
915
-603
-481
598
276
-1283
-1616
411
-355
553
473
-1267
-535
913
-253
-231
171
913
641
-873
141
-1537
121
1404
-1036
634
-2451
1081
-412
1855
870
-187
-1764
-1345
1178
308
-397
1957
243
-1126
303
1467
-185
290
-2543
407
-26
769
-222
235
196
-352
349
-526
210
-972
7
-633
649
-1559
1575
-460
-479
1618
-61
-842
918
-943
271
318
-1932
-966
-1165
-1841
-758
1737
691
-524
-155
104
276
-678
-122
-571
325
323
-1273
1584
934
-41
391
-177
-544
471
2473
-1461
-1360
-941
-98
1001
-313
1212
-1200
492
-577
395
2062
1440
-1451
-604
1224
-522
643
-225
-352
-1173
-415
-1372
1846
-387
-758
787
15
-694
1300
439
337
-631
-987
189
-349
-442
-984
242
158
-1356
231
-128
-286
-1141
1792
-180
-1164
-1002
-540
417
-567
-377
-1114
-525
-2031
67
229
-782
1214
-476
487
1706
48
347
-1690
-133
1215
-1784
-1649
425
-252
-2946
-1316
257
-187
-1225
474
-1246
981
-515
-125
-1323
-575
1145
-836
718
1278
-921
-1239
-1329
398
-1821
143
1438
-736
-1
625
-495
-1232
-1206
308
-351
-1268
-703
761
-1748
1976
499
-599
-878
-835
-405
-155
389
156
-852
569
100
-1404
-647
-1785
140
-1489
-419
-1525
-902
1104
-246
864
584
-357
-148
260
-460
-549
-461
-215
-912
636
-422
-393
-182
-1993
-230
406
2200
1524
525
-702
-590
1285
846
-467
-322
513
1648
-211
-2102
1682
-598
-233
1075
5
1107
-1155
1060
-1398
1036
1684
315
-19
85
-13
857
1193
-55
825
-298
1026
462
1899
1354
-2296
-615
460
52
-122
268
-542
-253
-2489
-1093
834
524
-1048
-360
-2058
-431
1995
-368
-824
196
-278
876
747
-551
493
786
-877
-1384
-339
-769
-1497
-34
-355
478
-230
-215
421
1204
-1771
-1773
-1901
518
641
1341
-547
1012
-204
-344
-1167
228
-837
-541
413
-612
-597
439
-988
197
-435
37
-1055
745
545
-1442
2552
-1016
4
952
-631
-5
-1468
-1748
214
-330
807
-1257
211
-894
196
-272
1538
-181
-1631
-865
-867
-2074
-1763
212
278
1483
922
-639
-853
447
-690
958
1772
606
-74
358
-1004
-889
-1445
295
981
318
-449
-1600
-947
1848
51
441
328
217
-1917
834
-557
-77
-876
-462
1127
-888
-1118
2005
1023
-629
353
-804
166
274
468
1055
1876
572
-652
-537
-453
817
-1579
255
-509
-421
1185
-406
1044
-1564
-1152
107
578
175
125
-843
-101
-917
-474
1020
1012
2407
-382
354
299
108
-1692
690
-2523
-1975
2123
1775
116
664
122
-802
-776
936
-885
505
543
437
670
-944
-1121
-145
93
1430
1503
-528
141
-748
831
-132
916
974
-341
-729
919
1139
825
610
396
344
-959
-56
-57
-115
644
730
433
1388
618
569
242
-1516
406
-381
-290
-255
1235
280
1345
433
-332
-254
71
1027
-100
39
-945
-348
-1115
-388
21
-658
1427
-954
1206
-1316
-584
53
908
1529
1777
-117
488
-200
-481
-750
-788
-945
664
300
879
-624
-155
746
-421
-1083
380
-538
872
994
1604
193
1485
392
-1296
-472
1687
851
-661
-971
206
1312
1724
314
-705
-261
-2030
-22
408
-860
1584
871
191
-576
232
287
-1337
666
-119
-25
469
-1447
-573
570
-947
-1060
-495
1226
1121
951
550
352
331
378
1389
-1414
774
-265
407
-393
613
133
-1103
-199
-1353
667
376
-579
821
-668
1649
-807
-779
984
702
1186
-1707
228
3175
799
1678
398
776
509
-1849
-829
393
1540
-361
191
490
952
1699
335
-598
-1855
1338
-60
448
-889
756
350
253
-1007
-442
151
109
-692
752
-456
-1191
1136
-703
-915
-595
-709
-212
658
-201
912
460
582
-107
258
-88
-832
835
-7
-193
-2640
-178
-862
7
722
-282
-791
611
230
-1054
162
-800
1119
13
-1014
-57
-867
-408
-1261
-953
-152
-885
-231
500
1050
773
-1204
-1371
1262
70
-691
771
-557
341
200
558
68
396
1209
58
203
-496
709
1082
57
487
-134
-597
-655
349
-176
-1198
585
267
320
-278
-186
786
514
223
639
1129
1014
450
-1379
-186
-84
238
-583
1526
812
1669
171
-638
23
260
-963
-65
-199
90
549
675
-732
303
-103
-433
855
201
-523
-788
1135
-478
-332
-703
-323
-1039
-1368
1096
414
51
-149
-784
952
-678
567
39
-852
1825
837
208
501
-168
348
-137
-779
1053
296
-10
940
-999
413
405
491
663
505
87
454
4
-538
605
547
916
-493
471
-642
537
1212
340
-762
1057
375
1345
-1452
-1022
-510
90
-159
-136
1061
1204
10
264
-1953
-561
405
-320
1327
207
494
577
914
-331
201
758
-211
851
-1052
-762
53
-34
-805
-927
62
400
282
-1194
301
221
-427
-573
-232
60
1197
-14
-317
-1720
1492
394
1336
1000
1000
392
491
17
-686
966
482
1435
-174
1492
-49
-1989
-684
-1270
91
-438
1033
43
397
-1377
-622
3467
2283
-396
-27
828
388
920
707
-833
185
307
1935
-291
-1594
-1024
-680
-725
-36
-1282
-784
-643
1300
193
-894
-906
-35
3176
877
125
-60
93
606
430
-1770
-765
-611
266
239
623
-1100
1366
-96
223
-850
-487
126
-1744
-972
525
-817
382
305
400
-539
-639
226
-1272
-562
-1008
2890
-1246
389
-73
-671
2023
553
-1035
31
566
1211
684
650
271
1230
-203
1466
498
-100
-822
476
48
483
-764
-328
251
-359
-524
381
-152
-95
658
1506
671
986
1
-180
1079
159
-1211
-548
1876
-2136
-71
173
362
271
446
2276
321
1035
-1713
-177
-229
704
590
556
-1263
-504
-964
1037
-1541
-224
-959
-930
440
550
2183
169
1145
-1088
164
1122
-866
174
328
1197
369
909
507
988
735
1092
-178
-127
-246
844
681
49
-60
32
-538
-820
1209
-893
-290
792
747
481
-1354
311
-329
228
-436
-704
464
214
-192
-1599
994
1306
-718
-1676
440
-354
-631
-346
-2159
-2297
1169
136
1053
389
106
188
325
-864
-1225
233
-367
1073
126
-1311
421
-360
-58
-838
-473
-2030
600
223
1
475
723
2296
-194
2256
-496
-268
984
662
-962
714
542
-596
765
271
371
990
-843
-1667
877
1602
1446
-1490
1255
707
-724
811
-411
386
-481
-465
-1513
-524
-153
1134
-1286
-230
-1136
-1010
1030
1311
-130
-1253
808
-2090
-152
-227
303
-586
1552
-602
-117
-802
-1056
-1054
488
1108
131
1959
1124
-61
295
-1102
-987
137
-162
687
-1043
-95
-1983
-593
1019
1562
-27
-501
531
977
-1244
541
447
-1195
-584
891
508
747
336
1107
-653
743
-140
372
413
326
-608
938
-499
1906
241
36
-201
405
776
675
-138
-605
-1657
-413
-269
-925
1020
-694
-606
-804
2517
2208
1322
-364
120
-364
-1975
692
1059
640
-1105
1659
-519
-1034
1374
-2509
945
-917
861
311
-383
629
-1209
365
368
-68
131
438
-112
1129
-1643
987
31
-62
-862
1985
155
457
759
879
1440
964
921
-268
601
-710
558
247
-346
675
314
1076
471
-525
253
-205
-330
208
1238
-716
-436
21
1244
-491
-167
784
-126
1340
-522
810
2232
-497
-620
1517
496
-434
825
-1075
-1839
158
444
-569
-325
612
-1818
-1322
102
40
-1645
806
-5
-985
-160
980
-680
140
897
-367
441
304
-2101
-1072
1069
554
-1355
216
-1393
-606
741
-212
-402
234
998
-1648
-74
-145
-2
-1095
-192
-444
1300
-1456
-498
148
564
800
829
1002
-93
97
-100
1129
454
-1820
1351
-255
2259
1253
-232
-118
-254
1859
-53
1046
1061
-544
-83
-850
-730
-1328
152
-547
-691
855
1257
-742
2363
433
1217
-65
1850
337
-694
234
1758
-5
-454
1519
931
113
1529
1684
394
1639
-581
-617
-1800
237
0
1025
56
-293
259
-693
-1003
-697
-1574
-245
917
-229
-824
2066
-250
-580
-379
1149
1436
761
517
1149
-505
168
-1187
-289
-206
592
-146
-253
156
310
-1480
-426
594
206
-86
344
-1995
267
-1566
-702
-299
695
1412
1423
1382
-61
35
-67
-134
-1120
-47
1067
-455
-977
160
-1570
335
616
-1005
708
1317
-428
-1089
685
-907
-611
-542
-576
77
1131
956
-225
547
-455
-911
1500
772
804
-234
-115
-874
375
8
-1112
-1121
-554
-1632
81
-721
231
-206
-515
-1040
1450
-294
-608
111
967
331
-191
412
-787
-505
241
491
37
1400
-812
-1672
-187
-337
793
193
456
-637
1617
324
-198
118
118
-30
21
-520
-320
-1080
981
-498
429
940
786
-1103
-65
1235
-83
-30
38
563
322
658
-803
-848
330
-750
221
-420
254
48
803
-1422
-1184
-1327
-1136
21
-806
-1140
-725
-2247
1135
281
175
-2112
486
-242
-1925
632
-777
529
524
-547
-848
-653
318
-623
1681
981
-161
373
692
-318
157
-2472
-775
-1110
45
772
1461
764
1417
-559
-148
-849
1750
344
486
1262
903
1362
992
114
-905
-721
-646
81
1072
-867
-104
-877
-699
-484
-888
-45
-333
-468
-771
-64
-411
248
-954
-864
-1655
768
-1321
-1050
-70
-23
-59
-454
-130
1605
-379
663
2380
827
262
-408
536
69
-698
854
-357
728
842
-1111
777
-744
-11
-205
-184
726
17
-44
2119
-1446
1826
296
162
625
-1087
-632
696
-217
1909
-883
-2248
1133
-1317
1057
1137
-248
-1002
1456
-473
-562
-344
-547
-25
830
996
-1552
-176
224
1315
-228
285
-390
-335
1661
-156
-733
560
96
84
-473
813
592
-716
-190
-1022
-1684
-647
1282
815
-685
-823
1285
348
1071
-1934
234
449
106
400
336
436
865
-790
-37
811
-42
1179
424
895
218
14
-318
-755
-621
-840
473
-23
-1302
-1031
428
-250
-1897
-1296
1046
-421
1747
-188
-789
-303
1185
1045
196
53
-491
838
-202
-831
-79
-405
-383
197
-644
185
31
-324
-1425
-313
2015
365
-544
168
-12
-908
-364
338
-1260
975
224
-167
558
-1265
810
-27
-1298
-223
-945
-1820
-980
1013
-324
-2371
396
860
284
-153
-907
1389
315
-68
333
-299
-1084
1048
-501
463
1433
838
-631
-346
-567
-1119
-42
981
-1066
-97
173
103
-750
-336
402
-918
1276
712
2027
-742
31
713
108
765
59
-1582
-1546
-533
-990
1065
-53
471
-1314
1016
369
521
827
-855
102
47
-1134
45
-833
-283
616
642
-210
876
-1248
-251
-214
-1779
-370
-976
406
1337
758
-751
362
-752
1122
333
-799
-1805
-242
1290
222
551
1316
-1349
624
-4
465
-944
-944
-772
-110
-235
1157
-6
883
899
912
-1640
-1049
82
-488
852
619
-1248
-498
396
-393
-577
795
-729
980
-1045
475
38
-596
1608
-608
-939
-856
393
-1827
39
-802
-404
1155
1109
239
321
721
-22
-433
-1952
103
-1124
-607
-176
-787
207
91
-944
-1656
-2230
-412
747
-859
501
528
727
43
1507
-418
385
-846
-579
58
966
-1239
771
979
-242
-467
-834
225
669
265
889
-1239
725
-519
-863
-286
-383
-741
304
-628
194
-1435
-993
1215
160
998
-819
-25
1430
463
559
653
-1877
1699
368
137
620
923
1324
-1003
519
349
277
-310
-246
-1673
775
-284
2324
552
-600
1818
-1113
4647
-5021
1411
502
-4138
1681
-333
-3403
3489
-2903
-2840
5186
-3153
-3009
4251
-4810
2334
3221
-3053
2428
-370
-2935
3803
-1880
-167
2215
-2114
-30
3954
-2886
2714
-336
-3474
1248
323
-4506
3709
-1716
-2601
4921
-2644
743
4396
-4331
1879
2395
-2873
3341
447
-2620
2868
-2122
-2319
3671
-2212
916
1862
-4678
659
719
-3493
2915
1227
-2513
2115
-816
-796
2836
-2013
-321
2887
-3743
1571
2735
-5900
3382
1397
-3628
3468
-2539
-2938
2880
-3832
330
4744
-4585
918
2143
-4117
4172
-931
-2854
4148
-1421
283
5047
-3358
-491
3494
-3470
1402
2505
221
1270
-1123
949
-257
307
639
183
-965
-212
-1061
582
146
-392
-606
-1321
2235
595
-2136
1093
152
569
-574
1132
-242
1997
827
-611
347
-1639
1546
536
-416
891
-201
184
-504
-2571
-512
840
1144
355
536
-193
-2114
535
-3073
-1174
-1269
-515
430
256
-83
924
139
-2220
-987
414
857
-924
-540
-397
1700
-112
-202
1260
879
96
-911
-1659
459
-1710
272
-125
-263
945
-620
-920
-1867
102
-1275
524
-493
-100
-926
1729
203
-431
-96
743
311
442
381
-415
1086
-566
799
-690
531
-1468
368
-58
204
110
180
-194
-682
-2355
-131
-871
844
917
-961
370
-449
-262
-142
-87
-886
-112
-941
-338
-180
-1386
1236
-1043
-560
-970
-354
21
2140
-528
-900
-761
809
-198
-1574
227
1559
-298
-1333
391
-686
-273
322
1281
409
955
1548
-864
-747
1590
-63
118
262
-367
439
-569
852
481
1203
566
1455
603
-27
-922
-748
-952
468
-777
-839
-1710
298
497
-1308
-1450
603
-1542
-382
-622
214
-339
577
726
1055
-95
64
-151
223
1456
639
364
195
-655
366
2519
-2040
-16
190
263
-2021
505
197
1058
820
94
-2967
-613
416
-542
-1535
-1479
-481
1474
-1259
-423
390
630
-1994
846
629
-1226
716
1338
326
1521
1277
1972
-305
-335
-1180
1270
185
414
-375
383
236
1762
1022
100
-60
50
987
274
-1454
-415
914
-1175
-194
478
-85
381
-671
1875
1
-346
733
-408
-629
365
-141
1
617
-1336
-232
-767
-379
-651
1841
-911
511
-438
203
-1173
431
-45
465
-56
-114
77
-232
694
421
157
-694
-1144
-25
-1331
-272
559
-1546
769
-248
1922
741
-270
702
516
-97
-220
-739
-962
-1610
-151
-3
1144
296
-153
-591
8
450
-1621
-749
1355
-191
-601
-1848
-670
-614
572
753
457
773
75
1812
610
-300
-882
24
-1448
-90
-343
-500
-681
929
-518
1035
187
-2077
720
-665
-1702
-724
-596
492
-254
1230
763
-753
1179
-842
576
-400
249
605
742
1716
88
-457
1806
-146
740
-337
-605
1618
-147
-768
-1242
-627
226
-826
-636
-1062
-329
-822
561
1312
837
219
-1236
-1581
1595
1005
-739
974
1036
666
-1755
-1294
1032
-1037
157
293
-503
-1441
-153
-431
-168
960
592
-561
1237
742
-641
-866
-629
1255
24
-581
-105
695
829
-86
1394
926
-884
-657
-915
757
-1493
-130
-882
-1588
445
-269
456
-536
-2326
1427
-160
-154
643
-919
966
1148
-14
-621
-104
1015
-558
80
-518
695
-406
-510
840
404
-651
99
-100
-106
-971
42
80
2341
-1327
-864
1155
456
823
509
-70
-2303
-1493
674
360
584
976
-781
-1499
-361
-149
1485
414
896
-501
-318
307
-632
-767
-1572
-692
621
-1497
304
-568
-545
375
433
-280
220
753
263
320
-1169
-341
-278
-187
-1048
-1153
-235
3100
934
-478
-439
-1175
486
737
1253
-432
-803
135
-603
1740
782
1045
792
-64
-392
-184
903
-111
593
1083
-924
525
-100
-522
-148
-1321
192
13
1046
-1349
567
649
1011
-22
-414
-609
-558
389
553
-1576
12
952
-38
-1348
1094
1704
53
-472
1666
1197
-1775
-504
-728
-516
178
534
-425
6
-469
-998
393
2286
-603
-312
-968
1440
659
241
1178
-588
1364
-370
1336
-542
-1026
280
-1772
753
-928
456
-432
1616
-524
604
330
764
1002
619
478
184
-417
782
-1851
985
-772
-287
1483
1292
959
-8
-254
853
-743
860
-192
220
170
-704
265
649
-1188
-708
-887
31
867
-994
-184
-205
1061
303
787
-1044
2146
-1523
1321
-537
-929
-640
-1876
1381
685
-876
1328
909
-58
452
-1743
248
320
-922
1223
75
454
-1334
-200
-21
664
1435
-749
272
460
303
1415
1869
-1159
625
-699
-219
989
-131
1008
-77
382
-208
523
-1395
-754
-1710
191
1481
-1827
229
-464
597
-818
-237
303
1421
-336
1678
799
-698
-13
-364
-67
-2323
1314
696
806
-236
1455
-79
-421
-795
-772
679
-1579
2555
-1465
-1075
-521
1478
849
714
-881
-183
-1382
-254
-41
1292
219
87
-1103
-796
-656
-536
-1093
-754
307
-320
-1526
244
-43
838
913
125
-688
-606
623
-148
1244
-245
-845
754
18
638
-1071
-874
-847
649
282
890
190
-744
533
536
650
613
180
303
-1416
672
969
-455
191
694
-75
412
158
847
77
-596
1843
946
1185
-137
-657
-124
138
540
638
954
-583
-511
-39
1296
643
-295
650
-843
-49
-423
-770
44
1522
610
-521
332
-386
-958
860
-252
-1747
-717
-69
-461
106
-67
-269
681
1321
1488
794
-1270
411
-837
-811
870
-456
-1273
38
1107
-848
96
772
-1590
-18
-1325
709
-989
-476
218
-771
-249
668
2116
93
-190
-1021
-1078
446
-327
525
570
1721
-2075
366
-63
-564
-321
921
372
-787
1708
310
-1465
-88
749
-284
-216
1047
-1414
115
99
1318
2166
-1659
482
62
-1121
-375
-957
-2003
1164
966
-2326
631
687
-68
37
184
-107
694
67
997
-363
-411
727
-1530
-1223
938
-470
-30
-409
551
749
412
761
2029
-1380
-694
193
-245
740
-158
-786
536
308
-1321
1343
858
-2237
406
-1795
456
875
-235
145
-145
-1035
1630
-325
-511
758
197
-252
1061
-563
1200
-1866
19
1552
-1228
-1214
385
592
-270
1303
-658
580
236
-647
1044
331
-583
-1097
-1622
593
-720
1791
623
1317
1044
-502
-1527
-507
226
-1347
353
682
-452
-2498
460
657
44
-509
-276
121
-211
-491
-240
915
-75
455
-458
1576
1467
767
629
-304
-586
245
826
-478
304
-628
54
1387
217
-14
207
268
913
854
1978
-177
-491
588
109
-324
-725
664
650
-1640
-530
-979
-848
-147
1901
-824
72
-335
-147
1110
-586
185
320
-427
87
-1474
563
547
-193
-1224
1958
8
-384
-570
733
-891
909
-1217
140
1023
301
-1140
522
178
876
1082
588
1148
596
-511
403
-958
256
153
1757
929
297
814
-2064
880
676
215
-833
511
-1522
-1065
-2534
217
-45
646
-1974
-163
671
372
-248
-2304
-788
455
-1874
719
-182
-535
-323
859
-736
903
67
-1480
1130
50
-1083
-889
-836
-849
-207
525
-208
-995
905
-178
2044
-1019
-1241
-1236
1068
-476
-742
1955
-311
362
-1196
619
-405
703
300
905
1033
-391
-838
520
-479
-696
1759
136
-184
-51
241
-1718
-1135
-342
421
717
566
-665
-1005
1150
1287
-73
-824
-1200
319
-264
-212
1
360
803
704
-576
-232
1340
-1336
775
-275
-460
-104
-449
-325
110
1050
146
-142
805
-1647
65
-621
-422
-694
1315
461
-3118
27
990
-1481
-13
50
24
118
615
-575
-1599
-84
-696
-176
-732
-1080
-167
-802
-98
234
-1202
191
927
-1264
-715
-92
-731
-761
-321
434
373
448
-948
-1200
614
-885
40
-626
1232
323
-249
-162
593
754
-503
183
-725
701
-1885
-734
-733
236
190
-530
572
-1244
-567
1608
-520
-608
2423
990
-46
503
1213
-666
10
-204
-976
-87
188
-1768
220
-344
-563
1047
-1304
493
766
-1621
-682
1342
-247
1972
-1879
648
-959
-567
3050
1582
881
520
-626
842
-1808
-256
1037
422
432
372
1128
-1953
223
-398
1179
-742
-1103
786
603
504
198
-81
1589
858
-2288
-1846
-32
-341
798
430
35
-329
1126
983
-869
-1863
-678
359
444
1652
171
91
-1565
-828
408
412
0
1612
-1499
-40
846
-462
998
1828
328
-1313
-1649
474
-257
84
181
1151
-2074
-291
410
-107
32
-1716
-548
1236
-101
-205
557
-598
-612
12
128
395
1527
-238
1534
1189
-1113
-1784
932
-246
-1726
884
478
-1209
1877
604
1675
370
812
1136
690
1069
-1381
-2256
5
610
-418
-866
-1209
-430
-302
-561
-32
-725
-308
734
-492
129
-55
-905
489
1455
-481
345
784
-575
-419
-521
375
379
529
-559
24
71
598
868
-763
-288
-662
-155
36
616
-213
329
-1525
-370
357
1195
1383
-1885
161
661
-1166
404
890
834
375
-407
-444
-523
-1101
-817
164
103
349
-1835
-1161
270
-783
833
-1373
283
323
-1009
676
-804
1870
-101
-50
95
-552
938
-979
-454
268
98
1501
337
-1071
-866
679
-369
-190
-93
-153
-353
-70
734
-1002
643
-907
-208
-712
798
59
108
-470
1397
-1504
-138
-150
-212
-756
-1051
559
-2059
750
564
-202
-920
1285
833
-67
497
490
1886
-70
-291
129
1709
506
-376
1673
863
-2038
384
-2090
-769
-145
340
38
6
429
-352
-94
606
-1676
1245
-1832
915
277
885
526
675
-693
-255
-666
-918
-1112
434
349
-170
57
-1139
-633
528
314
-633
-212
40
388
83
-845
1691
777
682
-1507
-205
-324
1109
-2
-171
732
-1523
-813
276
-101
587
-452
1574
59
1233
-889
-1729
79
1211
211
158
-331
-440
585
9
904
39
-52
-707
1154
354
889
-1586
-1562
960
338
582
-1448
-1217
-737
-782
-529
822
-1005
588
35
-355
-23
384
574
1549
-127
-352
-389
-493
630
-909
658
1995
-204
-528
1418
-215
-1253
-435
616
-29
194
103
798
-1277
611
567
198
238
587
-38
-1042
1158
-121
484
448
317
545
721
148
-232
692
1603
455
62
850
-44
-1417
-1363
151
-455
-1456
1051
-1110
-1897
-335
-851
-755
-2003
-1624
458
-9
-601
-113
194
38
83
-386
382
470
369
1229
359
368
360
331
-2553
-1357
1591
733
778
-1189
-336
137
595
-779
782
760
-830
920
644
-260
-129
-1119
-832
84
1006
251
191
398
-1361
-1723
216
-1375
-422
-837
-815
1284
1628
-1237
448
-109
890
261
1073
1446
-444
-399
71
48
-513
-92
604
48
-337
-728
-418
-661
-582
1002
2163
354
1004
698
735
-315
1221
40
-344
-399
2112
-732
1103
-39
888
-1606
-1015
-1389
173
772
78
-379
294
-228
669
-996
-1359
-706
-835
-198
-226
-222
633
-396
-308
854
460
-488
565
-316
380
-277
-98
961
1874
-155
19
292
543
-1074
-1397
95
-1141
-23
376
2104
257
17
1253
87
74
-1522
1284
295
163
183
-1761
-145
1748
-435
1943
-141
212
-141
-564
-190
-679
683
817
1048
2157
-279
270
-941
-1343
2363
102
1067
88
862
-1184
1275
-261
-373
-2095
-187
-579
-335
-336
-648
853
711
970
1245
268
-43
335
-218
-395
1582
-15
1182
361
595
-1016
-33
-325
-565
-740
-646
1302
2514
-200
1066
-73
588
-51
276
965
250
507
853
1096
-220
193
990
-1827
-400
483
691
-428
-1357
-1136
152
-1011
754
683
-1880
1236
377
710
-445
-1840
1446
228
-74
-1167
-158
1510
1023
-449
285
-557
672
901
-596
-512
259
909
192
478
-319
-803
504
-709
849
-639
-150
602
-59
490
-1083
-274
-2408
-939
46
533
321
-193
1330
-283
-559
-1196
254
-680
1158
-1466
785
-2078
98
901
-1807
-203
-1732
-591
-326
784
-568
1568
17
158
-188
200
-940
880
580
-283
-172
-127
1089
356
-1374
-1513
-204
1953
-1725
-595
1709
1887
-104
640
-43
569
-180
411
-942
-937
550
40
-73
-858
1560
-792
329
677
266
2164
1240
2187
249
2126
1661
174
1506
246
-1440
1374
-91
434
-1636
340
-594
743
-825
-1004
292
113
-646
-154
38
-589
-178
-447
-691
1221
1340
-1229
-507
765
493
-437
722
-477
-1380
-339
-214
-314
728
515
-348
-926
-783
-428
-1402
1250
454
-30
-29
-28
-2301
244
-130
-927
200
-332
-301
355
337
363
-1229
334
-2163
-231
-772
-93
907
-491
-570
816
-1496
-773
-804
1245
1353
90
492
-1105
-775
-22
447
1519
-1235
189
1700
-1081
-323
-246
674
-347
-660
-2288
893
646
633
4
-1466
1045
1680
-599
-1316
306
99
1228
-683
-482
-2537
-1023
718
-1050
667
-3
1359
-278
1053
-137
429
-429
-744
-1771
-756
-237
-521
-732
242
745
-1717
-617
1126
1104
630
332
157
-365
5
485
84
-421
-1194
-335
-1798
-501
128
565
-1352
-1630
-1021
-70
891
-190
419
-573
-274
-27
-71
69
-1622
-1384
252
-310
840
-445
603
-149
-904
1307
1953
-998
112
97
-56
103
-276
-290
-1025
-464
-252
1279
-1003
-792
-50
63
262
1003
-806
-474
-2294
875
250
-1308
-702
-701
69
-209
295
-295
1848
-1021
1016
-1294
455
-661
165
-1275
-4
769
-685
-364
571
727
-263
-185
617
-1481
1313
-740
919
959
-1066
1532
-611
283
-288
-730
250
-198
232
-3047
-67
776
-447
673
-287
-988
992
-620
-207
783
-292
379
-680
116
-311
-723
273
639
598
-1720
273
-651
-1005
-647
1261
2431
-629
836
221
-412
1390
-361
-654
-1027
1490
-675
864
-460
-1623
-997
776
-952
1050
-282
-1305
-31
-254
231
-1000
-1643
406
581
-2843
206
1153
574
1094
853
640
242
-831
949
4
681
1396
-1170
1455
1005
-1824
484
-255
-1677
-1358
849
368
656
-403
-2848
-253
953
-879
-584
-403
777
509
260
145
739
1998
680
346
1119
1056
304
2
596
505
-984
-1307
-436
1123
-53
-2188
-1
236
687
-1535
-1013
-558
481
27
-421
906
1456
-651
-1110
-372
-1039
600
-1121
412
-310
-355
-444
232
1314
-1996
-167
-2200
-2209
789
298
-810
-304
1112
223
-667
-172
81
-340
1166
-434
-582
-441
-477
1628
-636
-2
784
-61
232
-336
-1649
-1053
485
300
-409
-17
1162
-390
-994
136
-292
380
2468
533
75
878
-1709
1147
159
-1459
-263
-3532
85
1561
78
-794
502
656
1565
982
-247
906
-118
646
-308
-1401
260
-757
491
-480
893
-938
1475
-750
39
-89
-38
754
1047
-207
506
1
600
858
1062
978
-244
-177
-1634
500
-1193
736
51
-331
874
338
-422
-225
490
1216
-844
-1079
-517
644
-2255
-1350
-1020
-1239
-620
941
-274
-346
-1219
-578
1110
-13
-1536
904
1254
330
-236
1102
1324
-415
943
489
1294
960
-559
-752
1599
-1148
-701
-502
-1164
158
525
466
441
81
-126
238
50
1155
-128
855
744
446
-791
127
681
-1547
177
-196
-104
851
935
566
510
-646
1031
1007
-2920
1951
-3562
2726
1907
-3826
3572
2
-2995
4652
-2123
-1549
4559
-2486
555
2170
-4332
1352
3582
-3485
2796
-1706
-2818
3341
-1681
-2787
3076
-2360
-1253
3799
-4688
1306
1141
-3216
2866
426
-2602
5073
-1272
-87
3434
-4330
104
5412
-3652
4040
1621
-6079
3230
98
-2731
4007
-1961
-1297
3781
-3119
916
3561
-4260
958
1877
-4339
2239
296
-3486
5230
-2099
-2099
4642
-3766
282
4033
-3255
2332
2246
-2805
526
2801
-2552
2943
-1523
-1520
3690
-1547
-1230
3130
-4133
1851
2662
-4634
3757
-1115
-4267
5339
-873
-2478
4096
-3431
-529
4308
-3744
517
1672
-1793
-817
-1707
-592
-1015
-218
-1488
826
-12
-32
-588
1045
-752
-169
-261
-134
663
-1089
-685
882
699
1712
253
937
-689
1289
-131
-615
282
411
184
1461
-1162
-402
-750
-852
-13
-1036
-593
-195
-1165
1214
-1034
-696
-1350
-1106
432
-1676
-994
-154
-170
868
419
249
-1331
-210
-87
-107
-195
2415
1041
-262
732
-23
-1681
334
883
1213
-623
-312
599
274
899
-28
-1907
1874
171
729
-278
1122
-1644
-469
1581
-40
226
228
-8
1119
-408
-1088
469
-106
-931
872
102
1518
-792
299
1649
696
633
-230
1398
487
395
1122
-658
789
230
342
-1550
-814
-552
-492
-1305
-895
451
1068
341
-1725
-84
82
-79
-1652
545
1106
-765
-2095
-328
184
-482
905
-270
-693
1124
-491
-475
-1023
-791
87
-901
2245
-606
334
57
-983
-1076
417
-2712
-157
-294
1052
1132
-257
-131
85
2102
-1668
-471
1734
220
-77
186
1822
218
1045
203
-245
4
575
318
-470
512
-241
199
82
-1008
734
587
-1180
1383
232
300
1351
597
1540
1678
-427
671
174
471
699
1222
479
-16
-97
-547
-1898
225
48
1736
-591
664
229
-443
-31
-1917
1308
-11
-1028
1607
251
-760
73
-333
1207
-901
1124
210
246
-1807
-815
1529
679
-122
627
-688
1318
-195
-284
275
-503
-866
1411
599
-134
-274
563
1467
667
-1496
-77
-528
-467
-406
-277
-561
-1197
-168
-440
714
59
1117
-1364
1193
382
-504
-412
-58
-1217
1180
-797
684
-448
1481
664
-638
536
1389
870
1147
752
524
-184
387
-270
131
55
41
-1227
-1209
1321
-219
-372
-1537
249
1149
-155
955
-206
-823
1319
-135
-218
590
1041
386
-419
571
923
338
-1166
70
-653
1485
677
-1334
1048
99
786
312
-2122
-786
258
806
139
-1473
-732
-407
318
-918
-1869
652
523
1084
86
138
656
-550
156
990
-209
354
-348
1016
-754
518
38
1453
2154
561
961
15
-276
727
172
-233
-461
-981
-1263
-516
-1545
70
-1467
1855
-1109
-542
-250
-795
416
50
-1301
981
686
535
-958
-507
-1400
2
-980
536
-135
634
989
380
-1754
-1001
-370
-442
-503
-1201
-240
-1028
293
854
21
-289
-1022
-1064
-1379
2047
-1075
698
1028
2075
-501
-571
-614
819
1579
2729
88
210
1105
1447
-846
-44
-1939
-8
-65
738
-1884
1424
1157
-1486
458
-1081
1672
388
2001
-790
828
503
-481
598
902
1475
323
-7
-1690
534
-654
1619
914
-59
-1799
983
1757
-283
1026
382
632
-1387
593
1271
-300
1
535
-823
1105
-710
-1501
296
401
74
-319
116
386
-946
-502
-681
-822
1458
-673
-79
1329
611
-27
362
-607
1043
-113
2115
-961
66
-1038
635
855
126
-1506
1132
44
860
-517
1993
-252
-749
-745
1659
250
956
-1322
-80
86
-1159
-236
1307
-626
-402
558
147
417
163
124
-149
-965
899
283
1066
-1119
-793
251
450
427
-1516
-1083
-55
1154
-80
-1631
-648
-1451
795
-358
-567
-925
1323
-498
-1255
1703
-152
-186
-1044
-483
-1484
-358
922
-2539
-731
280
435
-902
82
2978
-1147
-1286
100
-88
-471
-708
-21
910
-277
-1308
-152
-908
-61
-190
1048
-303
-1125
53
1132
176
-696
-1044
121
-13
83
-1923
-724
-1679
-1035
294
-2887
1070
515
-915
-695
-357
573
-659
888
-424
-432
995
-633
688
-682
-1831
-1950
-378
323
1687
235
-775
-491
-1446
1664
387
710
-1728
-510
296
-430
-203
571
-401
244
-580
1542
-823
-390
-1192
248
-557
667
467
-1589
-450
675
-325
845
-1030
1886
-568
-1282
-795
1442
-1144
-2249
480
-262
677
-849
-489
193
1138
64
900
-1213
1217
-487
104
-592
2259
-1245
380
861
2253
933
333
401
-293
1164
558
-865
1913
-575
1014
-1315
1302
-372
400
1092
-1933
-745
35
-1265
-697
-727
741
-383
915
-255
414
3
-48
1381
-681
546
-815
1084
-841
-692
131
-600
-663
166
-1073
-315
1504
146
-1203
634
-2244
198
258
444
-256
-225
-714
79
-157
-58
-1773
1066
-263
-247
-223
571
-603
-1284
-1150
216
774
810
281
-271
-125
703
-60
-865
-46
-955
700
433
-871
-513
716
-2052
637
-1163
627
567
635
1757
102
-1551
-387
230
-10
-363
-1108
-249
458
-68
-1040
-301
-545
-804
352
-350
1895
-35
-345
-359
620
1076
-263
-1037
943
223
519
-448
-70
-459
133
-1914
-1161
-769
-1824
814
1323
-2211
1238
0
456
200
1364
88
-1323
736
1062
-506
477
326
-47
1836
515
426
204
-622
287
431
-637
-330
859
-237
349
220
-801
-716
-222
143
223
-871
70
-485
-140
110
-1075
-556
-1191
455
304
376
227
681
-1022
901
454
-677
1711
-666
-992
-1193
586
1409
644
1025
-1885
-955
816
608
-1612
-268
-826
1599
426
-662
155
-67
599
722
-1803
1570
446
385
-246
-789
1245
361
879
-323
412
997
493
-563
-511
22
-1085
717
88
99
778
-293
-351
425
274
222
-211
-1261
118
196
2487
199
-222
-417
-591
-796
-2015
-68
424
-896
-503
-793
-215
-179
1477
641
-80
-1057
-1263
307
-1235
-1398
930
713
-1745
447
154
1090
498
-905
380
-1076
203
-590
1272
-1024
1370
-988
626
-1029
-1324
-226
743
-483
958
140
1546
-1277
-779
223
-682
-590
-1451
-759
-597
1191
342
366
-703
-566
233
-193
103
-842
1337
40
-627
164
624
538
484
85
-254
15
934
-277
182
-1055
-883
237
-175
1751
-157
96
-1323
-291
-432
64
-368
85
-659
-565
298
-1226
-1313
-1481
1226
512
733
-166
300
-170
-1919
-551
-539
1218
-516
-479
-368
1605
406
-1558
123
-1148
669
-25
317
17
-833
-472
-462
311
47
255
-1415
1556
-719
674
-46
663
-416
-1256
-279
-603
-409
-1096
-164
-226
-679
992
429
-64
-927
416
767
-669
-1141
-140
-301
282
569
84
366
734
149
673
-496
229
-561
-1194
52
751
47
-814
1617
662
-501
-1309
-472
-1699
739
-318
16
824
-677
-78
1839
667
-572
1298
1904
1486
231
949
-207
103
697
-2
-250
969
-595
380
395
880
-254
-1663
2207
1090
1126
559
-36
-843
102
-50
310
1758
-731
-226
-798
260
-1959
-543
-145
1100
-322
-445
-2177
-432
3794
-585
1212
1009
-911
577
792
192
265
-584
-566
1786
1974
-415
-472
655
-222
183
100
-577
-217
766
-781
432
660
-420
532
-256
-81
-509
497
-274
-662
470
645
21
-802
219
398
-1622
1150
-1089
-2317
101
-57
1516
-1158
-744
577
-907
-647
-1366
22
1606
-1443
215
566
781
337
10
36
1597
729
-897
451
-161
-548
926
870
67
426
-367
189
105
835
-759
162
-218
125
795
-39
-686
-230
-156
-266
765
183
-618
-667
-1352
-786
-1085
-16
-188
-910
537
51
-454
480
-40
146
-919
2387
-962
957
1533
-364
-1099
-505
-1051
-628
470
230
926
-752
782
-248
-16
-721
370
-188
-656
439
-402
364
1171
252
1244
646
514
-1747
717
-904
563
-751
388
-576
-3
-598
-24
28
945
148
584
1224
-150
892
-917
-126
1096
-446
-1105
316
-1606
145
1472
110
-611
659
1015
-380
253
-1209
-260
-1447
290
-461
-160
813
75
597
-704
-58
1271
-2035
-298
777
-448
167
177
-522
378
-267
-896
564
481
-1630
-371
4
-809
1575
-2638
-1664
191
352
-737
1434
813
453
-1288
24
-1202
531
1239
-1164
-1044
770
383
894
-748
2601
-732
-702
202
1700
-623
37
525
346
1257
-285
-492
1134
-192
238
890
-14
-950
-494
-12
2
-12
183
-197
-1788
-1783
177
-215
859
-293
-230
-439
-736
-296
-1965
-87
598
819
-235
-969
-299
1366
-235
-192
212
-1301
708
1343
-337
-851
268
1049
1454
2150
-677
-42
767
-439
-521
2306
-311
361
-719
2032
-488
258
884
-887
334
-677
-1854
-133
844
-500
221
2475
905
1140
1321
709
467
-1262
319
749
-2386
1090
-136
1184
-1087
-1855
-290
205
-2183
-190
985
1366
-252
470
2430
-589
541
377
825
1324
1594
895
-938
149
750
-264
-1597
226
243
390
-195
-575
284
-555
1443
-858
460
205
1571
-673
731
684
570
397
-269
-1908
995
-1824
1091
878
-469
2010
-1248
566
395
420
2208
2763
-1170
1366
1112
1060
680
1382
-54
-226
-58
1018
-1025
-138
-32
238
13
-1118
866
-1291
2516
909
-2385
86
379
1443
-1317
-243
-1282
754
255
298
733
308
-727
-352
-938
-271
-1804
-812
-1112
-1617
726
2065
-115
111
9
675
703
-835
909
505
-1689
831
533
-44
-1432
1716
136
-544
-941
-1242
-52
916
789
311
-6
-1603
726
-229
224
-396
1179
1582
1781
4
-19
-2280
471
-1111
-619
-1453
314
-267
-351
-61
2062
810
87
-874
-577
1681
-1178
-552
61
-544
883
1182
126
972
-271
-1176
217
460
-113
-796
-815
-624
167
-342
-1933
-14
855
605
1463
245
-151
-1361
841
576
225
-689
-273
444
-563
-95
-1715
-826
-1009
-1250
1449
160
-262
288
933
184
-2096
-662
25
-557
1530
638
-815
-953
375
-454
-891
-675
504
599
-179
1178
-17
165
14
1002
-1396
-48
313
-199
-864
-130
-477
532
93
1101
24
-326
-950
2081
-1970
-675
497
935
67
1232
-113
177
344
85
-878
590
-674
1709
2007
51
-937
-1180
-647
-570
-982
-1228
-263
412
267
-281
-86
-177
1329
-68
-608
-1050
1557
86
799
277
1146
-1550
-900
-1416
106
311
-1529
-969
-346
-559
-502
1160
245
-1217
-237
15
350
-430
1315
1130
-161
-1439
475
242
-2060
88
-84
-787
479
783
-68
121
873
-1136
-953
466
-263
-235
-189
944
-442
481
552
-1745
-179
652
-11
-993
636
-588
46
1984
-1490
-2139
-559
666
-165
-406
1505
210
-138
469
79
593
644
-275
109
-559
-1731
260
-270
-122
2266
-309
1017
-1077
-1055
364
-1544
940
-400
-436
1368
-826
147
-322
-886
424
871
1300
253
109
-1028
1687
354
784
493
-319
-1749
-747
1139
1088
-1755
334
-2201
1048
-107
267
-463
687
928
365
-940
-1572
174
1775
540
592
-784
-31
51
-1165
-821
-542
-177
-346
-1633
898
-789
-424
-599
-1025
821
925
-423
157
661
-370
-249
-824
807
639
-902
-1497
-970
-235
-176
745
-2390
773
1363
732
-1304
647
-559
-435
-1738
880
1693
-1406
1195
1133
868
1603
-1169
-642
166
50
175
633
-910
1367
-413
-312
-403
-1808
-1317
144
-1327
-257
-272
-173
22
-252
-1414
261
1562
-721
1128
-754
869
-688
858
-123
619
212
219
746
1460
-889
425
1214
1821
84
1684
-523
615
791
603
147
1397
1029
-185
-1454
556
-413
835
660
-424
-1090
179
1172
-944
-425
554
-748
342
-195
857
1376
1251
-494
-546
-421
1811
1902
166
-319
-348
-1339
1258
1459
-270
-250
22
122
-729
-1791
-952
1017
784
-527
689
360
1450
-580
935
-1135
415
651
-962
817
600
-173
2029
-506
-1381
-394
781
-107
1197
-208
-615
377
257
491
-1466
496
988
1114
2053
-654
-423
142
-69
-180
377
-320
-1100
280
-1153
-1360
-800
-513
7
1061
658
1347
435
-1197
420
742
-1926
-895
1031
435
-924
-1666
-185
337
11
432
611
-1247
1427
146
-936
-183
445
1536
758
-1079
-1409
289
-414
-890
253
-226
1234
-792
-432
88
-790
1938
-680
792
521
66
-1167
-26
379
584
686
-219
-199
2440
217
501
-1605
-1123
-310
1047
1304
-902
399
-362
146
83
334
-197
1804
-965
76
-33
-947
-243
-334
-598
-680
-226
-208
244
-1323
2077
-999
4
915
2489
164
-868
-254
924
-1219
-231
220
445
-233
124
-60
328
151
-1179
376
-264
1548
-1054
-311
-275
249
289
-818
-878
120
-636
-29
-440
1505
1242
2166
524
-2082
-1049
1177
-106
-648
-1417
607
42
-572
208
1028
-552
1450
-266
336
451
109
-772
1995
1972
-237
678
-1768
-18
696
504
400
36
-574
-2092
-166
2222
777
-1370
-761
305
-1498
1366
-334
1341
-804
77
-2056
1915
128
-833
1179
709
-1304
-314
389
-968
265
386
-175
638
1161
138
1236
1116
-940
575
1475
1376
-458
707
1010
-831
1128
-1453
-2
724
317
1080
1248
-1568
-1302
-711
880
-1022
-176
61
-631
-1010
-1831
-1407
-1420
-1419
-544
-1246
799
694
1374
-719
-945
-924
158
924
-185
-1111
526
1476
-41
-82
-1607
868
115
942
1450
443
184
-918
555
1649
514
367
283
-391
99
273
632
781
-859
-828
-798
-1563
-272
90
-34
-1585
3
-521
172
-1170
1870
-835
-587
1572
-1702
-290
-81
-985
1634
894
100
251
-463
1729
-579
-295
902
-250
-715
-462
396
-880
65
1641
-445
543
2152
284
1214
804
26
-1330
486
-1719
-501
-198
-215
92
128
-579
-640
-539
-862
-208
-76
546
79
-492
1615
-92
-606
-771
-35
1152
195
-1053
-844
-1146
1012
-494
2428
309
1061
-23
322
-595
-1245
1034
2492
-497
-885
-294
0
-1261
-853
-42
-1037
1905
154
-374
317
188
-553
1072
-1810
-539
20
-302
-428
882
-837
568
-486
-1064
-476
1450
199
-400
891
-435
665
-1877
1762
232
-25
-566
-1088
-1
862
-1276
-385
388
847
874
505
1706
533
650
-1768
-530
96
-79
1437
391
-769
-1449
-339
207
99
-968
158
-246
1592
-238
767
734
1609
437
1108
504
-659
612
-508
98
1447
-1509
432
-340
985
-594
-677
1002
-764
-511
160
2066
356
412
777
277
910
261
1054
-286
-928
-671
-1154
456
891
311
-712
-361
979
116
-595
278
-365
-892
28
293
607
755
-960
-759
61
-307
349
5
-441
-2041
484
-901
1332
1007
193
-353
1115
268
-392
462
-590
-656
-626
-288
-715
419
-712
-242
684
626
773
842
-347
256
-734
-686
615
190
807
-727
380
-298
1116
1646
0
-480
865
295
1064
-443
-477
-238
1017
-1471
736
816
585
-513
663
1312
-2145
-76
-333
-364
386
103
105
-556
-997
-1266
-83
-1088
-262
1227
353
634
336
333
1215
13
-818
8
535
159
-1216
1661
-3229
1889
1971
-2487
3925
1371
-1207
5486
-403
-1265
4877
-3798
315
4689
-5868
720
3267
-3715
2002
415
-5249
3063
-1616
-1704
4360
-2993
-587
3098
-5739
1050
1938
-2642
3693
876
-4091
3195
-2290
-965
5560
-2853
-86
3841
-2588
1960
803
-2848
3652
1807
-4073
3417
-2954
-1441
4585
-2902
366
3415
-5483
1613
2839
-2869
2207
-916
-2344
3154
-2323
-755
3111
-4580
-2371
3288
-2482
207
1186
-4409
2825
904
-2343
4760
-1953
-1188
3306
-4582
32
3164
-2948
903
627
-3772
4150
-590
-3419
2879
-1765
-2843
2597
-4131
-1217
3453
-4283
1694
1889
-966
-266
-852
-628
417
-2727
165
-15
734
-307
790
-703
-66
-1245
581
154
174
1777
-706
1513
-232
-158
347
-1782
215
-584
703
-190
-514
741
1811
-172
-1336
531
-433
-82
-441
714
-1453
585
1309
-168
2374
3021
387
835
1814
-1331
328
-1084
-764
555
-511
348
-628
-669
-1370
-123
27
-11
-542
-923
24
-469
698
547
-246
551
-854
845
-194
-1154
1931
906
-1453
311
-1398
2005
257
-1169
-1051
1693
-557
-595
-752
472
124
-32
1072
187
146
-714
-1020
-1390
-796
1700
394
581
569
-501
449
129
-522
-70
146
94
194
745
539
717
176
-1471
-509
943
750
-20
864
471
114
435
-1638
1491
771
682
1994
576
1219
-1625
-870
-58
-353
157
-394
-75
-68
-1127
155
1492
56
-558
-1029
-515
-61
-285
-536
-708
725
-1030
719
-79
-389
-652
-249
291
-92
-138
-552
1595
-1017
-1167
-1199
-12
-1148
47
69
-200
630
10
832
-1002
1594
659
-1016
-1152
-138
871
1287
552
876
-902
-82
-558
707
501
-1029
-82
-127
-247
241
-605
-842
-1481
-263
-293
-1790
912
497
845
-1292
1641
184
-526
506
-35
-646
-312
118
-1106
-1674
1059
43
360
-988
-103
-1122
-1132
-1188
-193
1521
540
125
-2080
-368
-437
-900
-1030
-1540
623
964
1224
-312
-186
404
363
-320
-294
-1628
1045
-330
147
-494
617
362
159
1024
-406
-2
-456
-323
-540
-817
2408
-344
611
369
-1803
1230
352
-248
-1215
-939
-232
-399
-1939
-1362
1100
679
39
-957
-344
355
-129
633
-672
97
717
-845
85
2296
991
-536
810
-20
253
215
811
1248
-853
1203
99
1169
398
-1968
-248
-830
-684
756
1050
-1723
-1502
799
-310
-196
-1582
673
2444
-625
-1581
-1662
-404
-629
503
-267
-20
120
809
-422
451
-519
-981
395
-568
442
-1738
18
-546
58
196
346
90
-672
2124
397
842
-325
-695
1029
-248
-675
-264
577
-77
-631
490
267
618
2001
-1035
-730
102
1342
-209
-1124
-175
-67
1369
-906
443
-883
-1215
-637
-433
-232
-17
286
-2112
-653
-1242
-817
-1260
235
-104
1111
395
1310
-943
1986
-714
500
-1774
-445
-373
-47
-633
-1557
1004
-412
-45
1788
770
-314
174
436
512
1471
-1046
-908
-633
894
-682
1322
830
36
-64
215
1333
180
-516
19
18
-324
-462
-893
-1126
881
362
-132
721
-2189
-293
732
-360
-2120
1065
663
1175
1015
-590
165
-682
1328
-264
-105
-548
-836
-251
-208
-70
27
-8
-599
418
-1707
-397
-75
-48
-317
1005
740
199
1133
286
686
-116
116
-962
-269
-1250
298
-136
-1650
-742
1351
1779
-127
627
-224
-1896
916
-859
487
-293
-21
-351
-871
1654
-213
240
-119
-157
2050
317
446
1
-1527
-419
-1300
446
-1350
-668
373
-1442
682
-936
273
-215
1045
-247
142
-266
592
832
-294
60
-52
1407
-131
784
-643
563
-811
2750
-244
-888
-1074
-660
986
-957
-93
539
-1433
-1138
-202
-1556
1538
-250
1135
-84
-124
2119
490
-316
755
29
977
-616
-2507
154
385
-1136
773
1416
-1422
-1010
230
-1601
-713
681
-823
-1893
344
680
618
607
1000
-31
-831
1724
304
1615
738
-1362
414
-78
238
840
-1295
-409
-312
709
1045
1916
-1297
-350
-128
-2604
-1683
-1612
1095
-1422
101
-239
752
1550
1541
896
-808
-1406
204
-208
-1057
-1754
-80
-295
-2622
1023
1181
1188
-279
1645
-426
118
-161
1826
745
-535
359
544
-412
-604
-233
215
1342
-516
-1028
-91
-94
-518
1032
-226
-1431
-192
627
928
359
-1489
1402
771
1166
-1524
-511
4
-863
542
-2014
253
-81
2857
226
-586
1648
-1405
1329
515
127
972
333
-243
55
874
-161
-377
-685
1054
-696
-383
-611
691
-861
-1940
531
860
-1124
673
1077
899
-1529
-1076
-350
140
-126
-431
-422
295
-711
-1257
-241
-998
-668
-1525
93
1079
-404
-698
1644
120
-163
74
797
829
385
167
248
-89
-283
-679
641
-420
83
-691
781
-812
-879
-657
-19
9
-872
-818
298
345
1028
-463
205
711
-505
-1101
267
-170
1106
-63
879
-367
534
1404
-2515
150
341
-15
686
-126
-289
474
1320
1255
-1138
93
486
126
-1960
-1602
62
-603
536
109
-1669
1034
-405
-242
-1523
-837
-438
-1199
715
1160
201
-1883
464
193
-1132
1627
-25
424
765
-132
1388
219
-2229
20
-1570
-2001
-1898
-1101
-189
-757
-1523
2401
53
1100
864
283
837
-1014
100
1051
-880
1463
-1052
1160
-149
88
636
-158
948
264
229
-2072
1697
-520
718
915
1744
-972
-779
-562
-1114
289
-1170
-305
51
438
1135
46
-1083
-1593
-223
-646
-823
-264
425
-25
-750
636
-253
-343
180
1014
-1123
1664
536
-624
-381
11
588
84
1382
729
-386
414
-429
-509
-1196
-697
404
-220
-1335
461
-410
-1705
-1744
-340
493
-195
1038
-653
-1575
-615
122
-1122
824
-453
815
-65
1489
-2511
-1394
30
1521
595
411
-1282
-408
623
323
1105
296
-1277
-805
-652
679
272
739
-497
1374
-145
-195
1094
-210
-495
493
-1046
-348
-478
578
1013
519
-999
1316
-111
472
910
895
507
172
1114
-59
1273
670
144
1231
-394
-73
35
1187
66
256
648
-1492
-26
383
-774
-462
91
303
-989
-1306
776
647
-519
51
363
1415
1883
-772
-68
1026
159
221
-1202
863
-1304
-824
276
-701
1060
1429
1777
-1174
-1298
-376
-234
-196
983
-74
-255
-931
286
-44
-482
1149
371
1574
-710
1322
-159
1114
-2611
1089
-506
-1049
-704
-1343
880
-479
229
339
78
-742
-1406
1798
-504
286
237
-1496
-1521
-666
-796
565
1255
-209
-1729
-1303
-37
778
668
713
-392
-752
-1710
554
1066
1823
-830
357
487
16
340
28
-581
720
507
825
-694
228
14
5
-754
922
1164
-2178
-44
-272
485
-1507
-1176
1434
-1882
844
-114
110
-940
53
1682
-261
-266
-820
931
-431
-1074
-1465
-920
389
1359
2471
-382
-1176
-1033
-1172
501
-1359
-532
2287
1145
-2079
667
-254
-903
1040
768
471
585
352
239
-466
-30
-1232
-572
-21
378
-1716
-236
858
525
1267
-524
835
491
1318
537
1785
1013
-1247
-84
286
-130
-568
795
1039
369
986
-1281
823
-1096
132
-571
-356
1058
-272
-358
-748
1925
1002
-951
508
-878
381
-900
-634
443
-364
-1762
1575
-825
-1116
-394
635
503
232
1736
-331
-1151
1837
-570
417
3
1349
-1631
864
325
-33
-1376
407
-851
-90
1249
760
-750
-1717
3349
655
1072
551
-1191
-570
-736
-717
571
1094
-173
-1078
-461
-790
-1012
239
-291
-371
2661
-678
-33
-769
-368
320
450
393
-409
-310
-498
1309
-1283
621
-1307
1118
826
578
-891
990
-1934
2126
894
774
749
-1977
640
225
235
696
-1265
491
1001
-509
1059
946
1056
-473
518
82
960
-635
-847
2738
-1134
853
574
-1335
1752
1169
-11
-755
1548
-1040
4
-1048
-290
-1118
-543
-1702
-264
-77
-1475
-127
-1143
-72
-1039
159
-28
-138
474
-77
-683
-466
-213
500
1336
328
-102
394
-530
-152
2317
186
1829
338
-1655
582
955
131
926
558
-305
142
-567
-89
67
-1073
1216
2123
-61
-1412
-168
-767
427
-1150
-1339
-299
1294
-1265
-324
761
1043
-120
-549
-1543
534
819
2012
-1694
976
-1387
-912
-832
1279
1202
-880
-639
340
-1373
-332
279
298
-492
-1102
-412
386
750
1080
1955
150
-1609
166
-684
737
1053
-361
-589
377
534
-902
2038
-1231
362
-449
309
-675
1138
42
941
1053
-505
-919
512
116
-207
-1664
1258
2063
-506
98
100
-106
153
-462
623
96
-711
519
652
78
1291
-425
128
-547
608
1185
-565
1293
-243
1173
511
-476
956
892
-1051
1023
-1055
-1537
-349
-1271
299
-707
556
-1311
574
-230
-654
-725
336
472
-2091
-1009
1095
-683
1318
355
641
-368
-1044
1048
127
1786
168
-447
1404
422
-322
891
-711
-1384
335
-374
467
216
1865
-64
-1117
-972
-1762
820
12
1074
1105
-61
-550
615
1285
1459
61
1295
338
679
1580
-1652
893
538
342
1480
-1013
1223
-352
1430
-39
-35
458
-1095
1312
-119
841
2050
487
-2610
-119
-716
-109
-730
-611
1690
-1061
-379
-702
676
701
2259
322
-1387
-1490
1112
-865
205
-1647
434
502
1172
-380
-1954
633
651
-1266
-1124
-423
-348
-446
54
1487
-619
-1189
-624
750
659
264
-581
846
825
179
141
-997
457
-385
-189
217
-565
926
1060
-343
1188
-722
-525
-863
1108
1058
-587
-286
-912
-771
-997
-200
268
477
810
545
1232
-1536
-230
250
505
-373
-2257
-151
2373
1995
-453
-442
504
545
839
356
-646
1236
373
816
1615
-340
316
-703
-358
-1278
-226
638
1832
803
-50
371
899
2072
887
653
1250
633
1636
797
-1071
460
-828
-242
668
-1358
-161
-80
223
1085
708
606
-299
770
344
-717
2394
386
-3
-1099
615
-2865
1473
129
2021
-1231
286
1204
1248
1052
1192
121
471
-1619
974
1286
-260
1273
441
-498
-814
-1222
2305
-297
-357
1057
-40
-488
732
-1919
-823
631
581
436
-1923
1069
-1174
-24
731
922
-797
-1259
305
-494
-711
-173
713
-481
-1375
461
1693
919
-878
-1391
353
301
520
129
-1476
357
-778
2255
-974
982
-1008
1102
276
-201
-306
376
-675
-1089
-479
230
-812
-1021
1197
528
-134
-668
-1011
-332
228
-915
-442
-277
805
-368
545
-1582
-227
-9
818
-1624
-40
1218
1934
616
-1660
-142
1566
-615
-978
-733
-22
369
-297
180
-518
-297
-871
516
-815
-726
92
-227
-1760
-887
-415
-688
-983
-428
948
-34
634
644
-826
220
-115
-660
-469
-1664
-1924
-297
-211
-20
-1246
821
-377
506
848
-929
355
55
-191
939
-587
-383
-606
1073
668
-836
739
-1067
849
326
-1059
-677
1040
507
-104
-1149
219
-374
-947
-904
-647
786
93
1213
857
270
1341
-545
567
-289
942
193
-1053
-379
457
1044
268
-1335
396
33
709
-266
-1754
737
562
41
-1330
1085
506
-1273
-371
550
429
1538
757
-1516
-734
447
70
-1021
-1427
-284
1110
-307
-452
873
475
-870
734
-1000
-817
-1194
-186
-315
1268
220
620
1802
-239
-968
596
-1
592
-403
649
725
626
1332
796
-1115
211
-77
864
76
-560
116
111
-139
177
327
-328
-1366
327
-596
-58
958
79
1087
-197
-1931
-483
72
-1079
-967
-561
1165
-1060
231
-1062
1267
394
37
28
-270
-270
182
-88
1478
734
-493
-1315
-1051
-393
1335
-205
4
-415
-1043
1947
-1383
1146
544
-1313
955
1432
-14
1253
618
1692
418
1018
-1585
-380
-962
793
1406
82
216
284
-970
522
-396
-616
-966
905
-473
1324
-562
-1055
-803
201
437
-589
-910
-2358
138
-1387
-192
-858
2547
116
-1765
-289
-92
2233
-1260
-594
-1919
514
823
-154
-599
-1777
-158
-1330
305
207
751
559
-340
105
557
1555
-1324
-1707
673
-1196
-3
-210
385
-905
-698
320
812
-726
1975
-376
-36
327
-812
-709
522
-1067
-851
-915
-437
-1009
-310
-147
252
1072
-394
123
-447
876
420
2676
-179
-70
-224
1157
-284
872
557
-1043
1302
-509
-1273
411
-742
716
381
-198
-254
-1439
-169
-1514
-343
1524
-1160
737
1638
295
-310
1310
-906
808
-440
410
-53
273
-351
175
96
299
916
413
-1318
-378
1938
1023
886
-1388
655
3
-234
-372
-671
1117
-743
-246
-56
-538
-578
1392
-395
683
968
-575
600
-273
648
117
34
-2142
-1790
-48
149
871
66
-818
439
-291
-1319
-66
438
654
1895
-695
-862
-24
616
-854
-876
566
-482
225
-714
-759
-762
-72
-867
898
165
497
2027
-499
-996
-239
1442
150
-78
-547
-1812
327
430
-1054
-277
-114
436
846
-196
1687
-337
310
-625
-1729
-696
-176
-1424
1644
-1298
-1610
1057
1769
637
-741
399
-266
-1600
-862
-666
-951
1490
139
761
1312
252
-126
-38
0
-1584
-449
-339
-928
-288
414
488
-857
-11
1469
-313
-1362
2700
2
-569
894
-1526
601
-243
-701
1204
-595
519
-201
-910
-222
-192
-237
226
-86
361
645
-954
443
839
-1732
14
-1478
-409
-41
719
-1208
2207
578
1892
-59
-957
-221
-4
624
-282
103
-736
804
2905
-769
829
321
131
-390
254
-118
-1099
-2292
-439
1045
-27
1153
86
852
456
-725
28
380
-2191
-1065
-879
879
-797
1786
1246
-75
-1094
-1993
-1574
185
628
1466
-493
-402
143
442
-62
-821
1184
-382
-1290
-2007
279
-71
196
-250
-246
1552
-695
83
-309
-1000
1441
532
-892
329
-727
790
871
-313
-330
-1104
788
136
-1461
1147
1064
-541
-294
88
-260
299
-751
-832
1845
340
-1110
357
586
-439
484
1511
-1782
209
343
-384
-905
930
-495
796
1981
744
549
-423
-244
-190
-205
337
-1943
602
-479
-34
-303
1999
1312
641
597
820
885
-1823
559
-1216
-534
-936
889
453
-380
-870
1456
551
23
482
-709
889
751
1272
-1225
626
-1078
-1443
883
-613
350
1
-36
-299
712
-915
-696
651
-100
-834
-478
-238
-1480
-344
235
-27
-297
242
1865
99
-271
1564
1622
1422
-922
750
-1233
738
-210
-502
-184
-395
1681
-384
-806
-1205
180
344
-1287
-491
1101
-498
-1734
1360
-732
-717
-585
1005
468
1505
398
114
-814
-424
-304
146
525
-834
1277
1390
-304
303
2048
-1051
1252
1083
-476
255
180
71
-223
-173
-562
585
-1211
-200
1432
-167
125
-192
31
-1905
-209
1021
-1320
-28
-760
1041
-1164
-469
1263
-273
187
1589
-652
-233
1123
-73
1018
-851
-595
-819
-71
-1019
280
-690
-161
-1377
-283
-732
-411
-133
-540
-914
277
-300
-87
570
-890
1318
204
-1063
-329
1514
1035
614
-102
-884
-62
-436
-1595
-141
-206
1604
145
-188
-656
-1206
-1716
575
547
-1007
204
-601
-331
62
-570
60
719
-533
1421
1642
-195
426
-1414
714
-1135
665
726
-445
242
-1168
50
1721
1161
-540
328
-658
620
1308
-1526
-1706
1258
-387
-48
-389
-1033
1078
407
-1452
-1136
-540
-727
70
-255
948
2634
-5053
1253
769
-4655
3230
122
-5125
2711
-259
-2741
4459
-1433
1438
3640
-3685
129
2702
-2748
3254
-505
-3630
4429
-1217
-2703
3628
-2348
-497
2737
-3543
2469
1895
-4787
2581
-842
-2166
3619
-1768
-2202
3768
-3326
63
1832
-4122
386
3336
-5839
3757
-117
-2140
3735
-2525
-1923
3720
-4528
-1110
3023
-3074
580
2101
-4281
2698
-856
-3288
4358
-3352
670
4234
-2100
678
5004
-5411
577
2069
-4199
3082
1261
-2931
4151
-1374
-2276
2072
-1425
980
2914
-3807
1537
664
-2899
2874
591
-4718
2577
-3399
-2157
3902
-2698
381
4268
-5101
1102
2490
762
467
253
-1422
-1251
-440
463
-939
771
846
731
1048
-572
721
-1266
-1206
-1171
-446
-427
37
-1191
61
-113
107
-283
208
871
122
-856
-767
650
281
169
-642
297
-2087
-765
-580
-1520
62
819
-391
-1162
1092
-1325
1753
992
682
-669
2059
1383
2684
-84
-874
287
-407
-186
436
869
-898
-350
-933
1010
54
1620
316
-173
-169
387
-378
181
-829
326
1198
956
-477
-118
265
-121
2374
-1947
-892
311
1090
-218
76
124
-1937
603
-1105
-1036
2241
268
-1466
-466
996
-1210
576
-305
-548
1025
846
-842
-272
-583
952
-1091
-1371
-1038
500
-1134
2215
218
-217
-172
-1506
376
-157
-328
1505
-858
207
-202
111
-1334
-51
411
918
-133
-995
-274
-309
-1146
-1575
629
-367
599
587
-894
-1822
893
1566
319
17
740
-713
451
-386
253
1177
370
73
-993
891
-642
-210
-612
-323
1790
64
987
-716
-769
-1749
1622
132
-1941
-886
2287
710
-24
37
-609
-447
-541
-548
-178
439
238
92
-1553
-2691
488
266
-802
163
-1343
206
1084
-387
-754
438
-1466
-395
1322
-595
-678
-1068
2351
1416
1822
228
933
929
-1476
-75
438
-768
109
-1258
41
934
616
357
1847
-1162
812
-716
-1132
-811
957
-65
858
306
155
-1075
398
142
-115
599
181
-580
-394
1701
1094
1361
304
-105
-131
-793
14
1238
-76
-1010
1312
-419
-315
743
1044
-1174
961
219
-904
1343
-679
73
978
259
-37
83
-1205
238
-976
1315
38
90
262
-230
2051
-143
-583
-527
1197
-730
-1748
906
2259
-1183
620
-945
-1259
-421
-458
-708
-1286
94
-89
-1091
859
183
166
-694
1309
250
875
-245
749
306
-822
537
560
1093
-1044
744
-17
-943
-308
-24
594
1373
492
-800
-863
92
-372
686
602
185
-798
-835
1029
-472
851
-239
-1075
-1079
1341
-47
-27
1154
-1055
1527
1439
51
-624
-703
593
702
-960
1282
1092
320
-156
326
608
-367
243
1282
-256
1174
132
262
-166
-934
1554
-820
626
1101
-417
1730
552
565
605
-1468
1441
-183
-160
-1757
482
773
-1726
632
693
892
1948
-5
-565
7
252
-33
156
622
717
-135
1151
-1136
1657
-580
-746
-1141
-952
34
-1005
-703
1172
-285
263
257
192
-981
879
264
234
829
-244
404
-386
39
-1820
-563
-716
296
-757
-1806
739
1617
-1140
165
-137
269
-1024
2258
-488
1641
-1116
254
104
-273
296
-161
-471
897
-734
1913
44
-823
-2383
1476
-1631
-884
1671
-383
-398
42
555
-616
29
807
-618
488
-1475
43
-1828
-58
-660
-662
258
1723
41
1276
-496
1362
626
535
-1287
-872
-88
-1500
431
-575
-1613
-5
1002
446
-268
330
607
87
-301
422
-429
216
173
254
-737
537
-1142
-311
-2093
-9
1325
353
847
-648
-315
-619
-170
836
752
1381
-712
-739
158
561
337
-726
-2023
501
723
-432
-1832
-242
-118
-410
268
615
-272
461
-644
-32
879
-9
1469
253
1373
661
389
709
128
-1998
-235
-174
-160
1413
-72
-1116
-250
-252
-1736
-47
-1613
-467
-416
-986
-1057
2381
-77
121
-372
541
-873
359
-93
-954
940
-1039
-3047
622
251
231
463
-737
669
-281
-352
-394
-530
-790
-158
-2462
-243
-831
1286
1017
1574
-1259
-717
966
1054
-567
637
-124
978
-431
-82
-679
-1293
-954
-736
-632
813
-1037
-699
-209
-487
1072
328
399
797
-845
-1115
1887
-30
-782
-15
1416
201
277
679
361
1134
1146
-1417
-465
-639
741
-1401
-327
555
618
-1865
-629
-404
1268
-315
-642
-86
-695
202
1946
171
-1103
-296
-651
-1250
619
-2144
436
-378
741
-976
-227
-623
1024
-2097
-630
-1617
-477
-1166
-651
933
-822
-765
1628
-534
765
-589
-3
159
-20
-1959
-1289
1029
627
2028
-603
677
-2013
-2030
1652
1777
-124
971
-710
250
-123
-495
-70
-944
1231
-588
-874
421
-195
1046
-1162
53
-1021
362
431
1219
-629
-125
-1545
-1070
34
793
866
1847
-1063
-455
-207
-178
-179
910
-302
1007
-287
624
-415
-676
2000
-674
-1607
1067
631
-475
-1380
-174
226
-1816
411
519
1088
874
-715
2069
68
-1435
430
-946
-2244
156
-16
144
-234
459
862
-599
111
-887
-698
582
-417
-1690
386
1370
2145
-61
1147
2425
-173
-943
509
567
1832
131
-1262
1381
-1811
-208
937
29
-638
-1745
-1212
-141
-667
-1225
326
1089
-369
519
592
1509
-1199
-979
-56
-1838
-965
1214
45
-1137
-473
-268
-430
-1244
-1584
-659
1125
47
1701
2061
-112
-97
-278
408
271
-1094
-69
-231
-513
215
1116
748
-391
1127
325
-2778
-504
689
1738
2004
85
-111
-1300
238
70
562
782
-444
-957
374
-772
770
-181
-1080
40
-1673
272
244
-593
-1037
-1306
1453
330
1824
636
319
-483
-1113
828
-792
-978
-247
478
400
1030
-1337
-119
-1004
-65
804
-338
-355
1328
-533
756
-364
-81
-730
-545
-22
-883
962
-1694
-2154
-511
1288
1205
-865
-236
-1188
89
-499
-363
-475
-766
-1177
94
-1100
-745
976
901
-1191
1528
384
-529
740
715
656
355
463
1608
-702
-1964
621
138
-770
-12
268
-551
-2178
1303
1221
1029
1015
475
955
631
879
-1473
-2239
-468
-164
479
-1750
2448
522
1445
2337
-399
573
122
-829
805
597
-744
-1590
1196
679
-486
1613
1214
685
1047
-1147
-361
603
588
800
-754
-73
-102
504
-257
-1266
1197
1067
333
-159
-1906
-17
633
-920
-54
-357
950
290
1736
63
-583
-584
-251
-787
-1099
-492
-1292
-372
-697
-20
-106
-660
-856
395
426
303
797
356
-261
-382
-251
-295
2456
-591
694
683
-2244
-559
233
551
-309
1281
265
-395
320
55
570
-1160
2
-702
-475
415
635
-686
-346
-573
1128
632
-609
1436
-109
-621
-328
450
3
2178
877
16
-994
831
985
-1265
860
-489
12
878
-105
217
-91
-399
553
908
-317
-776
-522
163
1225
-1523
-489
510
-493
1288
524
43
-339
-229
-247
-1085
-1205
337
1280
750
661
97
-374
-487
-1581
-72
513
128
175
-550
-1138
-504
-1564
274
-173
707
1938
-1057
1365
759
124
112
151
-1043
262
-1639
289
-309
1010
461
620
709
401
1633
935
-466
-1716
1542
1026
-844
-668
-280
-160
545
789
54
161
-722
-1172
-161
-795
-1946
943
-396
420
-1275
-958
-1424
327
-1523
-1258
-458
-1104
306
1102
206
-676
-1921
71
-77
698
551
649
300
1912
-732
-1453
-1481
3
237
969
1455
2288
414
127
1652
-1763
455
272
399
572
433
-344
-160
548
857
89
-2362
-1733
158
-554
-979
-1270
508
-86
485
-903
318
1047
1032
-916
-120
910
-494
-978
294
-245
475
723
1175
43
-596
261
417
111
-908
497
106
-1218
-754
1713
-60
610
1520
226
884
-233
-637
-559
2284
-1158
-241
-338
-192
-601
427
-592
-133
1797
335
128
270
-1519
111
-491
-725
262
816
367
350
-1570
-778
-632
82
-109
230
-2294
902
-1496
1459
-489
493
652
-1012
121
879
229
375
980
396
-623
-66
-2642
-2
-300
140
693
-1274
261
-784
-879
1122
64
-185
1313
-390
-721
-175
-181
134
484
-829
-57
-255
-392
1
-1910
387
-1175
-130
-268
1128
150
1166
-705
-908
-1
-1048
1505
-353
1479
2711
1553
-409
1130
-445
-29
-423
-763
701
475
668
-1226
1870
-10
-454
-857
-1050
-81
-89
671
-559
1808
-878
89
-684
446
-454
1046
142
-1745
-1140
1301
-676
-590
-750
1415
-271
-259
4
200
-1003
4
-947
1542
-125
383
1775
-576
58
-270
330
-1109
890
-877
213
-475
-252
-214
1348
-518
-555
-979
298
994
61
701
-1159
1882
652
-337
179
-1270
1665
-976
-680
1353
-1075
-1380
520
-582
-238
-343
-170
388
-1159
734
-445
499
812
-1576
58
1179
1079
-725
495
1174
417
396
-579
901
-954
133
1059
-787
949
-794
941
-735
-163
1081
-1623
-245
229
-396
1180
-237
1779
65
-655
-461
437
278
-1547
40
-536
410
108
-145
-1792
255
427
556
464
919
-2
1789
-574
-922
-499
-82
-1196
1522
-802
25
759
-894
507
-580
809
-1057
1247
-180
-757
62
680
242
-1509
37
-1186
31
1530
-331
-309
-224
952
-1124
1435
247
576
1136
720
2091
-726
-687
689
892
-563
-185
1864
-1450
-1507
1154
-154
342
1541
190
-1044
-481
673
-827
470
-214
-444
-711
2162
747
394
362
-1383
-1190
933
2045
-645
-693
15
-471
-415
520
-660
462
-117
-27
935
-654
-276
-1173
-856
-1015
153
232
1440
-231
-1275
753
131
13
698
523
880
-419
-463
833
-927
-12
239
1382
-312
849
736
1460
1778
-1765
170
513
520
-1495
-126
-2069
-319
-591
-70
233
-1120
-200
-254
676
-67
1
-1526
550
-433
-152
65
550
591
-761
1666
531
109
-516
-1261
306
-1113
-1275
1663
-728
829
266
717
533
1256
1731
-759
-830
-193
-250
828
931
198
-1528
81
-807
166
962
601
275
814
1562
1127
206
8
-548
1139
49
85
-547
654
125
-1445
1006
-552
-35
581
-1363
1177
15
794
-1769
-307
107
47
482
-697
619
-119
-456
-49
-1724
1466
597
-446
788
1458
-576
1421
559
637
-2043
-525
-374
120
-398
-624
689
1139
-1090
418
297
178
1526
682
1732
-1654
1605
-1606
2031
-891
1869
-225
-1192
-342
218
-1328
1107
418
38
117
-778
1478
-216
573
-778
-98
-1103
-60
445
1254
1803
-471
254
-1452
1967
96
-737
-26
815
-90
530
101
-650
-1317
-581
497
552
-1312
-894
-712
-836
849
-292
574
1780
-462
-241
1400
1433
49
-2492
-984
1094
-259
367
-329
-1452
1730
-2689
-1191
-359
-477
-593
441
1351
51
887
-350
-1275
1319
72
422
-853
-951
-473
-490
271
1991
194
982
-617
-336
507
-769
1097
127
179
-807
881
-1128
1107
634
659
531
483
-102
1519
1199
505
187
-918
1018
-477
3
-378
-1724
-1222
-520
308
-130
-743
-775
1027
-833
1145
-1137
-688
-940
-588
-733
140
2406
-103
1939
1629
-1904
67
579
-820
-290
-195
-1331
596
-1079
1384
775
-438
561
895
-192
-58
749
1676
19
561
-759
35
768
-610
-2011
508
1104
1081
1201
-421
297
149
1056
2131
211
862
1263
-1049
-364
-695
414
-817
339
-704
-731
739
513
-564
-436
-945
-508
186
-78
-1149
-297
710
483
1417
-1704
602
-2552
130
-109
1077
783
1254
1104
108
-1236
214
145
-1660
616
-1206
823
-548
33
915
148
176
187
-435
1996
-235
842
633
-84
-2002
811
102
1146
785
-114
446
-1428
77
1153
-319
-97
-631
-285
-759
185
-132
574
-704
-750
410
-108
336
770
-526
-1157
-1012
-147
-451
68
-1321
-888
353
292
348
476
-295
1873
-1085
1637
-617
1285
1751
65
-997
-175
2099
-793
1036
-901
426
-820
642
-10
1287
608
-325
-159
49
-1115
-607
258
790
1352
-361
183
316
-1626
117
327
-1841
-2526
-701
1203
-1393
-8
1319
-56
1026
-2539
-353
909
1188
-1171
-1382
-410
467
-1090
61
-1166
483
-672
1267
1428
-161
55
546
769
-506
145
-158
3217
1378
-1018
-569
-91
1118
-776
-725
813
1597
78
-432
-1584
422
66
-351
-61
-1763
129
1138
182
433
-578
-1144
339
1703
-1252
1160
-80
-1583
-242
395
359
-62
1644
-22
727
570
419
-518
-60
240
-623
256
2937
-943
355
-53
859
-183
-477
-724
-180
197
726
70
73
-92
-82
82
-1398
-1276
406
-864
-675
1566
772
-190
-96
1932
-401
776
915
-396
734
117
313
-1766
1250
798
1102
406
227
1784
-822
-23
-244
206
-170
-589
-679
1716
-8
-60
340
1324
-758
817
-92
182
-229
723
1059
-315
195
-358
-1527
-610
-771
-468
386
-2031
-592
-227
911
-1012
528
-1498
-671
825
788
-868
-1261
-225
-1010
722
-16
-102
-801
-524
-656
1647
-182
1375
102
-843
777
-559
-617
-510
-1292
-59
563
821
986
-202
-484
-1887
-757
1049
844
1165
67
1179
829
245
-93
12
1038
848
1568
-76
345
126
-779
1031
334
-209
-319
1043
45
-216
1695
-553
-28
-483
168
2338
-1839
-1160
128
-647
664
-1550
-742
-694
510
455
-319
-194
-999
356
380
-321
147
-177
-830
-126
-205
186
-383
570
49
-1924
-712
-145
-2560
-1112
-3
-410
153
-520
86
382
-482
-2316
662
152
-148
-351
-842
924
1245
245
-345
1533
-275
-314
-426
-533
-2039
390
-576
-2290
1237
-201
-584
-998
-60
12
-853
-592
-1042
1480
-302
1236
-1373
584
-1120
114
53
462
-548
-138
642
-760
249
-533
279
-1720
77
300
-68
-1080
364
454
534
699
-104
405
272
263
1175
1297
-1636
1856
1600
126
1749
-1058
1655
180
1204
319
-89
421
-13
-421
-678
1211
-1000
-863
854
28
39
908
662
718
172
342
-71
-12
365
-1057
-922
163
240
-464
47
-59
1341
-1066
-919
1102
332
875
-1063
-1000
-742
86
1220
-1387
746
780
1424
-43
-1159
526
-10
368
159
-688
122
-136
265
-615
-405
305
-1280
-921
696
-1183
-413
159
944
-629
636
663
-744
481
-380
-41
-1586
962
-1281
-944
-521
-335
388
57
-355
-938
-1
676
807
-600
-848
638
1002
356
-604
487
1474
104
1397
-727
659
-447
-284
-160
800
421
1576
-189
323
-781
364
-1
757
1178
-726
-579
2
-164
-754
-1996
-447
127
-632
602
-1498
-1357
184
-1212
-64
1293
389
1033
95
-1083
202
-838
2594
-486
-945
-253
394
-808
1175
-1764
-1191
42
822
-48
-102
-1548
326
1300
1459
-116
-1034
-1199
-327
1076
184
-1133
-1202
-871
1448
1811
-1862
-401
74
583
1168
-183
-732
-1719
1449
197
1041
-935
-105
-57
318
-550
155
501
-1859
2065
-47
145
-1029
-384
571
932
647
-352
-1178
-65
1732
-339
-264
913
1329
74
1435
-1058
-464
791
148
-2191
1860
989
-1466
-1055
1403
1066
575
816
1287
-695
835
-105
-358
37
-520
72
-365
456
-37
1555
-149
-1398
-505
-599
934
-504
-406
-217
-66
-1090
-902
