-2410
-2174
-1682
-1251
-1021
-912
-676
-142
584
1266
1657
1769
1681
1547
1390
1318
1357
1547
1747
1868
1804
1604
1291
913
487
30
-426
-858
-1163
-1347
-1442
-1594
-1771
-1936
-1977
-1912
-1702
-1387
-1012
-707
-513
-347
-91
324
818
1317
1688
1978
2195
2437
2597
2595
2305
1866
1438
1182
1035
840
466
3
-321
-332
-78
156
105
-258
-676
-822
-551
-24
430
537
251
-221
-566
-608
-399
-168
-89
-167
-275
-332
-343
-327
-250
-111
9
36
5
60
256
476
534
374
97
-125
-173
-65
76
89
-84
-373
-614
-693
-588
-391
-201
-66
30
120
194
241
258
261
243
177
59
-76
-180
-225
-201
-115
12
179
382
589
693
620
390
116
-106
-249
-309
-242
-23
271
480
473
248
-65
-299
-367
-286
-138
6
116
191
249
297
284
140
-100
-274
-231
-2
201
192
-7
-216
-276
-155
67
262
372
406
411
384
278
64
-212
-431
-481
-320
-72
60
-20
-190
-240
-98
69
54
-116
-215
-46
338
675
707
408
-24
-273
-147
275
673
788
610
448
554
888
1104
966
529
87
-137
-134
-34
30
-2
-133
-293
-391
-369
-267
-149
-14
175
422
621
674
547
357
233
218
233
177
21
-155
-234
-180
-65
2
-23
-81
-85
7
156
304
400
451
472
481
457
378
237
63
-102
-225
-282
-260
-157
33
287
581
832
942
813
429
-108
-558
-675
-425
-27
208
146
-80
-241
-257
-207
-213
-286
-337
-262
-99
9
-13
-74
-51
48
42
-191
-545
-751
-641
-270
112
266
125
-166
-423
-543
-534
-424
-244
-36
111
125
7
-166
-311
-366
-336
-264
-266
-408
-636
-755
-626
-286
-7
-27
-306
-536
-432
3
448
554
258
-189
-420
-255
161
492
451
27
-511
-812
-686
-216
338
709
789
615
348
136
43
24
27
59
149
260
318
283
221
197
227
263
246
129
-42
-145
-47
233
555
739
749
630
500
424
385
285
93
-96
-145
-41
53
-18
-261
-523
-636
-520
-227
98
264
167
-141
-461
-606
-509
-305
-173
-225
-399
-520
-426
-138
154
211
-35
-377
-499
-263
167
453
379
0
-430
-641
-511
-140
223
322
95
-296
-587
-634
-457
-252
-198
-359
-602
-688
-449
5
370
396
114
-121
21
477
812
638
3
-634
-815
-532
-137
6
-154
-361
-325
53
589
965
926
496
-49
-384
-377
-201
-112
-252
-522
-691
-570
-160
340
648
587
232
-167
-374
-331
-193
-146
-254
-402
-416
-209
87
230
75
-273
-539
-510
-185
257
596
671
460
77
-278
-444
-346
-18
380
612
529
196
-143
-277
-199
-46
37
12
-89
-200
-303
-401
-506
-573
-561
-451
-275
-72
140
337
453
403
265
220
397
672
759
476
25
-210
-53
284
437
250
-51
-133
94
393
424
63
-496
-883
-837
-371
265
757
923
748
429
194
199
385
572
595
455
260
101
-13
-122
-229
-279
-208
-20
199
262
28
-419
-762
-741
-391
-57
-25
-240
-395
-294
-25
166
136
-10
-62
84
321
484
476
315
72
-155
-264
-179
69
356
539
577
493
336
131
-109
-346
-541
-631
-594
-439
-262
-161
-202
-340
-412
-260
146
626
894
749
306
-104
-241
-162
-122
-259
-409
-309
86
524
637
264
-413
-974
-1135
-897
-520
-234
-111
-82
-52
25
136
212
176
20
-146
-185
-87
22
22
-70
-166
-215
-247
-269
-184
89
484
782
776
425
-88
-477
-577
-433
-193
50
328
642
899
927
689
300
-7
-78
48
178
139
-72
-245
-164
176
531
619
355
-68
-366
-436
-377
-324
-277
-127
170
450
466
164
-231
-417
-283
34
314
459
482
414
251
37
-135
-210
-212
-184
-113
33
208
259
86
-237
-501
-562
-422
-230
-128
-160
-242
-274
-219
-134
-88
-135
-264
-409
-458
-380
-239
-158
-170
-224
-248
-253
-267
-291
-282
-209
-73
84
195
229
208
176
137
17
-230
-517
-645
-486
-110
188
145
-236
-659
-874
-850
-769
-733
-708
-594
-377
-102
151
293
291
207
203
353
536
527
226
-241
-559
-479
-95
230
138
-363
-893
-1009
-613
19
435
375
-45
-442
-515
-269
70
301
411
459
488
466
379
229
39
-146
-283
-344
-344
-295
-229
-171
-155
-170
-187
-175
-115
-1
139
235
199
16
-214
-342
-284
-77
133
201
117
5
-6
83
155
114
-9
-110
-186
-314
-508
-629
-503
-111
350
615
591
376
199
213
461
799
1000
863
385
-227
-628
-577
-173
228
324
125
-94
-110
43
167
118
-80
-295
-383
-288
-68
152
267
220
18
-267
-506
-574
-426
-156
86
201
187
86
-64
-238
-384
-442
-376
-219
-38
92
121
46
-80
-146
-69
141
362
477
442
361
349
409
407
234
-61
-276
-243
6
267
386
358
346
461
673
796
652
221
-272
-509
-329
121
498
539
295
25
-71
-9
40
-45
-210
-294
-206
-9
165
236
261
333
435
426
183
-238
-598
-659
-355
161
608
732
524
198
9
15
74
39
-75
-150
-100
59
179
98
-220
-585
-681
-339
277
776
873
575
135
-194
-299
-211
-42
88
75
-94
-319
-445
-383
-163
125
385
604
769
836
709
389
9
-251
-306
-236
-161
-121
-67
10
45
-80
-382
-738
-919
-776
-338
171
485
454
128
-253
-421
-263
101
430
538
422
200
-5
-137
-178
-129
-64
-81
-230
-419
-477
-307
14
306
406
263
-58
-401
-526
-272
262
727
786
398
-135
-451
-483
-419
-505
-757
-962
-850
-373
244
681
752
522
187
-59
-130
-21
187
367
395
210
-132
-485
-669
-582
-256
126
350
288
-9
-361
-565
-572
-460
-342
-238
-120
15
97
72
-23
-90
-49
91
209
160
-67
-306
-306
26
487
721
553
122
-226
-252
-23
191
176
-46
-302
-431
-406
-286
-139
2
100
115
59
2
-7
0
-10
-11
70
226
295
119
-262
-594
-631
-335
51
228
119
-86
-125
71
345
474
411
265
210
296
424
421
192
-189
-505
-556
-338
-35
117
28
-207
-407
-479
-442
-409
-443
-509
-483
-292
10
256
306
194
72
99
276
478
547
447
253
71
-54
-134
-180
-140
39
326
571
652
548
405
362
406
376
173
-120
-304
-264
-127
-103
-261
-443
-451
-245
9
117
33
-123
-224
-230
-205
-214
-238
-191
-58
68
43
-170
-399
-404
-118
262
469
392
163
-20
-59
9
124
240
363
487
576
548
391
187
67
66
49
-134
-458
-697
-670
-398
-118
-33
-165
-361
-469
-417
-269
-137
-92
-101
-46
140
410
613
613
373
-9
-352
-474
-305
24
271
267
54
-131
-90
153
380
470
478
520
559
431
58
-403
-679
-644
-386
-105
54
42
-97
-297
-474
-525
-371
-93
112
82
-139
-331
-314
-150
-43
-151
-419
-684
-778
-695
-515
-331
-160
10
163
245
208
116
88
179
303
339
245
112
44
50
57
36
23
59
122
125
14
-154
-244
-172
20
208
282
221
70
-67
-88
77
374
634
663
442
128
-36
52
278
407
309
52
-141
-101
137
355
346
85
-263
-481
-473
-286
-38
175
314
369
380
379
397
405
347
188
19
-22
137
387
532
440
209
44
58
163
160
-46
-364
-588
-578
-333
-13
193
161
-71
-335
-451
-338
-50
241
359
256
44
-101
-105
-25
43
80
123
200
279
324
309
230
92
-106
-330
-524
-607
-554
-396
-257
-241
-339
-407
-313
-67
133
99
-155
-409
-394
-21
521
885
804
290
-329
-649
-523
-152
111
88
-97
-191
-118
-10
-31
-184
-341
-373
-290
-175
-89
-24
30
56
22
-74
-173
-192
-71
164
410
531
502
402
314
215
62
-103
-160
-64
50
21
-171
-378
-446
-331
-127
35
64
-34
-180
-269
-212
-1
251
374
259
-41
-395
-672
-811
-770
-563
-261
5
151
183
153
151
240
465
746
896
734
294
-184
-444
-406
-257
-221
-383
-602
-680
-513
-167
191
406
411
275
126
122
307
554
631
409
-15
-397
-546
-466
-282
-139
-104
-171
-256
-295
-273
-220
-137
-1
174
316
348
282
181
124
133
262
520
822
946
715
169
-402
-676
-569
-240
17
16
-190
-363
-335
-155
9
78
124
220
329
347
238
58
-115
-221
-227
-133
21
165
240
216
169
194
296
346
209
-91
-362
-408
-247
-54
65
159
330
540
615
420
112
-7
186
470
498
153
-328
-595
-501
-168
171
349
365
317
308
336
304
124
-172
-436
-515
-361
-56
254
472
565
545
417
250
139
130
154
120
29
-43
-59
-81
-159
-269
-332
-319
-242
-137
-34
11
-42
-144
-176
-35
239
465
453
202
-100
-240
-158
-6
29
-108
-292
-405
-422
-450
-547
-703
-810
-787
-585
-271
23
220
347
492
627
618
365
-17
-289
-270
6
336
493
370
34
-355
-628
-686
-513
-229
-8
81
121
253
468
582
419
108
-41
94
290
203
-224
-681
-794
-496
-24
335
447
366
222
96
-20
-202
-458
-734
-906
-936
-836
-700
-571
-430
-218
43
238
240
40
-200
-276
-95
246
539
603
395
20
-362
-610
-701
-672
-529
-225
202
567
660
435
82
-161
-188
-50
104
130
-47
-356
-552
-399
87
600
748
384
-238
-674
-639
-200
299
525
377
12
-344
-546
-601
-556
-479
-399
-325
-224
-41
226
500
654
600
334
10
-166
-101
89
192
105
-70
-168
-109
63
190
119
-172
-500
-622
-437
-91
188
296
281
226
156
86
51
70
101
88
35
77
316
679
913
813
385
-133
-465
-478
-235
29
85
-158
-547
-727
-428
229
777
786
242
-390
-601
-291
194
421
243
-133
-385
-331
-30
282
367
154
-195
-469
-562
-531
-439
-317
-180
-68
9
95
210
276
193
-35
-276
-355
-198
61
194
59
-256
-500
-465
-176
155
335
318
213
130
118
144
187
238
245
134
-84
-267
-240
21
373
613
667
562
358
84
-201
-396
-429
-315
-181
-139
-236
-403
-533
-521
-330
-13
309
514
572
523
432
316
167
-14
-179
-263
-274
-265
-305
-379
-406
-307
-87
162
315
296
131
-75
-247
-369
-461
-486
-420
-289
-179
-128
-133
-174
-262
-359
-359
-177
95
245
142
-128
-359
-411
-379
-420
-569
-656
-488
-40
463
715
639
411
266
239
175
-51
-320
-387
-196
51
111
-47
-192
-102
219
537
642
491
231
33
-12
55
132
130
40
-73
-170
-258
-359
-423
-421
-370
-308
-200
30
357
609
602
323
-75
-392
-497
-372
-99
154
231
103
-105
-219
-161
-75
-152
-441
-751
-859
-689
-374
-85
62
47
-89
-237
-264
-118
119
303
351
276
167
97
101
151
201
204
147
42
-61
-105
-45
103
278
392
359
139
-195
-467
-508
-291
-14
83
-106
-443
-705
-731
-506
-117
300
593
630
378
-29
-366
-487
-398
-255
-192
-214
-207
-56
227
503
596
440
119
-221
-465
-548
-438
-169
141
335
329
217
162
222
293
232
19
-196
-244
-87
154
356
460
505
514
501
451
384
307
199
31
-173
-327
-349
-224
-17
179
289
278
141
-78
-269
-309
-213
-120
-176
-356
-485
-406
-157
85
182
135
76
119
251
332
269
109
2
35
142
183
100
-41
-123
-80
70
242
357
367
277
124
-16
-80
-71
-55
-130
-311
-469
-421
-144
172
297
177
21
58
289
488
461
222
27
104
410
637
507
36
-475
-703
-587
-302
-33
171
344
475
507
404
233
87
-10
-100
-206
-282
-226
12
303
407
187
-231
-581
-680
-563
-357
-179
-82
-60
-49
54
270
463
449
162
-266
-593
-630
-374
14
289
287
47
-219
-316
-219
-66
13
-17
-107
-157
-73
122
270
199
-82
-348
-374
-158
105
213
115
-151
-480
-747
-803
-598
-235
37
45
-149
-308
-233
68
370
424
175
-188
-386
-284
-1
224
182
-147
-527
-619
-279
285
613
415
-171
-700
-768
-303
453
1092
1280
905
162
-568
-952
-888
-546
-173
55
105
35
-59
-69
53
253
397
420
354
296
269
210
58
-131
-232
-162
39
237
298
218
103
96
223
349
295
44
-221
-259
-3
380
625
609
395
212
233
465
702
710
407
-21
-287
-222
95
432
580
465
151
-177
-321
-195
94
289
207
-69
-272
-205
74
345
431
342
186
94
122
238
324
272
84
-112
-188
-165
-155
-228
-320
-341
-267
-197
-219
-308
-328
-193
51
243
251
83
-131
-240
-179
0
180
253
187
16
-183
-338
-391
-306
-86
188
380
356
88
-282
-521
-486
-227
93
344
521
636
734
806
869
875
766
508
230
100
188
368
429
256
-77
-384
-504
-389
-149
37
28
-149
-295
-215
116
506
714
610
294
-18
-141
-53
93
114
-68
-346
-546
-551
-418
-277
-200
-138
24
315
601
663
387
-116
-543
-619
-355
-16
120
13
-120
-53
207
439
443
208
-88
-252
-244
-161
-100
-56
33
177
242
83
-247
-491
-379
101
661
930
758
275
-219
-473
-476
-392
-433
-619
-772
-667
-248
308
710
747
478
151
-9
13
65
23
-81
-130
-99
-71
-168
-402
-652
-723
-513
-87
361
637
681
541
350
210
142
84
3
-50
3
152
229
72
-311
-696
-846
-670
-313
-1
134
120
103
186
339
414
305
52
-121
-17
308
548
444
33
-351
-400
-96
309
478
235
-317
-838
-979
-630
-62
315
318
114
5
106
245
193
-94
-433
-582
-423
-49
311
421
216
-165
-476
-524
-278
79
293
196
-147
-473
-521
-255
133
371
322
48
-266
-451
-439
-304
-174
-184
-350
-538
-550
-261
256
751
941
725
232
-202
-293
-31
310
420
217
-82
-205
-57
222
355
151
-343
-826
-936
-536
57
338
18
-682
-1361
-1713
-1858
-1950
-2128
-2276
-2382
-2372
-2347
-2307
-2222
-1892
-1183
-168
833
1450
1621
1503
1440
1555
1790
1872
1728
1442
1328
1490
1868
2154
2070
1455
492
-395
-844
-812
-715
-929
-1512
-2065
-2259
-1996
-1599
-1354
-1395
-1532
-1542
-1262
-748
-172
279
511
593
627
747
958
1302
1707
2127
2365
2325
1952
1477
1129
1071
1183
1204
896
247
-514
-1113
-1356
-1369
-1356
-1554
-1899
-2206
-2196
-1915
-1559
-1414
-1466
-1519
-1310
-807
-176
424
907
1312
1596
1772
1804
1792
1744
1705
1621
1525
1389
1237
1045
796
439
33
-263
-294
-80
164
231
115
-30
-49
75
250
347
275
30
-296
-545
-558
-286
116
381
370
174
-24
-146
-273
-455
-550
-360
116
613
787
495
-54
-468
-419
102
791
1208
1106
559
-70
-428
-415
-198
-63
-153
-374
-481
-320
34
311
284
-85
-597
-981
-1022
-749
-364
-106
-43
-74
-64
-23
-56
-207
-371
-346
-37
370
527
257
-258
-579
-411
135
658
821
576
147
-195
-309
-230
-141
-191
-403
-620
-672
-506
-241
-22
95
147
162
120
30
-44
-68
-83
-165
-297
-360
-249
-16
185
171
-114
-517
-735
-537
19
562
710
395
-112
-437
-393
-103
159
214
94
-75
-205
-265
-229
-102
38
65
-58
-227
-300
-223
-42
144
236
183
21
-149
-227
-207
-145
-116
-135
-201
-293
-359
-310
-84
257
575
732
703
524
266
-2
-178
-184
-22
199
321
245
33
-141
-109
132
385
408
162
-147
-301
-269
-228
-309
-488
-617
-571
-305
80
377
406
175
-75
-107
98
336
390
208
-102
-381
-519
-466
-240
74
396
665
846
858
661
305
-38
-219
-191
-18
190
314
266
52
-186
-272
-185
-72
-141
-428
-753
-851
-652
-302
-22
99
155
270
484
687
710
437
8
-269
-147
291
704
792
558
210
-36
-99
-70
-102
-274
-476
-520
-316
7
236
270
175
48
-71
-204
-343
-408
-312
-135
-60
-212
-487
-630
-455
-45
332
457
304
6
-275
-420
-367
-164
53
151
119
58
46
93
161
234
283
262
150
9
-73
-78
-67
-96
-151
-131
35
252
316
98
-299
-575
-487
-140
118
13
-369
-689
-661
-342
-8
142
132
106
141
156
30
-231
-458
-486
-284
-49
-11
-264
-647
-901
-842
-510
-83
248
391
352
190
-2
-133
-169
-139
-139
-221
-302
-230
34
333
454
327
86
-84
-128
-106
-70
-11
135
373
597
627
393
21
-220
-156
99
253
134
-146
-317
-227
34
255
313
223
131
169
336
465
360
1
-385
-520
-366
-130
-63
-205
-397
-448
-315
-97
93
205
215
116
-93
-357
-604
-747
-774
-686
-552
-427
-403
-494
-661
-772
-723
-482
-137
170
317
272
112
-35
-62
44
163
139
-90
-403
-571
-435
-69
279
391
241
22
-48
48
129
-5
-338
-615
-560
-206
137
186
-32
-215
-120
174
369
209
-281
-813
-1019
-738
-128
395
487
144
-312
-513
-333
16
217
139
-74
-193
-125
-1
-3
-185
-412
-509
-389
-158
-7
-51
-220
-369
-408
-403
-438
-489
-419
-167
164
329
161
-257
-631
-670
-313
246
702
847
652
267
-105
-313
-331
-249
-171
-165
-220
-264
-210
-82
-2
-69
-221
-271
-103
186
381
379
249
132
89
67
-6
-118
-182
-169
-139
-259
-597
-1034
-1262
-1045
-400
350
810
816
491
138
-24
-32
-75
-240
-393
-331
-25
300
381
183
-97
-199
-26
277
443
305
-59
-355
-320
41
445
618
505
314
249
328
388
284
23
-260
-408
-409
-365
-411
-542
-675
-699
-650
-609
-631
-644
-589
-460
-349
-313
-308
-227
-27
219
377
353
153
-125
-414
-665
-845
-866
-722
-489
-312
-241
-190
-49
155
278
231
74
-32
10
124
147
19
-153
-248
-255
-252
-261
-238
-151
-47
18
46
66
94
129
146
98
-48
-242
-398
-455
-432
-362
-282
-214
-162
-96
16
144
180
52
-194
-408
-485
-418
-294
-184
-141
-170
-237
-270
-200
-26
186
349
371
201
-102
-358
-399
-220
-43
-86
-365
-663
-774
-637
-372
-121
31
79
28
-107
-268
-355
-345
-291
-282
-317
-272
-41
309
548
504
215
-136
-390
-496
-451
-264
12
237
278
141
-43
-138
-109
13
176
285
229
-73
-526
-872
-850
-481
-33
183
76
-216
-468
-508
-281
137
550
722
536
193
27
234
650
913
766
313
-126
-272
-93
235
474
423
36
-543
-1013
-1151
-931
-552
-210
17
152
208
170
19
-210
-423
-497
-353
-34
276
375
231
4
-102
-28
93
100
-5
-77
-7
156
240
126
-120
-303
-292
-118
34
16
-138
-249
-149
147
467
607
485
165
-199
-453
-526
-438
-269
-83
68
144
137
92
90
164
277
349
327
203
50
-30
40
225
412
488
442
318
179
56
-46
-130
-165
-102
77
297
464
515
484
414
299
106
-124
-269
-232
-42
136
140
-25
-196
-187
43
339
469
353
114
-48
-51
24
48
12
2
36
26
-148
-460
-704
-639
-226
316
704
776
635
474
410
386
253
-64
-417
-538
-316
67
268
119
-219
-433
-426
-346
-389
-541
-584
-330
131
486
477
116
-368
-720
-827
-696
-427
-142
22
12
-56
-3
273
660
935
912
627
263
-22
-200
-326
-410
-342
-25
437
746
635
111
-462
-655
-315
315
859
1066
985
772
558
350
144
-36
-143
-153
-102
-57
-82
-177
-316
-443
-495
-408
-201
22
105
-16
-219
-293
-101
290
651
742
503
68
-333
-525
-497
-340
-145
63
332
655
872
751
226
-470
-918
-838
-317
285
613
533
167
-234
-455
-429
-232
5
119
12
-321
-721
-987
-973
-744
-455
-217
-14
176
301
254
9
-298
-465
-435
-306
-246
-304
-345
-181
163
430
349
-73
-503
-578
-288
50
91
-204
-627
-908
-971
-853
-651
-421
-230
-112
-76
-94
-159
-249
-319
-293
-190
-116
-155
-246
-229
-25
248
389
329
164
30
-27
-90
-244
-455
-571
-483
-227
47
214
261
243
218
204
209
218
227
229
272
384
504
481
243
-109
-366
-395
-255
-86
48
174
303
370
291
67
-141
-139
125
477
690
651
457
259
156
138
133
64
-52
-111
14
308
618
752
664
430
158
-91
-252
-247
-44
262
452
346
-12
-375
-472
-219
176
392
286
6
-164
-87
126
266
274
236
260
330
335
182
-85
-310
-368
-258
-163
-258
-556
-836
-829
-443
123
539
628
455
213
30
-127
-327
-548
-643
-540
-307
-94
19
86
183
322
436
458
358
200
90
73
74
-4
-148
-172
73
488
759
668
282
-107
-263
-171
26
202
296
311
270
233
233
267
278
226
114
-46
-244
-436
-518
-387
-52
326
541
543
427
336
307
248
52
-240
-446
-413
-156
105
151
-58
-350
-540
-553
-440
-261
-45
180
323
289
90
-143
-256
-185
-31
41
-42
-199
-262
-138
133
409
649
864
1078
1185
1063
669
175
-180
-277
-189
-134
-254
-479
-576
-411
-82
155
145
-32
-170
-119
104
387
583
623
516
331
121
-65
-174
-152
-7
191
344
416
410
351
247
155
138
229
356
415
348
224
147
136
110
54
51
170
327
338
114
-179
-289
-111
217
434
368
7
-490
-891
-977
-742
-366
-120
-108
-183
-126
123
398
482
298
-32
-298
-334
-118
240
546
656
545
323
115
42
146
349
458
235
-356
-1013
-1256
-854
-27
626
623
-15
-786
-1126
-815
-171
283
247
-125
-458
-503
-356
-260
-344
-502
-548
-380
-126
-8
-204
-643
-1043
-1088
-690
-47
473
604
397
125
73
276
510
501
182
-252
-510
-435
-85
333
623
673
509
236
-41
-265
-450
-578
-576
-364
-7
297
313
-14
-474
-725
-576
-133
338
625
710
656
521
314
74
-136
-252
-244
-125
52
221
321
333
266
118
-111
-324
-356
-89
380
786
882
708
487
429
516
519
231
-242
-540
-407
35
396
399
177
60
211
466
561
386
55
-241
-380
-345
-191
-4
122
146
89
-1
-82
-126
-100
0
143
260
316
316
302
292
282
248
175
58
-75
-171
-196
-164
-151
-207
-281
-261
-95
136
283
257
70
-189
-428
-551
-465
-148
264
531
463
73
-417
-721
-697
-393
-5
271
309
114
-189
-411
-415
-198
119
380
470
351
122
-36
25
261
442
355
78
-101
31
372
589
432
21
-283
-221
129
408
306
-175
-710
-960
-801
-418
-87
32
-11
-71
-56
46
183
270
229
66
-107
-141
-3
192
289
203
-42
-329
-493
-451
-256
-95
-97
-204
-233
-77
186
400
465
419
333
257
189
140
112
95
72
30
-36
-65
21
294
682
925
742
136
-538
-829
-563
-27
323
259
-71
-290
-142
247
479
267
-275
-701
-640
-135
429
659
437
7
-256
-141
227
519
487
162
-216
-422
-389
-223
-74
-38
-100
-202
-283
-338
-369
-414
-481
-538
-496
-312
-38
157
136
-92
-369
-511
-426
-195
12
60
-38
-179
-266
-282
-248
-180
-78
42
142
202
224
198
97
-75
-243
-337
-338
-280
-179
16
317
622
750
654
440
275
198
140
44
-70
-156
-210
-240
-227
-148
-51
-12
-69
-169
-208
-121
66
254
328
227
-3
-231
-362
-390
-422
-513
-631
-655
-523
-262
-18
72
-8
-129
-139
-14
144
216
217
232
301
352
282
70
-161
-242
-121
90
231
230
140
46
3
29
151
356
558
615
510
344
235
175
78
-84
-228
-263
-160
44
287
460
458
267
18
-127
-97
45
188
253
198
22
-204
-346
-312
-129
14
-50
-320
-599
-712
-615
-430
-279
-220
-223
-262
-311
-315
-202
30
279
368
191
-163
-455
-485
-237
83
234
87
-276
-594
-593
-244
196
344
44
-502
-902
-915
-570
-115
203
233
-1
-341
-574
-567
-334
-46
119
102
-16
-128
-181
-173
-110
30
234
411
429
272
58
-35
53
217
288
211
69
-32
-66
-84
-122
-196
-299
-375
-323
-66
324
632
660
414
73
-132
-87
120
273
213
-17
-222
-244
-95
87
206
254
285
317
317
229
71
-73
-84
69
297
435
393
210
58
73
243
407
408
220
36
73
360
665
707
406
21
-110
125
495
661
456
35
-299
-340
-118
158
278
188
0
-125
-116
-48
-38
-100
-123
-4
223
367
260
-128
-629
-966
-894
-446
85
367
315
151
116
232
317
242
55
-107
-158
-152
-179
-224
-173
35
301
429
301
-31
-391
-582
-481
-146
204
320
143
-124
-217
-75
126
98
-265
-748
-944
-653
-61
388
407
100
-205
-252
-37
262
431
405
273
197
236
332
378
367
361
407
449
380
143
-221
-579
-805
-802
-598
-303
-118
-157
-367
-539
-494
-220
130
377
436
325
149
25
42
180
330
370
266
80
-87
-171
-184
-171
-147
-78
61
222
301
231
91
30
56
20
-212
-547
-707
-493
-73
193
71
-318
-636
-621
-282
163
445
419
139
-184
-275
-17
388
557
290
-229
-592
-539
-198
102
151
-4
-146
-101
139
412
531
421
209
86
187
448
670
650
416
180
201
503
854
926
625
128
-243
-293
-114
41
-21
-260
-471
-463
-288
-148
-190
-338
-395
-250
28
282
405
369
261
201
230
242
56
-353
-760
-857
-607
-254
-89
-154
-273
-267
-158
-80
-117
-225
-307
-289
-180
-48
45
94
169
315
498
602
553
371
151
-31
-187
-352
-503
-532
-357
-15
327
487
389
102
-162
-200
43
398
601
492
107
-376
-748
-836
-602
-170
216
364
281
118
65
184
328
262
-76
-463
-541
-176
393
755
655
162
-382
-610
-357
213
703
768
374
-204
-604
-632
-411
-208
-251
-516
-799
-849
-622
-272
-51
-74
-273
-460
-481
-296
37
393
677
819
847
792
687
520
321
152
7
-181
-479
-786
-881
-602
-117
218
193
-62
-230
-137
69
122
-39
-222
-227
-48
119
104
-118
-415
-660
-763
-686
-427
-83
192
270
149
-38
-143
-150
-149
-174
-132
71
371
590
598
423
172
-92
-334
-478
-430
-195
106
296
278
152
106
249
474
545
315
-89
-371
-302
74
528
816
850
658
350
45
-135
-137
-43
-3
-91
-233
-305
-263
-185
-149
-141
-91
40
212
276
98
-308
-709
-839
-613
-234
27
65
-16
-107
-198
-302
-351
-254
-26
171
190
58
-77
-122
-104
-119
-204
-311
-346
-288
-190
-96
14
144
225
130
-161
-470
-543
-307
60
274
192
-63
-241
-195
11
179
159
-17
-179
-158
69
361
512
422
148
-109
-172
-30
161
211
63
-141
-205
-71
133
192
11
-331
-629
-739
-634
-419
-214
-56
99
300
499
623
625
521
330
35
-341
-690
-844
-704
-304
200
603
750
597
288
41
23
199
459
688
879
990
919
564
44
-358
-384
-38
398
587
381
-90
-490
-519
-94
555
1025
1003
571
94
-61
149
457
550
354
32
-168
-119
102
284
246
-7
-287
-379
-288
-199
-271
-438
-516
-402
-202
-79
-91
-164
-244
-322
-431
-548
-667
-759
-814
-768
-621
-435
-310
-252
-177
-25
116
107
-93
-361
-500
-391
-85
239
396
308
52
-204
-323
-272
-192
-239
-384
-401
-89
462
909
943
628
274
166
305
486
484
236
-141
-465
-592
-492
-230
35
150
46
-199
-406
-412
-167
233
602
754
644
363
135
112
300
536
629
477
89
-409
-826
-950
-667
-58
571
873
728
298
-80
-185
-49
122
172
103
-16
-145
-292
-423
-453
-313
-77
98
103
-35
-170
-165
-36
72
72
26
69
225
353
302
61
-236
-419
-385
-180
37
133
114
103
177
234
107
-185
-406
-327
32
360
352
-5
-427
-614
-480
-218
-73
-124
-232
-276
-277
-320
-374
-322
-122
92
162
46
-164
-379
-531
-621
-651
-670
-679
-656
-545
-384
-261
-227
-213
-145
-46
-46
-202
-443
-620
-674
-613
-451
-182
157
445
538
370
47
-232
-313
-196
-16
80
26
-130
-300
-403
-425
-386
-318
-221
-99
30
143
228
272
241
147
60
149
486
900
1036
617
-274
-1251
-1844
-1968
-1800
-1725
-1852
-2123
-2258
-2128
-1703
-1153
-637
-222
147
566
995
1357
1536
1612
1650
1739
1788
1821
1835
1901
1909
1779
1455
1061
699
364
-22
-483
-899
-1178
-1262
-1296
-1378
-1611
-1886
-2119
-2162
-2040
-1770
-1448
-1083
-691
-281
106
408
617
732
853
1025
1322
1659
1944
2006
1875
1629
1439
1307
1151
844
416
7
-299
-523
-799
-1139
-1430
-1452
-1237
-971
-975
-1296
-1770
-2040
-1928
-1433
-797
-276
-19
24
97
391
976
1642
2184
2399
2364
2169
1994
1839
1711
1525
1282
968
656
402
238
121
2
-110
-133
-9
205
357
363
267
196
211
250
209
101
38
130
345
481
329
-74
-436
-495
-263
-37
-62
-306
-509
-442
-84
378
675
627
257
-168
-346
-172
172
346
152
-297
-678
-708
-343
135
348
132
-309
-556
-352
144
523
498
126
-268
-387
-133
350
803
970
769
320
-107
-303
-218
43
318
466
434
267
88
-6
49
241
464
542
399
135
-12
81
298
401
274
1
-190
-135
163
517
698
584
234
-166
-380
-271
85
424
510
316
62
-34
73
242
286
120
-155
-326
-253
-2
179
105
-159
-356
-321
-121
-3
-124
-444
-751
-866
-717
-439
-236
-275
-505
-767
-892
-853
-681
-414
-78
259
487
515
331
69
-82
-13
196
282
45
-433
-802
-734
-208
436
778
665
269
-51
-63
194
463
513
305
58
21
297
719
999
914
560
231
146
236
245
26
-303
-497
-453
-266
-99
-29
-21
-4
22
4
-123
-331
-520
-560
-380
-17
323
398
114
-349
-658
-596
-234
168
367
290
41
-191
-210
49
448
718
679
373
55
-61
35
176
240
236
281
413
558
570
401
129
-59
-32
153
277
174
-103
-296
-198
151
496
586
356
6
-176
-35
298
517
404
-5
-462
-721
-668
-404
-127
12
20
15
75
151
136
10
-128
-192
-189
-188
-201
-169
-51
135
318
452
495
440
306
127
-70
-236
-288
-183
11
121
29
-181
-299
-223
-44
67
49
1
36
135
180
99
-56
-201
-291
-376
-489
-603
-616
-485
-255
-53
28
-1
-51
-6
169
401
539
509
358
236
226
309
385
422
434
423
333
120
-176
-381
-330
-53
222
202
-192
-730
-1021
-854
-335
198
463
426
248
164
279
539
739
705
410
50
-139
-70
126
232
138
-63
-183
-143
-29
8
-77
-132
29
374
629
524
71
-408
-572
-379
-65
130
167
122
42
-52
-106
-58
56
100
-1
-139
-142
53
344
579
641
551
401
258
98
-90
-228
-201
-4
175
133
-177
-587
-845
-767
-407
0
203
139
-30
-95
2
150
175
6
-225
-289
-105
161
214
-66
-494
-738
-616
-213
249
570
671
563
358
190
179
317
414
254
-169
-596
-769
-640
-453
-430
-547
-568
-395
-159
-28
1
61
196
257
102
-218
-492
-550
-369
-32
336
584
583
301
-144
-558
-780
-834
-810
-745
-556
-228
117
290
225
65
-1
91
243
293
147
-181
-549
-783
-760
-522
-218
-28
-18
-135
-252
-259
-117
90
212
110
-201
-538
-660
-470
-69
292
407
283
102
25
42
-1
-191
-476
-692
-733
-579
-328
-107
-10
-23
-75
-111
-140
-179
-245
-327
-408
-432
-361
-201
-21
112
193
245
263
206
72
-75
-118
6
238
420
458
373
288
267
265
183
-23
-287
-515
-624
-641
-624
-574
-401
-77
272
453
386
187
22
-94
-245
-462
-624
-578
-282
95
309
315
279
398
636
784
669
453
416
701
1089
1230
911
321
-153
-213
100
515
741
664
343
-38
-290
-314
-158
9
58
-7
-76
-35
132
337
432
398
332
314
277
86
-254
-503
-411
23
522
758
584
173
-156
-196
-14
125
25
-244
-415
-250
228
725
882
540
-132
-761
-1008
-774
-212
369
683
679
506
398
422
473
397
179
-71
-207
-160
-6
99
77
0
-3
89
146
47
-177
-362
-377
-211
-6
68
-38
-195
-244
-151
-5
103
186
277
330
250
18
-257
-447
-489
-403
-225
-34
66
1
-176
-363
-488
-561
-560
-492
-409
-403
-455
-424
-201
133
383
369
63
-349
-571
-454
-131
92
53
-69
13
359
710
776
500
139
-15
81
208
159
-54
-226
-193
-16
102
56
-64
-112
-54
0
-47
-179
-288
-275
-111
182
504
750
821
651
228
-326
-759
-842
-545
-90
249
339
230
109
137
328
513
501
251
-71
-267
-242
-39
236
459
524
386
121
-126
-230
-166
-22
80
61
-68
-245
-385
-452
-437
-351
-192
-9
110
109
27
-24
17
86
77
-33
-157
-224
-234
-257
-318
-392
-425
-386
-262
-65
149
233
68
-307
-658
-755
-542
-215
-9
-37
-218
-371
-348
-137
131
284
242
115
73
139
153
-68
-494
-826
-739
-238
327
587
467
250
236
479
751
794
516
72
-281
-378
-252
-78
8
-11
-65
-108
-145
-210
-302
-366
-325
-139
136
361
398
229
-35
-223
-229
-88
76
122
-4
-197
-264
-88
241
475
419
98
-286
-528
-537
-326
28
417
701
782
638
359
66
-199
-442
-665
-791
-787
-671
-515
-335
-105
163
360
366
203
21
19
253
597
802
718
391
77
4
165
327
273
18
-228
-279
-169
-65
-50
-47
47
220
318
203
-93
-377
-472
-344
-130
9
3
-84
-76
154
555
874
846
417
-93
-272
33
558
869
727
284
-119
-294
-303
-313
-374
-365
-153
181
378
223
-222
-692
-913
-837
-577
-280
-27
133
169
97
-15
-112
-186
-227
-181
-20
177
212
-28
-433
-730
-705
-342
100
292
73
-392
-720
-618
-196
166
174
-105
-327
-233
121
451
541
382
134
-41
-43
116
351
528
561
444
256
75
-63
-156
-223
-273
-307
-289
-170
53
287
388
295
81
-130
-267
-327
-309
-215
-72
53
114
139
168
236
332
456
574
604
453
149
-154
-222
46
478
730
596
180
-192
-281
-137
11
10
-100
-194
-199
-140
-73
5
119
242
278
171
-32
-232
-360
-396
-327
-154
67
227
248
155
34
-37
-32
29
87
106
98
119
187
284
355
392
399
410
430
438
372
190
-71
-283
-314
-160
56
156
64
-119
-211
-113
100
253
225
104
75
247
509
626
442
31
-366
-538
-428
-145
139
349
492
614
681
679
618
556
485
346
107
-159
-335
-372
-299
-170
-23
122
236
288
259
236
320
494
571
382
-31
-397
-461
-224
96
292
309
211
72
-13
40
245
472
533
348
-3
-366
-733
-1115
-1405
-1336
-771
103
828
1027
710
191
-191
-305
-288
-337
-534
-737
-738
-451
-29
278
328
175
-22
-149
-211
-258
-290
-244
-89
111
249
262
204
171
220
312
387
397
361
302
208
40
-252
-623
-929
-965
-707
-319
-85
-129
-342
-492
-449
-250
-77
-79
-279
-522
-598
-406
-57
225
301
211
95
41
11
-66
-214
-364
-424
-330
-119
90
195
191
154
139
132
93
28
-21
-31
-22
-18
-17
4
54
126
192
211
140
-20
-190
-286
-281
-234
-202
-167
-75
66
176
243
332
473
555
413
30
-353
-449
-224
87
198
35
-247
-422
-392
-211
-29
32
-46
-166
-187
-51
145
236
154
-19
-147
-165
-171
-285
-476
-550
-380
-53
193
208
54
-99
-158
-135
-79
-20
-7
-83
-212
-271
-156
97
299
274
33
-244
-361
-255
-35
128
155
98
78
147
211
132
-73
-215
-129
131
299
167
-170
-405
-324
5
247
123
-350
-838
-979
-657
-96
351
464
271
-34
-256
-353
-398
-466
-514
-405
-63
436
863
1025
851
434
-60
-433
-534
-352
-28
226
287
231
210
319
485
538
353
64
-51
198
661
1008
992
695
350
138
74
96
131
169
226
302
333
255
75
-88
-112
13
170
220
117
-105
-361
-569
-636
-494
-157
226
459
419
142
-134
-154
159
593
824
666
247
-143
-288
-178
37
187
175
19
-184
-320
-330
-233
-70
128
346
523
594
522
379
257
196
149
86
31
25
53
28
-111
-297
-375
-208
188
639
898
828
470
69
-125
-66
61
46
-125
-276
-246
-140
-184
-454
-739
-782
-524
-176
26
-29
-274
-586
-810
-828
-607
-340
-261
-435
-646
-635
-345
38
304
427
487
543
554
525
492
500
508
446
278
83
-29
-54
-89
-205
-329
-367
-309
-239
-200
-155
-67
5
-16
-139
-290
-358
-253
22
335
469
283
-137
-523
-570
-172
485
1017
1154
885
449
86
-105
-164
-153
-103
-68
-99
-201
-298
-294
-158
-1
35
-19
16
336
874
1323
1334
911
360
16
-54
-43
-134
-280
-289
-62
285
500
398
84
-139
-69
181
281
43
-374
-620
-510
-153
186
325
247
50
-196
-448
-657
-728
-654
-501
-392
-356
-353
-323
-268
-207
-119
26
202
314
310
217
129
91
112
169
200
114
-128
-415
-554
-437
-193
-35
-76
-229
-337
-306
-230
-265
-456
-642
-599
-254
165
333
124
-269
-482
-307
126
471
469
151
-222
-386
-288
-72
97
161
175
192
262
387
561
703
668
354
-144
-560
-676
-486
-198
-18
14
0
14
34
50
107
221
304
188
-178
-611
-814
-681
-353
-158
-284
-632
-867
-701
-133
539
932
882
510
143
23
173
397
487
362
127
-59
-105
-42
-3
-97
-317
-517
-563
-434
-236
-77
19
81
118
114
39
-103
-206
-129
178
558
745
576
169
-197
-321
-217
-78
-74
-197
-281
-132
272
751
1018
906
460
-38
-280
-162
139
317
206
-87
-308
-338
-257
-241
-345
-509
-612
-586
-405
-149
41
13
-230
-504
-577
-432
-243
-194
-274
-332
-249
-88
8
-28
-133
-208
-203
-104
71
279
426
438
308
196
258
494
692
624
248
-212
-461
-408
-202
-98
-206
-412
-487
-325
-30
195
231
148
89
133
224
258
179
18
-146
-244
-240
-110
132
385
485
346
48
-154
-60
283
597
630
349
-41
-300
-331
-200
8
243
454
540
365
-98
-622
-845
-552
112
667
681
161
-455
-641
-232
440
837
665
68
-534
-784
-628
-259
87
291
368
366
305
169
-65
-363
-654
-822
-841
-750
-577
-280
141
539
692
505
177
0
116
399
607
566
296
-42
-292
-384
-357
-267
-188
-160
-185
-208
-215
-234
-292
-324
-248
-69
55
-13
-242
-446
-485
-360
-202
-123
-155
-241
-330
-388
-372
-233
9
237
376
446
570
766
939
935
721
366
60
-27
194
600
887
766
275
-245
-386
-43
493
783
625
166
-268
-453
-381
-183
-10
58
53
70
144
185
82
-139
-302
-254
-1
308
561
702
693
484
136
-170
-263
-145
17
76
36
-9
31
167
338
419
369
267
210
169
47
-156
-300
-265
-73
159
343
427
399
286
140
0
-138
-263
-334
-305
-216
-158
-202
-316
-385
-303
-111
39
58
11
53
235
484
659
691
568
324
26
-243
-415
-487
-465
-364
-203
-62
-22
-71
-99
11
252
454
425
187
-37
-54
96
201
121
-30
-42
161
430
497
207
-362
-902
-1126
-936
-482
2
349
501
487
360
243
235
374
565
598
311
-235
-740
-886
-584
-68
319
423
333
212
112
11
-85
-100
4
125
119
-31
-185
-206
-87
-13
-149
-497
-833
-943
-759
-429
-138
12
47
16
-47
-81
-16
194
471
661
630
384
43
-272
-490
-576
-493
-258
41
222
147
-151
-465
-553
-317
72
322
244
-90
-441
-598
-544
-386
-224
-72
83
218
281
240
178
205
346
467
378
20
-416
-627
-471
-82
245
311
110
-217
-501
-599
-439
-69
309
465
342
90
-66
-37
119
276
340
262
26
-293
-530
-527
-283
48
231
132
-179
-469
-533
-341
-61
113
115
26
-45
-57
0
125
307
469
507
370
169
59
114
245
306
216
81
67
174
207
-70
-627
-1172
-1338
-1061
-556
-167
-67
-203
-368
-428
-377
-264
-95
120
307
346
196
-82
-372
-592
-668
-514
-108
416
794
822
488
1
-366
-455
-292
-22
208
338
375
315
127
-155
-388
-435
-288
-45
196
410
553
512
216
-254
-670
-842
-710
-393
-67
134
180
162
186
252
245
44
-313
-658
-805
-738
-543
-367
-286
-267
-195
1
252
396
334
106
-165
-400
-563
-653
-648
-555
-388
-182
25
136
56
-173
-341
-258
39
266
179
-124
-309
-124
341
744
776
446
22
-189
-92
163
334
244
-91
-483
-686
-537
-80
427
672
545
197
-92
-163
-70
35
60
21
-8
27
145
300
386
301
63
-183
-270
-151
48
159
122
12
-106
-235
-412
-587
-594
-294
215
630
634
173
-458
-821
-682
-168
321
443
150
-307
-621
-634
-436
-214
-105
-100
-96
-16
181
456
673
649
322
-153
-482
-481
-254
-50
-22
-113
-163
-83
92
247
277
148
-75
-260
-288
-145
7
-18
-267
-573
-697
-516
-147
174
304
270
230
289
346
197
-188
-556
-593
-240
166
238
-155
-765
-1222
-1260
-902
-372
16
92
-58
-185
-93
179
395
351
62
-266
-374
-145
297
651
681
390
6
-239
-270
-153
-12
59
17
-99
-168
-88
102
241
240
171
187
318
395
228
-169
-568
-735
-596
-314
-116
-102
-174
-183
-85
-25
-154
-449
-683
-607
-169
416
809
805
445
-12
-296
-294
-97
61
-3
-255
-456
-432
-235
-68
-32
-20
109
310
386
191
-218
-595
-678
-439
-91
62
-87
-347
-414
-172
211
438
338
39
-177
-153
14
128
108
79
177
341
361
100
-335
-686
-740
-545
-306
-222
-301
-395
-338
-114
143
248
126
-149
-407
-516
-433
-220
15
180
240
233
210
162
35
-174
-359
-414
-327
-226
-215
-257
-218
-63
100
150
81
-12
-51
-77
-156
-254
-249
-74
194
360
275
-29
-360
-489
-318
26
292
331
200
95
123
241
323
285
118
-131
-361
-484
-470
-359
-194
-23
92
109
55
80
295
619
795
625
157
-311
-479
-271
135
457
505
302
29
-106
-36
127
205
150
67
116
315
532
588
477
324
247
221
63
-342
-947
-1482
-1838
-2019
-2183
-2263
-2198
-1924
-1619
-1391
-1190
-816
-192
526
1116
1405
1417
1221
1015
939
1164
1609
2108
2365
2271
1811
1205
685
454
488
584
513
152
-422
-1107
-1724
-2192
-2375
-2365
-2247
-2241
-2329
-2424
-2296
-1939
-1440
-941
-462
55
599
1073
1310
1307
1142
1030
1063
1271
1498
1621
1530
1295
1002
794
706
618
324
-317
-1150
-1879
-2186
-2114
-1845
-1661
-1600
-1638
-1638
-1623
-1598
-1611
-1560
-1333
-848
-156
559
1151
1507
1692
1743
1778
1783
1862
2008
2208
2251
2047
1608
1168
876
730
578
326
1
-193
-65
368
805
903
560
27
-347
-371
-102
253
473
396
21
-409
-561
-283
241
563
366
-216
-702
-705
-252
232
341
34
-373
-546
-398
-121
49
10
-158
-286
-251
-52
185
388
568
742
796
558
7
-557
-732
-378
244
675
619
165
-335
-558
-422
-100
155
225
172
125
125
99
-26
-191
-252
-157
-8
7
-188
-491
-691
-653
-386
-104
-35
-279
-672
-959
-967
-768
-525
-371
-299
-256
-186
-91
-10
-3
-86
-172
-127
138
541
844
802
393
-157
-524
-525
-257
35
148
65
-62
-69
58
176
99
-208
-596
-825
-767
-467
-129
57
43
-57
-129
-162
-203
-241
-213
-98
-32
-150
-420
-621
-558
-231
144
325
217
-85
-420
-648
-722
-643
-453
-195
47
181
179
106
40
-7
-78
-177
-252
-249
-199
-161
-160
-162
-179
-246
-408
-606
-715
-611
-322
3
199
207
100
0
3
118
295
435
491
465
434
435
430
326
81
-238
-461
-439
-169
188
418
400
190
-50
-162
-93
44
67
-100
-334
-390
-145
234
431
322
80
13
221
506
568
338
4
-211
-245
-232
-305
-440
-475
-307
-2
213
158
-127
-398
-414
-136
290
649
801
689
403
115
21
157
333
298
-11
-394
-581
-455
-167
40
15
-194
-410
-456
-308
-91
28
-2
-79
-67
43
138
125
31
33
265
634
841
613
-32
-738
-1066
-892
-446
-108
-49
-207
-406
-566
-663
-671
-534
-271
27
226
246
140
37
61
211
368
385
260
114
62
84
74
-21
-148
-222
-252
-287
-343
-358
-272
-83
129
258
235
72
-168
-386
-539
-614
-613
-504
-330
-193
-267
-582
-1000
-1244
-1143
-702
-132
311
466
347
137
29
83
185
157
-69
-351
-455
-328
-136
-93
-213
-302
-185
79
273
311
295
348
424
346
31
-354
-523
-371
-47
184
180
29
-70
-29
69
54
-142
-408
-539
-438
-179
55
135
117
141
266
382
307
-18
-414
-593
-421
-34
335
540
566
432
197
-22
-74
67
231
217
-15
-318
-485
-388
-135
30
-59
-306
-463
-370
-157
-61
-176
-361
-432
-331
-163
-50
-39
-86
-163
-261
-337
-310
-164
12
59
-92
-332
-458
-403
-266
-222
-317
-434
-412
-235
-32
81
112
157
260
333
248
-4
-283
-399
-273
26
329
460
325
-26
-403
-568
-401
-28
281
338
177
-11
-73
-14
57
60
9
-54
-95
-126
-159
-185
-171
-79
94
280
364
290
107
-44
-63
-1
7
-74
-134
-46
166
346
361
292
304
440
538
366
-121
-660
-858
-563
1
413
426
196
67
213
472
545
298
-106
-381
-377
-169
59
173
176
146
164
233
259
134
-120
-322
-291
-37
228
296
152
-54
-193
-238
-239
-222
-217
-245
-297
-299
-190
-7
188
376
607
834
891
625
153
-216
-226
88
467
645
521
163
-241
-486
-450
-185
38
-29
-390
-763
-833
-513
-52
208
123
-156
-385
-429
-381
-390
-521
-669
-649
-341
177
646
861
793
629
525
475
347
90
-193
-382
-445
-408
-266
33
448
780
800
464
-49
-459
-576
-441
-233
-73
66
270
505
545
196
-395
-783
-661
-160
249
238
-34
-151
64
383
414
9
-563
-851
-694
-315
-87
-144
-277
-194
107
342
308
90
-32
84
346
549
616
572
479
360
262
214
218
229
217
179
142
112
92
83
88
91
70
22
10
87
273
501
679
711
626
510
452
429
342
125
-143
-296
-320
-353
-541
-811
-881
-530
128
705
833
445
-167
-591
-623
-371
-131
-91
-242
-417
-492
-431
-309
-211
-240
-411
-656
-815
-747
-420
-8
234
139
-219
-574
-661
-452
-129
59
20
-179
-383
-455
-325
-84
81
-17
-352
-700
-797
-599
-257
11
99
26
-116
-232
-253
-165
-14
89
59
-76
-188
-182
-85
9
47
49
40
4
-70
-160
-223
-260
-275
-272
-244
-218
-218
-276
-370
-444
-411
-254
-35
130
177
172
223
356
460
404
174
-85
-199
-111
88
211
125
-142
-397
-445
-251
-24
-6
-228
-460
-441
-131
208
271
-4
-380
-529
-303
101
330
153
-322
-795
-996
-897
-620
-283
73
385
532
426
117
-197
-323
-234
-51
130
300
446
471
308
26
-97
141
598
859
642
67
-398
-376
99
640
819
484
-108
-503
-416
34
431
446
111
-265
-460
-483
-468
-453
-339
-46
348
636
662
413
33
-275
-379
-286
-135
-62
-99
-165
-121
99
393
540
403
66
-218
-253
-93
49
10
-173
-360
-433
-341
-96
243
547
659
504
186
-97
-183
-52
161
269
167
-88
-297
-286
-60
198
272
100
-222
-520
-661
-580
-325
-26
171
212
146
48
-13
8
108
209
205
69
-167
-437
-681
-789
-651
-262
220
574
693
600
380
99
-212
-494
-641
-544
-221
165
409
409
244
60
-68
-165
-282
-397
-407
-224
86
325
294
-19
-431
-689
-670
-420
-83
202
342
301
153
36
26
61
11
-148
-275
-215
14
234
285
148
-31
-84
33
205
255
97
-178
-378
-398
-284
-205
-254
-390
-472
-424
-274
-70
168
416
581
559
333
77
-2
115
227
123
-189
-442
-369
-34
226
94
-395
-866
-917
-474
181
646
693
411
72
-74
19
219
342
325
229
158
138
197
351
571
704
608
294
7
-26
180
380
362
125
-96
-71
194
447
431
117
-297
-573
-599
-398
-53
323
633
797
800
643
358
11
-283
-419
-326
-22
389
722
839
706
460
255
161
123
43
-110
-283
-379
-372
-299
-233
-191
-172
-165
-208
-315
-439
-473
-371
-185
-72
-135
-274
-260
23
419
645
550
318
233
399
627
685
503
266
184
269
326
149
-260
-676
-823
-593
-112
360
592
542
329
172
194
330
386
208
-162
-524
-670
-540
-228
82
234
184
13
-112
-79
94
278
350
275
144
69
110
220
316
328
245
95
-39
-65
53
233
325
234
3
-235
-351
-292
-70
231
448
422
154
-168
-268
-34
369
632
633
481
420
525
641
526
170
-188
-264
-9
388
670
701
482
142
-146
-219
-52
154
145
-178
-631
-887
-718
-224
268
500
465
366
351
431
505
483
325
28
-334
-628
-719
-686
-696
-824
-890
-633
-11
629
837
473
-176
-645
-653
-289
134
314
167
-151
-377
-267
205
790
1100
910
321
-288
-568
-468
-198
0
44
-20
-123
-195
-166
26
330
595
664
474
77
-397
-755
-817
-523
-58
274
285
45
-153
-73
277
649
754
472
-6
-334
-296
8
285
334
234
180
225
231
56
-263
-472
-329
136
602
770
600
330
188
185
172
71
-51
-85
-13
114
239
313
275
117
-61
-104
33
201
205
-1
-282
-442
-374
-101
247
510
568
397
86
-264
-568
-723
-601
-138
517
1043
1150
814
246
-257
-491
-417
-143
142
283
204
-50
-338
-487
-410
-156
116
262
289
292
387
557
694
662
476
265
185
258
382
418
270
-58
-421
-586
-388
101
605
837
764
536
355
283
278
252
184
108
99
186
335
443
393
145
-193
-419
-402
-177
83
232
255
222
205
208
229
261
260
157
-52
-256
-318
-212
-64
-10
-33
-6
164
414
586
546
360
216
312
630
947
971
623
88
-296
-319
-50
246
324
136
-153
-319
-247
-5
211
235
24
-300
-511
-422
-86
229
243
-70
-466
-648
-510
-154
252
567
674
495
116
-236
-364
-266
-130
-106
-182
-245
-250
-225
-234
-292
-344
-297
-105
162
361
382
281
197
172
105
-116
-436
-653
-597
-297
70
360
522
561
466
250
-21
-225
-264
-131
96
322
463
450
249
-70
-344
-436
-331
-117
108
259
258
91
-131
-177
80
516
822
741
261
-309
-572
-393
-11
178
10
-277
-317
-13
384
479
105
-590
-1220
-1439
-1108
-447
147
296
-54
-601
-909
-790
-385
36
320
528
722
884
894
715
398
90
-82
-105
-83
-188
-468
-800
-950
-827
-527
-257
-123
-83
-34
71
188
242
177
-9
-238
-406
-437
-370
-289
-255
-240
-195
-112
-49
-52
-86
-68
64
277
427
356
37
-361
-621
-625
-471
-321
-237
-145
-5
111
82
-106
-285
-256
-38
150
97
-175
-445
-493
-379
-322
-527
-923
-1250
-1221
-824
-289
93
213
189
194
286
378
321
51
-324
-568
-499
-144
239
381
173
-259
-661
-787
-604
-277
-33
48
18
-48
-88
-48
142
446
666
582
178
-321
-619
-566
-274
12
128
101
71
126
234
292
181
-134
-547
-819
-776
-441
-27
268
336
168
-157
-457
-559
-430
-205
-14
106
164
174
153
160
216
282
286
241
207
289
506
772
897
753
368
-59
-331
-402
-358
-324
-336
-405
-508
-578
-495
-188
256
616
700
529
269
112
121
247
371
439
456
506
614
746
788
684
451
186
-30
-195
-348
-470
-460
-284
-46
96
94
62
116
240
314
247
54
-152
-235
-163
-36
-29
-213
-476
-601
-450
-65
344
549
480
246
67
77
217
298
184
-77
-322
-411
-349
-220
-164
-253
-504
-796
-994
-989
-835
-633
-470
-336
-205
-78
20
74
79
26
-60
-111
-51
106
291
431
503
470
339
169
104
211
383
412
186
-200
-508
-537
-308
-23
158
240
323
419
463
401
284
180
75
-83
-261
-339
-238
-4
191
191
21
-145
-126
95
333
361
151
-104
-141
114
498
742
710
452
153
-27
-14
144
302
310
128
-136
-276
-165
86
221
93
-181
-359
-312
-177
-161
-320
-502
-521
-313
-13
175
165
46
35
243
586
815
790
562
347
281
338
374
312
185
63
-30
-131
-259
-371
-381
-305
-236
-296
-474
-645
-648
-472
-227
-45
45
118
235
361
384
216
-111
-424
-510
-298
78
375
434
280
47
-114
-126
-22
82
95
35
1
45
134
202
243
277
303
280
187
49
-82
-159
-180
-165
-145
-123
-95
-57
-27
-23
-30
-13
18
5
-84
-183
-210
-158
-87
-30
59
204
332
332
180
-37
-186
-192
-63
123
305
443
505
440
249
11
-151
-176
-167
-263
-455
-543
-318
199
748
1018
877
411
-81
-292
-129
192
316
84
-327
-593
-554
-290
-17
100
55
-30
-12
136
335
462
421
189
-178
-533
-715
-628
-366
-114
45
181
352
459
364
79
-161
-152
69
279
371
410
519
674
741
599
316
59
-96
-208
-320
-353
-192
138
408
388
91
-238
-394
-367
-353
-491
-683
-663
-315
182
513
504
285
104
108
239
345
299
96
-151
-317
-344
-248
-70
111
191
131
7
-35
59
153
77
-173
-404
-447
-300
-51
230
521
731
754
564
282
47
-128
-291
-424
-424
-231
81
310
289
32
-267
-355
-125
247
426
178
-395
-888
-905
-432
173
513
474
241
43
-34
-35
-17
-3
-4
-17
-28
-31
-26
-8
43
125
225
314
408
505
576
540
379
153
20
78
284
460
440
196
-166
-477
-601
-477
-158
209
429
386
141
-127
-307
-414
-520
-596
-516
-205
234
572
637
417
80
-169
-192
-13
236
402
413
286
133
67
141
291
386
319
93
-182
-365
-367
-187
89
309
343
161
-129
-339
-333
-134
108
248
244
177
138
181
280
370
369
225
-38
-251
-225
64
405
470
110
-461
-821
-667
-56
662
1091
1119
885
661
563
530
408
182
-19
-77
-23
-2
-96
-195
-123
151
448
540
348
38
-146
-119
-6
-1
-158
-371
-479
-470
-433
-485
-615
-712
-635
-349
51
363
412
176
-192
-441
-397
-113
188
295
174
-28
-142
-116
-20
70
128
154
135
8
-245
-495
-518
-218
242
569
586
407
253
234
274
245
100
-103
-261
-307
-238
-128
-69
-131
-282
-422
-438
-328
-171
-66
-38
-110
-284
-554
-807
-848
-544
-31
363
360
-19
-468
-650
-512
-254
-150
-272
-424
-329
74
541
672
276
-423
-937
-886
-282
475
900
806
374
1
-50
164
360
371
268
247
358
458
382
193
99
214
417
455
189
-259
-601
-626
-341
16
182
58
-218
-373
-230
140
472
501
174
-308
-640
-644
-371
-36
167
207
182
206
280
316
226
17
-204
-361
-439
-469
-439
-305
-67
203
391
420
271
34
-139
-115
91
306
342
163
-105
-262
-200
26
241
349
383
423
444
370
189
76
193
461
588
393
0
-247
-136
229
539
602
439
209
29
-41
-6
66
70
-43
-194
-189
74
446
623
440
16
-340
-404
-187
122
350
427
401
346
307
256
165
48
-28
-24
22
36
-9
-72
-134
-215
-298
-284
-111
134
273
213
78
45
139
222
178
32
-117
-205
-261
-315
-355
-332
-233
-82
108
316
509
610
596
490
327
103
-167
-391
-428
-221
102
325
348
238
186
295
491
568
373
-49
-492
-732
-686
-418
-99
116
152
47
-99
-199
-230
-208
-157
-84
-9
37
84
196
419
671
789
644
330
70
46
226
403
375
92
-313
-638
-714
-524
-189
68
94
-64
-202
-176
-34
63
35
-72
-176
-237
-229
-130
35
187
259
251
193
88
-65
-178
-134
119
466
738
806
674
408
80
-237
-435
-418
-206
57
152
-28
-384
-652
-596
-190
343
688
707
487
242
92
18
-52
-125
-146
-75
61
238
418
548
535
361
115
-54
-86
-65
-100
-166
-135
105
490
828
903
658
210
-241
-533
-661
-693
-681
-579
-360
-82
79
3
-287
-607
-751
-599
-224
163
321
161
-248
-706
-1052
-1173
-1156
-1127
-1228
-1386
-1477
-1370
-1210
-1169
-1308
-1406
-1258
-828
-314
84
353
572
832
1083
1309
1449
1566
1648
1765
1869
1968
1968
1848
1557
1140
648
136
-349
-790
-1118
-1334
-1417
-1481
-1560
-1717
-1858
-1915
-1763
-1489
-1219
-1082
-995
-771
-300
293
738
952
1028
1239
1637
2118
2372
2311
1982
1663
1492
1450
1307
946
434
28
-94
13
125
-6
-429
-1055
-1624
-1986
-2038
-1935
-1797
-1816
-1968
-2175
-2205
-1928
-1315
-503
303
939
1286
1445
1544
1718
1848
1844
1662
1544
1626
1911
2129
2098
1732
1154
524
-19
-410
-607
-568
-353
-111
-32
-174
-370
-371
-120
191
262
-17
-436
-637
-448
-14
330
356
121
-131
-205
-98
47
101
70
55
130
254
338
325
184
-81
-390
-575
-487
-148
221
385
330
217
155
88
-71
-270
-394
-399
-307
-113
235
663
918
766
264
-275
-560
-524
-299
-53
128
224
222
118
-40
-165
-185
-87
38
73
-66
-329
-573
-640
-503
-257
13
285
578
819
904
768
502
240
17
-221
-454
-538
-287
285
929
1284
1210
822
390
91
-66
-167
-279
-381
-432
-393
-301
-226
-259
-403
-575
-637
-461
-30
501
852
779
268
-378
-749
-601
-33
566
799
563
84
-267
-284
-29
270
448
476
409
288
180
155
240
345
314
80
-283
-605
-803
-857
-795
-615
-329
9
276
346
170
-164
-466
-550
-404
-174
-60
-121
-236
-233
-71
139
262
257
142
-54
-298
-494
-547
-431
-274
-211
-259
-306
-235
-36
168
224
79
-169
-344
-323
-64
360
789
998
852
401
-79
-310
-211
66
296
343
247
133
77
50
20
10
113
347
592
643
453
162
-3
45
168
159
-3
-141
-46
276
588
615
283
-223
-584
-571
-245
111
216
35
-206
-253
-37
293
527
529
314
4
-255
-372
-394
-417
-458
-403
-154
216
453
351
-57
-512
-773
-750
-531
-249
4
199
351
459
517
485
318
13
-325
-522
-472
-225
28
131
67
-59
-96
29
263
440
411
167
-122
-258
-193
-44
46
47
62
176
384
568
596
396
51
-244
-326
-204
-52
-18
-129
-288
-398
-401
-317
-209
-158
-176
-216
-210
-155
-93
-53
-16
16
1
-78
-155
-102
125
402
519
348
-53
-486
-728
-687
-424
-102
143
250
225
96
-93
-255
-288
-167
23
169
224
233
234
182
8
-207
-273
-75
271
470
320
-98
-491
-578
-289
177
497
476
182
-102
-149
68
374
538
411
52
-307
-395
-133
260
446
238
-239
-604
-526
-35
487
587
143
-513
-870
-736
-341
-115
-247
-528
-586
-309
76
240
80
-204
-329
-205
31
159
74
-147
-321
-289
-34
282
427
325
105
-2
90
271
363
302
142
-23
-132
-192
-236
-298
-348
-308
-126
126
288
249
47
-134
-132
54
271
403
447
519
665
799
743
457
75
-240
-430
-504
-429
-172
183
402
316
13
-243
-237
24
288
270
-111
-623
-944
-902
-641
-409
-326
-300
-200
-1
201
296
290
261
252
222
118
-42
-161
-155
-64
-4
-98
-348
-587
-577
-281
83
220
59
-154
-133
103
267
141
-179
-388
-281
20
220
163
-47
-188
-139
36
185
210
119
-2
-66
-53
-17
-36
-124
-217
-225
-123
37
182
263
256
158
-27
-247
-369
-264
75
472
699
632
385
170
135
244
361
366
249
79
-46
-67
25
172
274
240
74
-122
-220
-166
-19
111
134
36
-101
-156
-6
339
703
830
570
8
-579
-895
-832
-481
-79
170
205
115
16
-52
-188
-461
-788
-930
-747
-322
68
214
160
101
141
188
86
-181
-442
-478
-235
141
410
413
197
-47
-156
-123
0
185
405
544
428
18
-496
-820
-840
-638
-420
-307
-289
-258
-160
-36
45
67
52
9
-60
-116
-122
-91
-90
-141
-147
-7
235
394
306
-19
-429
-728
-841
-773
-633
-509
-448
-393
-277
-99
78
201
286
351
394
383
332
264
218
202
225
267
328
396
470
508
449
249
-87
-474
-798
-931
-811
-462
-16
346
476
341
81
-97
-62
133
333
410
384
333
292
216
90
-27
-68
-47
-90
-283
-533
-609
-383
34
355
372
171
17
108
377
602
595
323
-106
-559
-892
-995
-814
-424
15
320
382
235
20
-75
39
312
567
636
457
173
-1
27
137
118
-100
-383
-518
-389
-44
347
574
497
144
-298
-599
-640
-440
-149
70
133
74
-4
-32
-8
34
127
312
600
873
995
867
592
353
293
365
396
250
5
-134
-18
284
539
541
285
-59
-346
-537
-664
-694
-574
-304
-42
38
-90
-267
-290
-85
207
354
236
-63
-261
-124
278
598
518
50
-453
-629
-377
118
597
859
790
384
-208
-717
-916
-748
-358
50
308
339
161
-112
-319
-349
-250
-146
-160
-298
-460
-497
-376
-193
-99
-137
-227
-254
-182
-49
32
-30
-269
-572
-703
-467
67
580
734
440
-56
-399
-412
-183
68
189
205
225
321
430
455
344
177
71
128
336
573
655
457
15
-448
-666
-517
-102
337
580
546
289
-33
-247
-255
-94
81
127
10
-178
-271
-153
149
451
536
315
-81
-405
-506
-407
-284
-270
-375
-471
-416
-161
189
439
448
232
-29
-145
-29
243
477
481
222
-144
-356
-263
13
202
175
52
42
181
266
93
-291
-609
-627
-344
3
164
95
-39
-47
98
277
351
324
283
249
141
-110
-425
-631
-599
-375
-106
34
-39
-328
-703
-961
-919
-586
-138
191
291
256
253
325
345
199
-61
-255
-259
-177
-192
-347
-477
-389
-62
232
182
-214
-591
-547
-39
542
740
441
-95
-507
-601
-471
-327
-325
-425
-511
-499
-386
-192
54
288
425
408
305
226
223
241
207
105
34
93
262
387
276
-114
-609
-914
-851
-472
-66
95
5
-98
33
378
664
616
280
-48
-134
-27
58
2
-104
-110
24
202
330
360
281
101
-125
-301
-337
-210
64
417
720
789
474
-172
-839
-1132
-911
-368
98
218
40
-168
-202
-76
42
31
-61
-97
12
211
374
398
318
241
270
378
449
369
165
-32
-97
-21
66
30
-169
-423
-602
-618
-478
-226
53
256
297
169
-18
-128
-89
61
222
297
244
85
-131
-342
-496
-536
-437
-212
61
277
366
322
202
70
3
52
238
485
638
544
206
-202
-400
-226
226
647
751
474
4
-389
-500
-282
125
461
456
45
-494
-727
-449
134
563
538
160
-222
-333
-162
71
128
-33
-236
-274
-111
115
247
305
392
569
742
788
644
384
128
-54
-169
-242
-258
-163
62
310
396
206
-186
-522
-560
-254
206
550
601
431
246
184
183
67
-230
-577
-743
-632
-329
-13
188
233
147
47
63
290
645
899
833
436
-95
-419
-302
188
685
756
263
-487
-974
-886
-325
294
587
485
199
6
8
58
-44
-317
-545
-535
-307
-88
-50
-173
-304
-368
-383
-415
-464
-510
-507
-472
-429
-388
-310
-150
84
297
371
276
96
-39
-59
10
96
182
281
435
617
730
636
327
-52
-267
-205
14
157
124
18
6
117
235
241
133
-7
-162
-354
-554
-637
-464
-29
453
674
488
35
-346
-392
-85
362
662
624
288
-119
-395
-501
-503
-410
-192
101
272
164
-137
-371
-360
-143
107
250
291
302
244
6
-405
-759
-763
-333
247
566
420
-47
-482
-596
-337
118
519
680
578
306
17
-180
-247
-210
-114
2
46
-64
-287
-430
-319
10
297
308
49
-267
-426
-356
-108
208
423
387
127
-139
-185
-17
131
63
-133
-211
-37
271
510
558
459
311
206
171
194
219
167
5
-148
-118
144
465
592
421
78
-220
-403
-518
-650
-773
-814
-699
-500
-346
-334
-407
-433
-317
-113
54
56
-126
-380
-512
-382
-28
319
423
275
69
-3
60
111
54
-57
-105
-47
66
132
75
-124
-383
-538
-447
-191
-6
-93
-390
-586
-405
64
446
388
-109
-716
-1037
-917
-472
4
261
211
-37
-243
-223
-4
211
187
-127
-573
-875
-891
-654
-384
-262
-308
-365
-305
-144
-24
-30
-87
-49
96
207
167
15
-55
89
372
566
502
199
-136
-290
-195
29
204
234
166
101
94
113
114
89
71
84
117
135
107
22
-67
-79
-20
-1
-160
-466
-710
-667
-300
218
620
705
450
5
-360
-432
-235
7
66
-81
-246
-239
-63
111
139
25
-106
-139
-74
0
9
-35
-94
-153
-231
-313
-304
-124
120
193
-61
-513
-849
-828
-518
-170
49
161
299
502
660
604
317
-38
-225
-140
84
201
89
-148
-310
-289
-182
-143
-210
-270
-172
110
489
803
949
879
630
276
-69
-301
-353
-231
-19
158
188
50
-126
-162
-16
164
169
-51
-322
-418
-305
-132
-66
-127
-218
-236
-187
-140
-161
-245
-330
-336
-273
-221
-232
-247
-202
-118
-156
-399
-735
-900
-792
-518
-249
-29
186
373
401
192
-132
-341
-337
-204
-100
-97
-158
-200
-194
-156
-130
-134
-183
-261
-338
-368
-344
-282
-224
-188
-203
-272
-349
-335
-165
111
311
280
93
-22
126
467
725
648
241
-256
-604
-705
-608
-383
-79
250
484
495
327
157
153
285
353
196
-119
-364
-389
-229
-62
-18
-57
-38
111
300
334
101
-293
-579
-610
-454
-328
-334
-373
-271
-30
175
165
-57
-261
-196
177
616
782
511
-36
-508
-657
-484
-262
-248
-468
-673
-614
-273
79
165
-71
-425
-645
-595
-302
102
397
391
105
-201
-283
-151
-8
28
87
310
620
757
555
83
-391
-595
-431
-29
338
442
285
57
-60
-55
-64
-180
-286
-180
168
527
665
552
406
404
531
606
507
242
-77
-320
-389
-261
-4
250
403
423
338
177
-17
-169
-148
103
477
728
718
503
366
498
853
1132
1074
631
11
-502
-647
-330
276
782
855
478
30
-90
156
436
374
-88
-636
-861
-648
-226
65
85
-31
-67
37
164
160
-10
-247
-400
-358
-119
192
390
382
229
69
-31
-87
-118
-105
-42
54
166
281
340
244
-32
-340
-455
-300
-9
213
275
258
262
313
349
356
356
334
222
-27
-341
-533
-446
-121
230
386
285
106
77
267
503
521
218
-225
-494
-402
-33
295
299
-48
-485
-710
-607
-331
-104
-83
-249
-461
-525
-347
-12
236
215
-47
-341
-428
-220
166
488
560
370
30
-328
-578
-603
-338
134
538
598
308
-68
-238
-139
15
-2
-221
-456
-489
-248
138
433
501
385
274
286
340
248
-38
-338
-412
-196
143
379
385
177
-124
-353
-384
-219
-51
-81
-289
-436
-317
16
258
165
-189
-481
-451
-113
264
400
215
-131
-446
-624
-681
-631
-456
-148
179
346
264
21
-172
-163
-3
122
98
-15
-66
11
151
240
251
224
189
131
21
-128
-224
-165
37
235
301
240
193
247
332
300
103
-154
-278
-155
126
336
243
-164
-670
-964
-949
-748
-555
-405
-228
6
204
260
157
-40
-257
-410
-430
-297
-111
-6
-65
-238
-403
-439
-339
-180
-63
-21
29
184
420
553
466
227
99
243
516
590
296
-211
-611
-687
-541
-404
-429
-533
-547
-369
-93
96
122
78
114
253
387
388
273
154
114
126
77
-106
-385
-602
-646
-523
-378
-320
-391
-520
-624
-620
-496
-297
-132
-74
-58
45
314
647
822
665
212
-310
-683
-809
-711
-437
-25
433
780
848
624
252
-52
-156
-104
-37
-73
-204
-330
-344
-230
-51
122
248
320
317
236
106
-23
-118
-185
-226
-223
-156
-44
58
105
89
79
146
268
319
147
-246
-660
-821
-683
-429
-291
-291
-260
-57
240
416
401
315
341
499
627
526
245
28
80
335
529
448
170
-57
-13
290
642
772
615
323
123
78
82
17
-117
-227
-269
-252
-195
-102
-4
42
8
-56
-123
-214
-361
-495
-510
-370
-152
61
263
453
590
600
478
271
41
-162
-297
-325
-233
-50
185
418
550
458
105
-368
-677
-602
-220
169
286
106
-130
-159
64
346
400
96
-440
-885
-944
-542
47
411
323
-73
-394
-370
-48
305
464
382
176
-1
-84
-119
-187
-286
-365
-376
-342
-296
-228
-100
60
157
53
-281
-732
-1046
-1017
-612
-93
192
89
-213
-357
-155
239
496
448
192
-26
-48
83
196
170
30
-91
-90
1
61
-47
-331
-650
-770
-610
-294
-60
-20
-98
-150
-135
-109
-182
-394
-674
-832
-728
-387
-51
49
-107
-307
-375
-304
-249
-298
-366
-295
-47
246
467
586
651
644
531
328
152
94
141
199
253
330
404
361
144
-141
-286
-186
55
238
260
165
35
-79
-154
-159
-124
-130
-254
-441
-565
-528
-395
-278
-214
-132
4
138
175
92
-59
-209
-271
-165
114
421
506
236
-237
-583
-574
-244
135
289
141
-157
-398
-473
-448
-418
-418
-384
-240
17
265
340
189
-64
-212
-148
8
52
-105
-337
-455
-367
-163
2
18
-108
-315
-501
-552
-389
-37
361
611
586
376
189
206
399
575
537
299
35
-79
-32
32
-24
-188
-313
-293
-159
-51
-63
-185
-320
-350
-205
80
357
473
384
220
138
172
208
135
-41
-223
-319
-348
-368
-391
-347
-195
21
208
300
326
337
364
374
355
310
249
160
57
-21
-26
33
69
0
-145
-237
-182
-12
121
96
-69
-234
-253
-84
170
339
283
4
-356
-588
-571
-330
-85
-57
-298
-600
-666
-365
156
599
721
463
-43
-547
-777
-592
-86
463
734
572
127
-269
-355
-142
146
294
217
-34
-338
-539
-520
-282
53
341
539
652
681
585
337
-22
-394
-644
-719
-642
-479
-258
42
406
731
847
699
384
111
15
22
-46
-278
-544
-653
-524
-282
-98
-55
-108
-187
-240
-186
33
370
631
611
273
-188
-505
-561
-413
-215
-72
-22
-38
-101
-195
-289
-316
-210
34
333
544
633
647
695
768
798
700
532
398
334
256
67
-219
-453
-473
-268
15
189
169
38
-52
-56
-64
-217
-509
-750
-702
-352
73
286
196
-65
-287
-368
-319
-250
-258
-433
-732
-1067
-1286
-1370
-1326
-1266
-1220
-1217
-1183
-1119
-1029
-957
-855
-655
-323
86
454
758
1000
1262
1510
1776
2000
2223
2350
2339
2082
1671
1233
881
560
160
-325
-814
-1171
-1370
-1377
-1252
-1052
-972
-1089
-1359
-1539
-1519
-1319
-1119
-982
-860
-638
-286
127
542
891
1226
1545
1918
2245
2465
2433
2203
1836
1483
1170
897
614
350
156
28
-110
-433
-984
-1667
-2162
-2279
-1978
-1544
-1221
-1171
-1279
-1403
-1381
-1186
-836
-379
131
642
1041
1350
1596
1866
2051
2145
2142
2243
2433
2591
2442
1993
1395
909
617
516
520
616
761
875
823
547
110
-252
-306
-26
344
473
227
-168
-352
-137
325
693
