-928
-714
-303
200
624
905
1032
1156
1360
1728
2111
2341
2217
1827
1351
990
736
487
178
-182
-532
-845
-1051
-1080
-887
-668
-657
-1042
-1666
-2237
-2410
-2174
-1682
-1251
-1021
-912
-676
-142
584
1266
1657
1769
1681
1547
1390
1318
1357
1547
1747
1868
1804
1604
1291
913
487
30
-426
-858
-1163
-1347
-1442
-1594
-1771
-1936
-1977
-1912
-1702
-1387
-1012
-707
-513
-347
-91
324
818
1317
1688
1978
2195
2437
2597
2595
2305
1866
1438
1182
1035
836
448
-80
-549
-834
-931
-1086
-1443
-2033
-2560
-2778
-2517
-1979
-1430
-1169
-1214
-1405
-1432
-1141
-588
4
437
711
909
1133
1331
1523
1696
1891
1980
1930
1741
1594
1527
1451
1178
665
29
-558
-944
-1165
-1298
-1534
-1880
-2308
-2600
-2687
-2504
-2184
-1796
-1424
-1037
-625
-204
206
579
940
1241
1481
1606
1684
1712
1761
1789
1838
1842
1843
1812
1748
1537
1122
537
-104
-675
-1162
-1519
-1729
-1717
-1596
-1476
-1531
-1716
-1944
-2013
-1875
-1528
-1080
-602
-135
297
721
1104
1417
1542
1546
1540
1713
1987
2190
2096
1768
1355
1052
879
775
623
368
46
-305
-648
-1056
-1507
-1990
-2335
-2472
-2308
-2014
-1754
-1662
-1593
-1367
-906
-396
-54
143
391
902
1579
2188
2420
2290
1939
1731
1809
2140
2367
2271
1821
1354
1124
1100
958
457
-313
-1078
-1566
-1802
-1863
-1924
-1992
-2117
-2186
-2147
-1917
-1566
-1149
-686
-147
465
1019
1426
1612
1720
1827
2014
2148
2171
2006
1778
1564
1439
1310
1096
750
345
-16
-291
-487
-678
-871
-1087
-1262
-1413
-1513
-1625
-1711
-1787
-1775
-1680
-1462
-1131
-690
-140
472
1129
1710
2139
2269
2119
1736
1404
1317
1553
1853
1945
1668
1189
725
378
76
-295
-722
-1125
-1361
-1491
-1609
-1826
-1999
-2049
-1934
-1881
-1971
-2140
-2097
-1702
-1006
-275
236
461
514
593
758
1030
1328
1663
1939
2112
2065
1842
1486
1117
783
500
231
-132
-632
-1221
-1668
-1854
-1768
-1717
-1886
-2276
-2529
-2404
-1864
-1269
-943
-980
-1120
-1017
-500
283
966
1275
1158
908
828
1143
1719
2338
2687
2700
2377
1919
1453
1071
724
376
50
-226
-456
-732
-1047
-1366
-1573
-1692
-1717
-1754
-1802
-1860
-1774
-1447
-882
-245
283
654
893
1122
1371
1644
1793
1823
1776
1831
1951
2018
1835
1435
948
570
377
332
304
103
-345
-1001
-1624
-2053
-2171
-2151
-2118
-2227
-2372
-2419
-2170
-1685
-1133
-782
-697
-686
-450
151
920
1537
1739
1612
1359
1288
1473
1856
2144
2124
1702
1076
496
129
-39
-196
-499
-1019
-1583
-1977
-1983
-1745
-1516
-1587
-1878
-2078
-1817
-1198
-632
-537
-859
-1155
-982
-332
413
901
1040
1113
1359
1913
2541
2968
2892
2382
1675
1138
880
758
514
19
-609
-1143
-1359
-1276
-1047
-987
-1218
-1708
-2154
-2366
-2241
-1977
-1730
-1597
-1453
-1143
-589
71
570
772
742
780
1048
1584
2156
2584
2661
2408
1899
1375
972
796
808
863
739
290
-391
-1074
-1503
-1699
-1750
-1838
-1948
-2093
-2160
-2175
-2105
-2002
-1800
-1486
-1040
-507
54
630
1162
1602
1818
1922
2041
2346
2662
2746
2375
1791
1350
1261
1300
1127
592
-74
-511
-640
-656
-924
-1519
-2283
-2793
-2829
-2358
-1674
-1049
-708
-640
-681
-596
-246
296
851
1219
1420
1516
1628
1711
1766
1738
1725
1744
1837
1883
1731
1224
470
-211
-549
-557
-585
-885
-1421
-1838
-1973
-1863
-1793
-1856
-1992
-1948
-1663
-1213
-799
-507
-338
-231
-92
153
592
1151
1733
2145
2381
2414
2333
2115
1819
1443
1066
729
484
315
145
-111
-519
-1001
-1412
-1546
-1406
-1117
-1007
-1224
-1696
-2048
-2084
-1825
-1564
-1423
-1263
-823
-68
728
1203
1159
800
496
565
955
1446
1758
1864
1791
1675
1535
1389
1161
791
284
-248
-640
-894
-1092
-1383
-1699
-1988
-2146
-2247
-2250
-2101
-1682
-1099
-550
-268
-293
-456
-487
-221
265
840
1366
1904
2404
2812
2905
2689
2236
1819
1563
1462
1310
957
404
-130
-407
-428
-399
-625
-1141
-1789
-2232
-2409
-2370
-2293
-2136
-1834
-1313
-772
-448
-414
-456
-276
210
876
1461
1892
2133
2251
2191
2039
1840
1695
1541
1375
1189
1043
889
588
57
-632
-1236
-1629
-1767
-1830
-1908
-2085
-2224
-2271
-2144
-1944
-1706
-1522
-1364
-1190
-895
-455
43
484
794
1051
1273
1488
1613
1689
1710
1751
1772
1770
1652
1420
1087
716
323
-164
-761
-1395
-1824
-1947
-1782
-1665
-1803
-2239
-2628
-2767
-2584
-2303
-2005
-1684
-1239
-667
-34
584
1064
1391
1580
1826
2149
2470
2513
2219
1675
1234
1116
1263
1297
884
36
-858
-1330
-1291
-980
-869
-1171
-1805
-2334
-2501
-2260
-1882
-1528
-1254
-971
-671
-378
-124
82
259
422
630
866
1143
1398
1639
1785
1849
1793
1691
1540
1394
1241
1081
842
450
-91
-686
-1149
-1417
-1479
-1513
-1612
-1828
-1984
-1995
-1821
-1620
-1458
-1338
-1143
-895
-675
-504
-270
212
921
1684
2185
2370
2280
2190
2202
2404
2613
2642
2266
1511
581
-164
-469
-431
-378
-625
-1116
-1607
-1823
-1838
-1796
-1886
-2037
-2159
-2077
-1770
-1279
-754
-302
7
164
242
336
591
1003
1512
1916
2155
2178
2071
1829
1518
1163
856
624
453
285
49
-276
-706
-1146
-1509
-1663
-1655
-1553
-1518
-1544
-1572
-1448
-1210
-967
-859
-834
-702
-312
303
910
1368
1629
1884
2194
2568
2765
2656
2170
1577
1164
1126
1301
1370
1071
469
-160
-619
-887
-1157
-1501
-1900
-2138
-2168
-2002
-1813
-1644
-1476
-1190
-834
-540
-452
-521
-516
-223
433
1260
1999
2349
2337
2123
2007
1998
1997
1820
1520
1196
961
796
567
128
-556
-1264
-1698
-1641
-1287
-977
-1034
-1400
-1867
-2134
-2133
-1863
-1471
-1060
-760
-588
-453
-221
202
750
1353
1868
2314
2628
2806
2701
2361
1875
1467
1191
1002
771
476
178
-112
-429
-904
-1513
-2157
-2559
-2606
-2273
-1830
-1493
-1457
-1635
-1824
-1738
-1290
-598
82
547
797
916
1045
1193
1410
1641
1855
1899
1769
1512
1341
1323
1414
1422
1206
720
36
-663
-1149
-1220
-997
-781
-945
-1475
-2112
-2443
-2447
-2271
-2202
-2228
-2169
-1747
-932
39
842
1264
1382
1349
1388
1532
1824
2132
2370
2367
2109
1611
1061
618
411
407
436
302
-126
-762
-1444
-1924
-2184
-2248
-2272
-2222
-2115
-1906
-1704
-1535
-1395
-1173
-813
-327
153
462
593
675
983
1560
2238
2607
2536
2113
1731
1586
1653
1635
1351
816
220
-264
-606
-836
-1035
-1192
-1373
-1568
-1801
-1950
-2011
-1966
-1895
-1735
-1451
-1031
-664
-507
-533
-506
-178
454
1167
1616
1754
1719
1815
2058
2337
2385
2194
1849
1553
1346
1151
801
208
-529
-1203
-1571
-1657
-1593
-1653
-1870
-2196
-2396
-2427
-2264
-2063
-1860
-1652
-1309
-776
-118
495
894
1124
1297
1599
1979
2352
2507
2451
2213
1943
1650
1361
1046
784
627
557
444
161
-277
-744
-1053
-1251
-1445
-1776
-2109
-2291
-2163
-1892
-1662
-1575
-1460
-1142
-586
33
496
767
926
1125
1353
1582
1695
1755
1797
1880
1874
1673
1219
711
386
327
351
191
-233
-802
-1276
-1586
-1715
-1764
-1726
-1640
-1466
-1281
-1136
-1078
-1008
-822
-485
-144
32
71
163
511
1045
1561
1805
1794
1631
1513
1469
1477
1398
1191
881
607
443
347
196
-157
-709
-1386
-1958
-2279
-2226
-1972
-1713
-1661
-1735
-1738
-1450
-924
-374
63
428
836
1220
1430
1344
1148
1064
1257
1587
1897
1998
1884
1566
1145
690
328
142
61
-92
-485
-1034
-1543
-1783
-1850
-1895
-2117
-2412
-2659
-2652
-2422
-2024
-1584
-1109
-606
-101
346
662
923
1202
1584
1932
2161
2176
2112
2024
1966
1828
1620
1355
1104
840
493
25
-510
-943
-1206
-1295
-1368
-1479
-1692
-1908
-2067
-2024
-1750
-1266
-780
-469
-376
-347
-150
296
882
1337
1553
1547
1579
1765
2110
2348
2315
1945
1444
1002
749
628
541
400
173
-124
-462
-768
-1036
-1246
-1491
-1752
-1983
-1997
-1768
-1366
-1027
-862
-801
-637
-271
192
555
689
703
756
1022
1446
1912
2175
2158
1855
1475
1168
1049
1050
1023
797
331
-237
-743
-1070
-1299
-1478
-1661
-1757
-1780
-1713
-1637
-1536
-1455
-1365
-1296
-1209
-1065
-793
-373
135
621
938
1122
1265
1540
1881
2136
2069
1737
1325
1141
1251
1497
1529
1094
222
-763
-1420
-1623
-1525
-1512
-1709
-2031
-2177
-2112
-1926
-1824
-1780
-1698
-1440
-1035
-574
-124
297
708
1055
1326
1472
1587
1700
1914
2154
2362
2361
2166
1832
1473
1059
564
44
-380
-633
-863
-1189
-1659
-2072
-2314
-2287
-2131
-1928
-1815
-1748
-1689
-1511
-1154
-608
0
481
731
766
737
730
835
1043
1382
1728
1995
2055
1958
1724
1479
1273
1174
1106
892
375
-421
-1216
-1777
-1977
-2035
-2125
-2374
-2590
-2623
-2327
-1809
-1212
-721
-397
-189
18
381
912
1501
1871
1923
1699
1484
1418
1538
1675
1726
1590
1311
955
612
297
-8
-283
-510
-668
-849
-1081
-1386
-1648
-1830
-1858
-1723
-1372
-934
-602
-584
-831
-1074
-999
-526
158
769
1081
1173
1232
1461
1760
2004
2064
2057
2018
1949
1721
1332
830
311
-151
-524
-776
-962
-1106
-1299
-1517
-1726
-1776
-1707
-1603
-1641
-1765
-1817
-1588
-1118
-586
-108
344
878
1418
1812
1876
1802
1838
2149
2462
2477
2033
1409
927
768
798
805
633
283
-119
-481
-762
-1088
-1493
-1986
-2362
-2513
-2343
-1978
-1527
-1123
-781
-516
-319
-137
109
466
834
1136
1330
1520
1693
1826
1816
1733
1608
1516
1409
1291
1114
847
452
-11
-399
-621
-673
-763
-1030
-1509
-1959
-2210
-2151
-1978
-1837
-1825
-1789
-1643
-1353
-1047
-792
-581
-336
38
546
1149
1663
2049
2282
2492
2605
2529
2128
1554
1028
757
706
685
485
-5
-682
-1405
-1958
-2274
-2283
-2148
-1988
-1918
-1810
-1565
-1161
-819
-697
-692
-498
0
552
826
723
577
714
1234
1848
2312
2440
2330
2074
1793
1450
1004
439
-175
-701
-1097
-1348
-1560
-1733
-1877
-1879
-1802
-1706
-1762
-1933
-2098
-2020
-1641
-1041
-454
-60
86
68
52
143
382
687
1083
1563
2132
2551
2656
2355
1884
1446
1184
1034
867
549
8
-657
-1212
-1380
-1202
-934
-1002
-1502
-2221
-2666
-2595
-2038
-1376
-919
-798
-850
-865
-713
-401
-6
417
795
1149
1459
1820
2178
2504
2621
2486
2059
1532
1091
858
715
462
18
-522
-957
-1225
-1325
-1445
-1687
-2112
-2488
-2614
-2347
-1875
-1396
-1047
-769
-501
-224
70
390
767
1116
1408
1593
1846
2214
2667
2903
2761
2207
1520
951
664
591
512
213
-397
-1134
-1658
-1653
-1271
-927
-1089
-1718
-2394
-2561
-2163
-1511
-1075
-983
-1057
-973
-563
96
773
1192
1303
1220
1189
1259
1418
1551
1671
1719
1698
1569
1409
1226
966
535
-59
-654
-1088
-1247
-1287
-1388
-1728
-2166
-2492
-2452
-2114
-1651
-1296
-1071
-898
-660
-327
55
465
862
1211
1390
1443
1457
1648
1987
2377
2566
2524
2247
1827
1280
688
155
-237
-481
-709
-999
-1417
-1845
-2212
-2358
-2288
-2005
-1672
-1373
-1175
-1012
-852
-667
-486
-317
-116
154
497
816
1072
1227
1399
1614
1910
2146
2243
2085
1738
1285
830
385
-54
-436
-737
-950
-1178
-1414
-1684
-1917
-2163
-2332
-2362
-2121
-1747
-1418
-1300
-1292
-1213
-925
-533
-216
-2
239
725
1429
2163
2567
2606
2404
2241
2113
1902
1459
933
562
419
315
9
-501
-999
-1217
-1187
-1092
-1180
-1440
-1768
-1947
-1929
-1717
-1452
-1202
-1003
-790
-538
-269
-3
274
612
946
1269
1562
1943
2335
2609
2537
2150
1566
1023
635
446
377
268
-12
-501
-1035
-1462
-1657
-1796
-2018
-2415
-2743
-2827
-2548
-2081
-1568
-1160
-868
-668
-462
-123
375
962
1450
1784
1927
2004
2036
2102
2127
2105
1957
1706
1344
949
576
284
75
-117
-343
-708
-1206
-1795
-2246
-2432
-2273
-2011
-1843
-1916
-2062
-2092
-1831
-1288
-554
225
875
1271
1342
1245
1155
1254
1481
1725
1800
1747
1638
1630
1684
1694
1475
980
306
-402
-996
-1426
-1616
-1630
-1532
-1517
-1619
-1786
-1808
-1669
-1441
-1302
-1253
-1172
-889
-378
222
789
1231
1605
1887
2124
2247
2318
2293
2193
1947
1620
1268
1009
843
728
578
325
-42
-537
-1077
-1573
-1855
-1973
-2012
-2162
-2347
-2437
-2236
-1821
-1345
-977
-709
-427
-28
471
901
1182
1318
1489
1729
2009
2139
2104
1923
1756
1634
1578
1484
1299
974
528
18
-487
-887
-1204
-1456
-1776
-2124
-2414
-2410
-2134
-1732
-1479
-1395
-1307
-975
-419
128
465
581
742
1136
1744
2208
2285
1940
1515
1286
1356
1512
1609
1574
1471
1283
972
512
-26
-519
-958
-1341
-1720
-1996
-2107
-1951
-1701
-1550
-1678
-1925
-2064
-1891
-1469
-927
-392
64
449
793
1219
1699
2132
2279
2116
1725
1391
1262
1382
1561
1587
1287
719
103
-360
-617
-818
-1052
-1380
-1701
-1952
-1989
-1873
-1716
-1734
-1880
-1967
-1749
-1252
-667
-212
46
147
164
236
469
941
1499
1932
2014
1854
1641
1617
1741
1826
1603
1046
344
-212
-469
-548
-653
-1015
-1603
-2216
-2464
-2241
-1708
-1366
-1466
-1908
-2223
-2037
-1268
-182
809
1362
1342
951
531
439
730
1267
1752
2053
2087
1957
1722
1527
1399
1313
1134
807
384
-41
-411
-807
-1242
-1694
-1984
-2070
-1937
-1764
-1642
-1616
-1549
-1333
-926
-487
-200
-90
3
327
910
1608
2108
2320
2254
2182
2226
2437
2568
2427
1903
1217
644
375
339
311
106
-360
-980
-1597
-1961
-2025
-1841
-1711
-1771
-1980
-2034
-1776
-1243
-682
-268
-7
195
469
838
1288
1655
1860
1854
1807
1792
1834
1775
1591
1310
1059
849
603
237
-213
-591
-816
-896
-1016
-1258
-1648
-2004
-2217
-2172
-1965
-1673
-1443
-1284
-1191
-1080
-897
-597
-145
426
1048
1543
1803
1750
1563
1423
1517
1745
1991
2088
2067
1924
1727
1469
1180
827
352
-245
-853
-1259
-1424
-1420
-1501
-1728
-2073
-2305
-2306
-1996
-1521
-1046
-735
-568
-351
87
776
1488
2003
2144
2045
1868
1842
1939
2050
1951
1607
1098
630
311
104
-110
-400
-687
-871
-879
-873
-1020
-1473
-2068
-2547
-2586
-2241
-1741
-1401
-1244
-1078
-679
-64
526
895
997
1029
1136
1391
1644
1840
1931
2025
2087
2026
1667
1096
559
348
481
677
590
61
-741
-1539
-2032
-2245
-2290
-2421
-2609
-2720
-2489
-1901
-1109
-433
-79
-5
23
231
600
996
1248
1419
1574
1775
1889
1835
1558
1220
981
983
1139
1285
1226
913
415
-141
-615
-1007
-1332
-1654
-1872
-1946
-1837
-1758
-1827
-2077
-2255
-2159
-1687
-1003
-342
157
498
837
1235
1687
1996
2093
1962
1872
1971
2246
2354
2075
1421
759
390
349
398
199
-389
-1282
-2094
-2506
-2354
-1950
-1651
-1685
-1839
-1853
-1578
-1223
-1002
-983
-983
-775
-258
480
1171
1602
1658
1514
1361
1435
1713
2061
2179
1942
1387
811
462
398
436
309
-94
-723
-1348
-1829
-2045
-2109
-2094
-2181
-2334
-2466
-2339
-1868
-1104
-326
187
318
182
115
368
968
1596
1971
1960
1819
1768
1945
2167
2198
1814
1099
338
-83
-22
251
294
-133
-810
-1402
-1684
-1817
-1941
-2153
-2307
-2391
-2356
-2324
-2296
-2229
-1907
-1191
-166
842
1457
1621
1498
1435
1554
1794
1876
1729
1441
1325
1489
1869
2155
2071
1454
491
-396
-844
-812
-715
-929
-1512
-2065
-2260
-1996
-1599
-1354
-1396
-1532
-1542
-1262
-748
-172
279
511
593
627
747
958
1302
1707
2127
2365
2325
1952
1477
1129
1071
1183
1204
897
247
-514
-1113
-1356
-1369
-1356
-1554
-1899
-2206
-2196
-1915
-1559
-1414
-1466
-1519
-1310
-807
-176
424
907
1312
1596
1772
1804
1792
1744
1705
1621
1525
1389
1237
1045
791
422
-49
-491
-795
-934
-1079
-1318
-1660
-1914
-2006
-1891
-1706
-1514
-1431
-1435
-1479
-1411
-1091
-475
288
906
1249
1358
1441
1527
1576
1490
1452
1612
2011
2348
2321
1766
921
177
-127
35
358
436
5
-814
-1693
-2224
-2350
-2184
-2057
-2069
-2167
-2076
-1678
-1033
-435
-115
-120
-276
-302
-23
555
1181
1654
1849
1911
1927
1929
1774
1457
1060
813
807
872
675
37
-826
-1492
-1621
-1352
-1036
-1046
-1380
-1857
-2159
-2188
-1945
-1649
-1433
-1344
-1227
-923
-399
231
785
1228
1549
1808
1933
1974
1944
1922
1822
1611
1274
969
785
693
546
168
-473
-1233
-1767
-1871
-1552
-1216
-1194
-1595
-2101
-2380
-2207
-1745
-1244
-912
-714
-539
-313
-7
377
846
1279
1578
1656
1655
1663
1780
1915
2009
1931
1666
1232
758
342
5
-291
-626
-977
-1365
-1722
-2027
-2139
-2038
-1734
-1410
-1161
-1054
-1023
-1032
-1002
-850
-506
21
596
1074
1311
1396
1453
1687
2047
2380
2394
2095
1651
1318
1106
866
464
-62
-548
-869
-948
-902
-894
-1133
-1559
-1970
-2077
-1905
-1613
-1460
-1465
-1558
-1561
-1390
-998
-413
259
944
1543
2042
2314
2350
2149
1924
1774
1788
1862
1927
1836
1534
1018
449
12
-268
-507
-929
-1526
-2144
-2468
-2464
-2228
-2019
-1883
-1767
-1510
-1112
-659
-351
-299
-380
-299
190
970
1720
2093
2122
1962
1871
1876
1932
1838
1561
1176
909
832
843
730
405
-49
-537
-983
-1432
-1826
-2119
-2171
-2105
-2053
-2184
-2353
-2347
-1952
-1283
-599
-140
60
128
199
405
764
1256
1692
1980
2054
2058
2024
2004
1924
1806
1600
1289
850
357
-82
-454
-783
-1147
-1482
-1719
-1736
-1667
-1664
-1901
-2230
-2393
-2116
-1540
-998
-787
-826
-783
-398
281
939
1401
1640
1837
2014
2133
2022
1734
1394
1210
1187
1158
886
295
-441
-1062
-1354
-1370
-1246
-1200
-1271
-1493
-1755
-2005
-2106
-2067
-1883
-1686
-1509
-1295
-893
-276
381
868
1079
1170
1275
1484
1682
1859
1973
2131
2294
2399
2233
1765
1104
543
262
154
-49
-526
-1127
-1606
-1760
-1716
-1631
-1670
-1769
-1826
-1669
-1339
-978
-815
-860
-906
-687
-166
419
833
990
1077
1236
1545
1855
2097
2172
2101
1841
1428
900
355
-122
-503
-773
-1004
-1216
-1519
-1882
-2295
-2577
-2663
-2469
-2129
-1740
-1467
-1312
-1231
-1086
-789
-336
147
479
607
612
748
1123
1700
2177
2379
2231
1970
1774
1701
1545
1138
488
-131
-432
-445
-450
-744
-1257
-1715
-1823
-1700
-1591
-1795
-2241
-2685
-2724
-2234
-1355
-529
-102
-88
-186
-23
491
1165
1632
1796
1747
1757
1865
1986
1895
1581
1147
804
628
532
334
-75
-598
-1103
-1457
-1752
-2021
-2276
-2329
-2160
-1823
-1609
-1645
-1888
-2019
-1780
-1103
-199
613
1125
1277
1232
1151
1213
1393
1639
1795
1839
1733
1594
1474
1387
1194
820
330
-78
-268
-342
-479
-802
-1194
-1547
-1748
-1891
-1997
-2100
-2068
-1916
-1673
-1542
-1580
-1687
-1565
-982
17
1120
1893
2193
2097
1943
1896
1964
1909
1687
1396
1277
1336
1377
1136
590
-48
-517
-687
-722
-843
-1246
-1802
-2256
-2292
-1961
-1499
-1224
-1158
-1128
-914
-525
-126
131
227
306
487
803
1104
1289
1310
1291
1294
1325
1264
1096
865
664
489
267
-49
-410
-682
-834
-895
-1029
-1276
-1668
-2056
-2414
-2645
-2761
-2637
-2305
-1820
-1356
-959
-558
-60
511
976
1264
1390
1544
1772
2037
2125
2019
1783
1579
1386
1162
871
580
325
67
-225
-558
-864
-1150
-1367
-1575
-1768
-2021
-2234
-2367
-2314
-2139
-1846
-1505
-1127
-740
-321
158
637
1023
1199
1239
1243
1352
1521
1708
1792
1763
1584
1323
1032
810
655
516
320
-23
-534
-1169
-1703
-1999
-1999
-1968
-2068
-2363
-2590
-2584
-2256
-1758
-1220
-751
-358
-47
175
373
609
929
1230
1458
1563
1707
1952
2270
2393
2190
1673
1055
489
45
-264
-444
-519
-641
-901
-1319
-1716
-1991
-2057
-1990
-1794
-1607
-1506
-1607
-1799
-1847
-1494
-771
35
616
847
884
906
1116
1516
2072
2536
2715
2451
1985
1622
1591
1717
1658
1165
349
-447
-950
-1091
-1069
-1071
-1337
-1855
-2528
-3003
-3103
-2761
-2216
-1640
-1143
-692
-294
23
239
359
490
714
1135
1660
2143
2331
2235
1968
1777
1686
1601
1342
937
530
244
49
-232
-681
-1253
-1705
-1938
-1932
-1911
-1972
-2127
-2153
-1924
-1425
-861
-426
-224
-196
-196
-93
190
595
1065
1488
1846
2047
2128
2080
2033
1978
1920
1752
1454
1011
514
78
-218
-381
-536
-753
-1072
-1396
-1703
-1907
-2050
-2086
-2029
-1796
-1405
-914
-442
-55
272
559
808
948
1041
1160
1436
1788
2090
2130
1960
1696
1569
1590
1637
1469
1025
436
-92
-449
-729
-1017
-1351
-1592
-1760
-1889
-2142
-2446
-2637
-2436
-1845
-1058
-390
4
210
405
708
1029
1235
1208
1122
1196
1579
2037
2271
2068
1631
1240
1030
834
482
-8
-411
-514
-417
-391
-720
-1339
-2058
-2564
-2790
-2688
-2406
-2022
-1715
-1510
-1324
-969
-362
376
1017
1348
1416
1361
1370
1417
1486
1515
1656
1958
2360
2527
2230
1457
599
81
72
345
523
386
-32
-529
-1006
-1402
-1763
-2011
-2145
-2093
-1937
-1709
-1510
-1325
-1152
-938
-629
-184
384
934
1333
1467
1492
1565
1869
2283
2622
2609
2220
1565
906
406
100
-96
-267
-411
-492
-476
-547
-888
-1603
-2405
-2919
-2815
-2228
-1477
-958
-784
-860
-934
-804
-420
143
721
1169
1342
1267
1049
931
1007
1255
1476
1602
1615
1577
1418
1053
466
-203
-727
-1058
-1254
-1505
-1813
-2075
-2054
-1813
-1563
-1615
-1925
-2200
-2049
-1495
-846
-468
-410
-466
-397
-111
310
796
1241
1615
1832
1927
1878
1740
1495
1228
995
803
547
155
-294
-643
-778
-835
-970
-1282
-1624
-1900
-2011
-2086
-2165
-2257
-2178
-1855
-1311
-717
-205
206
544
878
1186
1498
1752
1977
2114
2255
2376
2460
2319
1918
1335
809
466
267
81
-152
-376
-592
-825
-1183
-1617
-2002
-2092
-1879
-1490
-1195
-1073
-1064
-998
-803
-488
-138
152
400
678
1131
1696
2252
2557
2603
2417
2150
1818
1532
1337
1299
1313
1179
726
5
-715
-1169
-1235
-1143
-1166
-1483
-1892
-2152
-2077
-1821
-1556
-1380
-1181
-883
-496
-149
54
154
277
562
967
1338
1446
1318
1124
1175
1517
1995
2244
2124
1681
1136
618
105
-453
-1038
-1468
-1689
-1722
-1752
-1803
-1863
-1807
-1665
-1463
-1308
-1201
-1113
-927
-618
-268
19
231
562
1122
1837
2342
2455
2191
1886
1725
1767
1832
1832
1684
1421
1060
678
322
-11
-346
-740
-1142
-1573
-1968
-2324
-2485
-2390
-2005
-1532
-1143
-926
-769
-553
-244
55
218
289
414
768
1287
1784
1988
1900
1642
1442
1333
1307
1273
1239
1163
976
592
27
-560
-1026
-1267
-1409
-1564
-1847
-2120
-2259
-2122
-1795
-1380
-958
-496
1
431
656
620
492
481
723
1097
1417
1489
1422
1396
1591
1862
1998
1807
1410
994
735
617
541
379
56
-379
-881
-1348
-1765
-2026
-2118
-1999
-1785
-1529
-1311
-1100
-902
-701
-461
-126
331
811
1222
1462
1630
1776
1957
2040
2053
2032
2087
2099
1921
1446
865
429
257
227
78
-331
-1027
-1806
-2467
-2739
-2654
-2344
-2120
-2043
-2010
-1766
-1291
-734
-335
-178
-146
-55
270
812
1484
2042
2377
2411
2296
2108
2010
2006
2056
1942
1458
558
-435
-1031
-995
-519
-216
-524
-1448
-2437
-2963
-2755
-2172
-1692
-1657
-1878
-2017
-1805
-1366
-941
-673
-473
-154
354
941
1337
1396
1137
881
894
1307
1878
2282
2222
1783
1225
855
713
585
219
-459
-1217
-1784
-1956
-1825
-1546
-1357
-1319
-1451
-1609
-1726
-1723
-1641
-1458
-1117
-550
173
827
1191
1165
986
947
1276
1815
2342
2595
2602
2390
2055
1587
1050
509
39
-312
-558
-719
-879
-1053
-1291
-1531
-1817
-2097
-2318
-2272
-1882
-1215
-571
-185
-37
87
393
836
1198
1230
1062
1007
1353
1927
2382
2390
2129
1890
1875
1896
1720
1230
557
-94
-600
-914
-1104
-1214
-1365
-1548
-1779
-1957
-2086
-2089
-1979
-1714
-1365
-983
-626
-292
51
399
753
1055
1308
1460
1571
1643
1749
1825
1838
1698
1494
1311
1233
1169
991
618
66
-549
-1144
-1583
-1799
-1718
-1514
-1372
-1527
-1915
-2359
-2536
-2339
-1796
-1132
-537
-154
6
70
195
533
1043
1632
2093
2352
2314
2125
1920
1890
1956
1924
1566
985
469
243
226
80
-410
-1143
-1712
-1890
-1700
-1546
-1685
-2159
-2602
-2716
-2347
-1716
-1087
-640
-333
-29
341
798
1248
1633
1823
1861
1808
1853
1983
2125
2087
1822
1332
765
279
-25
-187
-393
-740
-1187
-1504
-1616
-1548
-1495
-1504
-1583
-1615
-1593
-1484
-1315
-1068
-777
-460
-143
149
482
898
1491
2138
2615
2586
2099
1454
1149
1317
1710
1845
1528
895
344
142
164
44
-521
-1374
-2092
-2257
-1948
-1496
-1339
-1545
-1915
-2036
-1737
-1119
-542
-249
-225
-246
-85
291
793
1227
1526
1652
1705
1692
1664
1572
1421
1171
891
652
524
457
290
-88
-678
-1282
-1739
-1908
-1905
-1847
-1910
-2030
-2151
-2133
-1999
-1745
-1418
-1009
-554
-103
324
698
1022
1228
1345
1397
1492
1597
1720
1799
1927
2079
2194
2067
1681
1140
624
189
-235
-672
-1121
-1486
-1798
-2011
-2146
-2128
-2049
-1943
-1887
-1799
-1608
-1237
-734
-202
233
489
620
717
897
1118
1309
1360
1346
1338
1442
1590
1678
1542
1199
768
420
192
-17
-296
-643
-931
-1146
-1310
-1563
-1874
-2164
-2215
-2019
-1654
-1316
-1058
-853
-617
-306
77
565
1109
1641
1974
2121
2132
2165
2159
2073
1837
1574
1344
1212
1128
1051
878
514
-34
-642
-1108
-1386
-1489
-1562
-1633
-1785
-1970
-2160
-2184
-1987
-1572
-1161
-912
-841
-766
-512
-65
466
916
1254
1460
1598
1641
1689
1764
1915
2004
1889
1448
796
171
-213
-324
-369
-555
-1029
-1664
-2229
-2398
-2184
-1791
-1648
-1866
-2286
-2486
-2258
-1620
-842
-177
217
339
356
441
752
1225
1723
2017
2090
1973
1819
1641
1480
1307
1173
1061
895
557
33
-529
-965
-1172
-1283
-1416
-1664
-1891
-2035
-2025
-1955
-1826
-1692
-1525
-1299
-912
-298
450
1123
1484
1563
1488
1525
1734
2069
2262
2200
1881
1543
1315
1218
1104
897
596
262
-61
-417
-820
-1278
-1655
-1872
-1841
-1696
-1552
-1545
-1595
-1572
-1316
-867
-383
-37
131
314
697
1326
1921
2233
2129
1909
1857
2128
2448
2518
2140
1504
897
550
433
350
112
-341
-860
-1306
-1559
-1727
-1875
-2058
-2115
-1985
-1663
-1380
-1275
-1412
-1612
-1619
-1197
-384
501
1137
1397
1528
1722
2037
2237
2239
2039
1821
1631
1455
1181
853
582
442
351
111
-361
-1030
-1677
-2134
-2225
-2047
-1769
-1682
-1801
-1967
-1880
-1517
-1038
-755
-778
-902
-740
-86
834
1600
1877
1800
1646
1714
1956
2237
2304
2132
1783
1451
1184
948
642
265
-94
-400
-665
-1026
-1485
-2042
-2510
-2804
-2782
-2514
-2074
-1702
-1489
-1411
-1257
-862
-231
485
1075
1469
1641
1725
1787
1954
2157
2331
2305
2092
1721
1327
960
634
305
-33
-321
-543
-708
-942
-1265
-1629
-1835
-1917
-1972
-2181
-2407
-2413
-1977
-1295
-721
-508
-543
-495
-128
561
1310
1879
2070
1977
1755
1726
1959
2292
2310
1849
1073
418
142
131
73
-244
-738
-1213
-1446
-1461
-1368
-1393
-1561
-1789
-1839
-1623
-1170
-716
-450
-365
-257
126
785
1495
1891
1899
1649
1498
1586
1865
2033
1940
1585
1215
994
903
732
351
-151
-575
-781
-850
-897
-1056
-1303
-1592
-1747
-1773
-1728
-1837
-2087
-2295
-2129
-1583
-899
-380
-87
159
504
942
1294
1506
1572
1628
1696
1814
1867
1838
1689
1527
1381
1244
1001
589
50
-528
-1029
-1491
-1898
-2263
-2424
-2343
-2006
-1625
-1343
-1275
-1328
-1320
-1043
-459
251
820
1060
1020
834
739
858
1265
1786
2220
2328
2160
1833
1574
1426
1270
869
175
-569
-1013
-983
-740
-647
-991
-1652
-2327
-2599
-2347
-1692
-1072
-803
-954
-1237
-1313
-993
-408
151
465
516
535
722
1156
1632
1940
1915
1670
1354
1161
1107
1164
1202
1141
927
589
186
-261
-721
-1192
-1562
-1874
-2145
-2482
-2743
-2746
-2297
-1600
-993
-713
-632
-442
9
579
965
1126
1206
1441
1781
2073
2095
1867
1478
1096
784
613
573
589
514
227
-248
-790
-1208
-1512
-1744
-1970
-2047
-1924
-1615
-1342
-1200
-1196
-1203
-1186
-1107
-904
-500
103
749
1279
1549
1691
1840
2143
2443
2549
2264
1761
1303
1154
1254
1399
1349
1024
473
-197
-832
-1331
-1592
-1733
-1847
-2054
-2225
-2284
-2143
-1922
-1671
-1410
-1057
-594
-72
359
534
480
390
552
1004
1579
1953
2063
1967
1816
1583
1294
995
807
710
558
220
-279
-757
-1138
-1405
-1683
-1956
-2219
-2322
-2289
-2130
-1930
-1638
-1285
-924
-705
-655
-604
-319
278
973
1502
1675
1647
1618
1775
2004
2151
2025
1701
1317
1080
1001
958
757
300
-326
-933
-1303
-1450
-1479
-1619
-1872
-2142
-2183
-1982
-1630
-1379
-1306
-1358
-1328
-1088
-625
-44
502
994
1429
1888
2270
2542
2605
2520
2261
1853
1288
710
272
95
152
295
340
127
-350
-971
-1467
-1707
-1673
-1518
-1305
-1086
-862
-778
-906
-1163
-1255
-944
-244
558
1098
1241
1073
957
1143
1751
2499
3027
2975
2469
1837
1486
1437
1450
1213
663
-17
-582
-872
-982
-1076
-1365
-1796
-2217
-2363
-2284
-2120
-2073
-2045
-1889
-1485
-965
-497
-146
137
416
659
858
986
1083
1126
1168
1224
1335
1402
1364
1192
998
836
637
274
-293
-910
-1395
-1585
-1559
-1444
-1464
-1644
-1951
-2171
-2209
-1997
-1713
-1496
-1343
-1027
-359
550
1361
1731
1745
1662
1800
2111
2426
2471
2228
1769
1319
992
851
821
761
529
62
-539
-1103
-1428
-1486
-1325
-1167
-1143
-1344
-1626
-1812
-1710
-1353
-880
-514
-350
-394
-537
-586
-363
264
1167
2072
2577
2602
2258
1924
1776
1823
1827
1667
1329
908
444
-59
-549
-943
-1137
-1226
-1318
-1555
-1857
-2120
-2155
-2024
-1826
-1693
-1534
-1244
-792
-337
-39
85
143
315
664
1169
1619
1920
2023
2095
2164
2172
1913
1446
983
783
822
805
441
-284
-1051
-1579
-1736
-1744
-1796
-2012
-2198
-2279
-2230
-2178
-2058
-1791
-1318
-796
-389
-146
2
150
329
560
792
1009
1158
1302
1446
1598
1625
1520
1322
1139
937
607
101
-506
-1036
-1444
-1694
-1828
-1788
-1648
-1475
-1459
-1614
-1881
-2021
-1921
-1556
-1093
-674
-381
-180
17
258
574
900
1234
1522
1802
2002
2145
2172
2114
1903
1589
1224
1002
999
1095
992
466
-402
-1292
-1814
-1927
-1792
-1751
-1883
-2132
-2242
-2105
-1692
-1160
-652
-231
149
575
1002
1357
1530
1607
1649
1742
1792
1822
1833
1899
1908
1780
1456
1062
699
363
-23
-483
-899
-1177
-1262
-1296
-1378
-1611
-1885
-2119
-2162
-2040
-1770
-1448
-1083
-691
-281
106
408
617
732
853
1025
1322
1659
1944
2006
1875
1629
1439
1307
1151
844
416
7
-299
-523
-799
-1139
-1430
-1452
-1237
-971
-975
-1296
-1770
-2040
-1928
-1433
-797
-276
-19
24
97
391
976
1642
2184
2399
2364
2169
1994
1839
1711
1525
1282
968
651
385
156
-107
-500
-963
-1375
-1557
-1569
-1527
-1593
-1700
-1759
-1650
-1456
-1256
-1082
-828
-403
156
653
854
805
748
970
1410
1813
1883
1697
1462
1452
1651
1912
1946
1602
902
123
-413
-605
-599
-755
-1221
-1920
-2475
-2643
-2329
-1860
-1567
-1661
-1904
-1914
-1419
-601
124
462
447
411
612
1172
1897
2563
2862
2755
2311
1845
1527
1446
1473
1477
1310
937
414
-132
-574
-864
-969
-1023
-1152
-1469
-1821
-2016
-1883
-1581
-1313
-1234
-1241
-1132
-742
-88
623
1170
1391
1367
1236
1266
1543
2030
2413
2499
2221
1836
1538
1402
1275
994
481
-159
-685
-968
-1034
-1154
-1466
-1938
-2260
-2311
-2109
-1946
-1938
-2086
-2154
-1992
-1525
-903
-345
-17
100
180
348
660
1033
1467
1886
2263
2443
2380
2025
1551
1129
893
765
495
-101
-942
-1645
-1899
-1638
-1232
-1051
-1289
-1721
-2035
-1955
-1562
-1084
-786
-695
-613
-301
340
1117
1751
1979
1923
1825
1942
2151
2240
2012
1630
1301
1166
1109
995
744
405
65
-275
-639
-1105
-1602
-2059
-2294
-2275
-1987
-1680
-1551
-1736
-2022
-2114
-1776
-1105
-364
194
474
588
686
987
1505
2138
2562
2641
2365
2033
1819
1772
1698
1508
1202
915
697
476
134
-387
-969
-1451
-1650
-1661
-1648
-1824
-2086
-2218
-1978
-1444
-850
-475
-380
-382
-206
302
978
1534
1705
1559
1290
1186
1307
1598
1813
1846
1673
1444
1224
987
630
144
-351
-777
-1102
-1416
-1683
-1880
-1910
-1835
-1675
-1520
-1372
-1277
-1191
-1111
-1002
-833
-532
-61
486
945
1160
1239
1341
1607
1892
2068
2027
1912
1798
1706
1496
1126
644
147
-301
-752
-1205
-1653
-1946
-2073
-2026
-1972
-1952
-2000
-1981
-1824
-1461
-999
-576
-290
-98
141
489
932
1332
1681
1942
2154
2206
2096
1817
1584
1522
1643
1692
1408
705
-170
-815
-1014
-847
-661
-700
-1021
-1414
-1681
-1665
-1464
-1234
-1194
-1334
-1497
-1426
-1063
-537
-78
186
351
569
940
1330
1620
1711
1798
2013
2370
2549
2325
1678
963
511
384
353
185
-135
-539
-939
-1341
-1640
-1809
-1829
-1882
-1993
-2095
-1980
-1622
-1100
-596
-220
29
234
458
648
806
966
1273
1679
2034
2085
1826
1380
1041
958
1114
1257
1161
764
241
-183
-450
-639
-941
-1381
-1860
-2094
-2045
-1826
-1778
-1976
-2278
-2321
-1959
-1263
-478
190
655
902
1055
1205
1499
1876
2183
2152
1819
1393
1179
1182
1200
986
596
258
88
-31
-268
-586
-869
-1030
-1243
-1602
-2093
-2452
-2553
-2329
-1903
-1369
-912
-643
-623
-732
-790
-654
-344
14
404
859
1430
1938
2239
2214
2052
1897
1857
1803
1607
1164
509
-207
-807
-1139
-1256
-1267
-1376
-1601
-1922
-2162
-2252
-2104
-1848
-1594
-1521
-1590
-1648
-1451
-915
-158
571
1031
1248
1358
1551
1765
1887
1775
1527
1261
1125
1105
1141
1088
879
528
118
-276
-669
-1039
-1426
-1770
-2087
-2269
-2319
-2193
-2003
-1774
-1553
-1289
-1021
-777
-581
-379
-56
422
1008
1502
1835
1979
2093
2188
2262
2167
1905
1502
1092
736
436
130
-167
-351
-394
-389
-546
-900
-1365
-1721
-1995
-2218
-2464
-2569
-2421
-1945
-1347
-855
-538
-234
245
840
1350
1564
1665
1886
2401
2941
3196
2904
2297
1721
1514
1610
1768
1690
1279
607
-140
-745
-1120
-1273
-1396
-1571
-1829
-2007
-2035
-1847
-1580
-1339
-1186
-999
-730
-441
-282
-264
-147
287
1056
1838
2334
2346
2086
1822
1804
1922
1952
1665
1170
717
567
703
839
639
-63
-1062
-2004
-2504
-2495
-2078
-1605
-1310
-1290
-1353
-1309
-1061
-749
-517
-399
-296
-66
333
837
1246
1510
1651
1834
2029
2148
2022
1728
1391
1181
1091
1004
749
291
-224
-639
-885
-1072
-1242
-1414
-1503
-1594
-1733
-1980
-2183
-2257
-2108
-1790
-1325
-816
-371
-74
106
279
476
713
962
1248
1470
1576
1537
1537
1644
1819
1840
1559
942
191
-384
-634
-662
-786
-1125
-1530
-1660
-1494
-1239
-1227
-1470
-1753
-1749
-1453
-1064
-817
-698
-517
-126
418
873
1156
1309
1512
1743
1935
1939
1815
1627
1518
1484
1539
1571
1496
1221
687
-92
-1005
-1757
-2146
-2091
-1849
-1643
-1646
-1761
-1843
-1694
-1337
-917
-658
-593
-574
-415
-22
530
1150
1669
2011
2079
1989
1830
1774
1798
1856
1795
1569
1174
697
222
-201
-544
-822
-999
-1141
-1291
-1537
-1786
-1969
-1972
-1904
-1827
-1808
-1728
-1552
-1267
-966
-678
-389
-66
329
770
1269
1720
2012
1972
1684
1331
1188
1272
1427
1393
1089
591
93
-240
-396
-475
-664
-999
-1399
-1640
-1743
-1810
-2072
-2451
-2691
-2433
-1720
-885
-319
-103
38
382
989
1593
1959
1945
1740
1548
1576
1739
1907
1900
1745
1482
1190
855
462
21
-409
-722
-891
-929
-1002
-1196
-1567
-1951
-2217
-2215
-2021
-1722
-1497
-1379
-1291
-1036
-513
172
773
1062
1080
985
1011
1197
1569
1997
2420
2650
2632
2311
1815
1246
672
91
-492
-976
-1335
-1549
-1712
-1791
-1795
-1682
-1602
-1626
-1775
-1859
-1718
-1269
-671
-164
84
107
159
439
954
1425
1665
1635
1585
1647
1830
1917
1873
1733
1642
1565
1378
939
295
-346
-808
-1024
-1147
-1292
-1561
-1837
-1983
-1822
-1446
-1066
-989
-1234
-1521
-1420
-802
63
735
950
868
793
934
1180
1398
1485
1605
1839
2153
2245
1940
1274
546
19
-240
-332
-402
-501
-692
-961
-1322
-1655
-1941
-2121
-2228
-2159
-1931
-1585
-1360
-1345
-1460
-1430
-1054
-333
475
1008
1123
938
868
1153
1723
2146
2173
1826
1492
1397
1522
1567
1341
838
229
-303
-665
-831
-908
-981
-1169
-1429
-1721
-1917
-2028
-2009
-1919
-1744
-1513
-1186
-729
-152
448
899
1155
1244
1317
1395
1519
1635
1787
1900
1951
1858
1686
1456
1229
994
766
526
190
-300
-934
-1513
-1833
-1743
-1452
-1255
-1400
-1741
-1994
-1888
-1509
-1072
-754
-518
-249
103
520
909
1294
1653
1992
2164
2154
1960
1724
1477
1279
1117
1021
929
749
415
-45
-515
-933
-1226
-1445
-1596
-1754
-1855
-1885
-1779
-1602
-1370
-1130
-859
-549
-195
167
459
643
718
833
1073
1475
1862
2096
2052
1873
1699
1670
1683
1596
1275
831
455
263
169
-71
-574
-1288
-1925
-2307
-2326
-2134
-1851
-1599
-1330
-1039
-736
-464
-208
73
358
585
694
771
890
1128
1405
1704
1937
2126
2196
2160
1963
1731
1547
1418
1160
614
-157
-887
-1286
-1373
-1319
-1365
-1513
-1738
-1918
-2000
-1859
-1521
-1087
-780
-668
-693
-708
-710
-737
-671
-287
578
1685
2615
2936
2702
2179
1747
1501
1343
1051
576
53
-293
-362
-307
-346
-637
-1081
-1548
-1873
-2099
-2225
-2294
-2196
-1946
-1573
-1220
-934
-685
-380
28
477
915
1258
1542
1745
1887
1877
1706
1368
1053
921
1040
1215
1199
854
311
-189
-512
-667
-847
-1161
-1657
-2127
-2403
-2326
-2053
-1759
-1627
-1578
-1512
-1320
-1066
-821
-620
-414
-107
331
880
1375
1746
1934
2055
2111
2134
2037
1870
1642
1411
1142
836
496
158
-150
-441
-703
-1001
-1329
-1720
-2042
-2253
-2273
-2210
-2075
-1894
-1584
-1187
-773
-373
68
575
1010
1219
1145
1053
1180
1597
2017
2197
2015
1670
1350
1192
1120
1015
750
322
-156
-543
-749
-889
-1080
-1422
-1781
-2060
-2142
-2172
-2221
-2303
-2191
-1794
-1184
-625
-268
-60
144
446
795
1164
1476
1714
1784
1762
1722
1812
1957
2006
1758
1255
670
217
-30
-176
-364
-687
-1049
-1355
-1504
-1626
-1808
-2074
-2190
-2033
-1622
-1260
-1135
-1180
-1086
-653
33
641
857
716
507
621
1123
1828
2334
2462
2197
1776
1363
1033
702
316
-77
-330
-345
-205
-101
-249
-670
-1307
-1939
-2413
-2526
-2313
-1873
-1459
-1170
-960
-669
-221
298
718
884
941
1127
1659
2334
2860
2940
2698
2320
2030
1808
1630
1403
1145
870
592
265
-178
-696
-1188
-1485
-1610
-1627
-1715
-1869
-2099
-2277
-2362
-2231
-1851
-1224
-519
59
383
463
545
844
1463
2140
2584
2558
2233
1848
1664
1652
1700
1616
1334
863
318
-172
-549
-801
-982
-1082
-1141
-1170
-1273
-1434
-1625
-1706
-1683
-1566
-1422
-1211
-917
-554
-223
-4
174
431
925
1589
2285
2711
2773
2458
2058
1780
1710
1633
1374
908
432
115
-144
-543
-1170
-1771
-2116
-2095
-1955
-1878
-2020
-2262
-2529
-2624
-2470
-2010
-1467
-1069
-899
-755
-377
260
986
1545
1940
2200
2424
2517
2529
2448
2365
2203
1929
1489
989
541
159
-235
-714
-1171
-1532
-1738
-1908
-2030
-2109
-2058
-1980
-1908
-1895
-1838
-1656
-1252
-650
13
512
681
615
542
793
1422
2281
2932
3149
2871
2382
1884
1514
1211
941
669
358
-29
-499
-942
-1277
-1429
-1540
-1699
-1914
-1953
-1667
-1075
-528
-340
-544
-820
-855
-586
-216
51
267
588
1134
1741
2189
2242
2046
1853
1909
2060
2018
1565
894
346
125
131
104
-111
-541
-1048
-1588
-2066
-2470
-2654
-2652
-2484
-2315
-2136
-1949
-1669
-1329
-943
-506
-4
538
994
1326
1518
1692
1844
2019
2144
2201
2054
1707
1237
874
711
643
459
58
-453
-923
-1218
-1458
-1747
-2167
-2501
-2569
-2247
-1807
-1533
-1593
-1765
-1720
-1238
-470
226
591
625
603
745
1131
1568
1926
2097
2176
2171
2173
2150
2132
2020
1695
1053
204
-569
-1051
-1202
-1248
-1348
-1574
-1770
-1905
-1946
-1949
-1824
-1598
-1326
-1213
-1294
-1410
-1270
-775
-90
465
663
627
642
1029
1739
2516
2924
2846
2362
1839
1494
1379
1294
1046
568
-34
-571
-965
-1205
-1451
-1760
-2163
-2461
-2566
-2406
-2135
-1821
-1528
-1207
-875
-549
-271
-55
207
623
1261
1918
2357
2364
2098
1787
1675
1704
1723
1533
1175
802
632
690
806
716
247
-522
-1327
-1814
-1912
-1746
-1665
-1786
-2043
-2146
-2014
-1701
-1416
-1207
-1030
-779
-386
144
746
1235
1487
1454
1356
1375
1571
1724
1691
1451
1190
1008
870
634
243
-220
-661
-992
-1221
-1317
-1356
-1379
-1502
-1680
-1796
-1652
-1290
-891
-719
-802
-939
-841
-424
138
599
810
907
1072
1444
1868
2183
2221
2095
1911
1786
1641
1400
1005
501
-19
-483
-827
-1041
-1094
-1115
-1219
-1528
-1912
-2158
-2021
-1589
-1107
-865
-877
-965
-888
-563
-73
499
1068
1603
1956
2022
1723
1327
1145
1435
2011
2433
2240
1475
562
49
110
416
459
-69
-981
-1882
-2367
-2415
-2168
-1905
-1696
-1570
-1439
-1325
-1220
-1175
-1153
-1099
-910
-563
-126
388
976
1667
2263
2580
2472
2181
1953
1974
2083
2076
1761
1186
509
-99
-550
-885
-1127
-1369
-1602
-1864
-2045
-2173
-2226
-2274
-2211
-1995
-1604
-1229
-996
-895
-749
-422
57
568
960
1223
1365
1475
1533
1624
1751
1937
2026
1984
1806
1647
1520
1346
985
404
-296
-939
-1313
-1358
-1143
-1014
-1206
-1727
-2189
-2228
-1706
-949
-381
-229
-347
-422
-248
186
713
1203
1528
1753
1922
2110
2177
2058
1734
1425
1256
1252
1257
1177
966
592
29
-670
-1284
-1669
-1774
-1804
-1854
-1964
-1989
-1886
-1604
-1245
-913
-675
-451
-158
159
403
542
733
1051
1503
1921
2256
2404
2400
2221
1967
1641
1277
869
483
171
-102
-401
-806
-1246
-1629
-1798
-1832
-1827
-1915
-1982
-1916
-1624
-1222
-825
-531
-346
-254
-200
-102
78
355
682
1069
1448
1775
1918
1931
1876
1916
2005
2014
1727
1197
644
276
67
-194
-614
-1097
-1387
-1439
-1350
-1427
-1775
-2359
-2828
-2936
-2554
-1868
-1098
-433
64
412
642
885
1200
1648
2086
2338
2190
1744
1252
1075
1261
1617
1776
1613
1212
752
298
-170
-615
-977
-1174
-1335
-1554
-1883
-2133
-2209
-2057
-1905
-1884
-2031
-2105
-1919
-1404
-720
-71
445
817
1116
1327
1542
1781
2128
2457
2655
2545
2176
1638
1085
576
170
-94
-222
-279
-457
-851
-1455
-2011
-2312
-2209
-1914
-1669
-1708
-1919
-2105
-2028
-1703
-1230
-727
-220
302
786
1194
1450
1665
1899
2213
2423
2381
1984
1463
1088
1038
1160
1186
918
361
-324
-972
-1405
-1571
-1470
-1337
-1349
-1603
-1898
-2056
-1941
-1656
-1296
-988
-772
-682
-654
-527
-168
432
1080
1565
1703
1599
1435
1458
1648
1882
1927
1757
1429
1082
752
464
233
49
-137
-441
-871
-1345
-1655
-1768
-1718
-1698
-1740
-1784
-1627
-1309
-1005
-976
-1197
-1384
-1192
-552
286
998
1362
1465
1461
1526
1614
1721
1797
1877
1854
1645
1196
589
-50
-635
-1066
-1266
-1173
-948
-800
-974
-1427
-1993
-2351
-2388
-2090
-1641
-1167
-757
-398
-111
58
143
255
548
984
1494
1930
2305
2522
2515
2164
1596
1003
614
470
478
465
307
-4
-385
-692
-944
-1211
-1646
-2157
-2620
-2797
-2717
-2423
-2104
-1808
-1535
-1161
-633
-32
478
770
894
934
992
1055
1160
1277
1443
1595
1740
1805
1732
1402
888
395
129
69
-71
-501
-1141
-1610
-1688
-1411
-1163
-1200
-1556
-1918
-2023
-1744
-1265
-814
-592
-585
-617
-462
48
833
1655
2155
2255
2056
1878
1830
1902
1901
1777
1518
1230
958
742
545
264
-173
-761
-1314
-1689
-1791
-1781
-1777
-1879
-1966
-2017
-1997
-1984
-1904
-1621
-994
-134
639
1010
889
592
509
906
1603
2239
2423
2149
1624
1197
995
965
902
694
356
-2
-279
-442
-491
-585
-859
-1409
-2026
-2459
-2473
-2218
-1902
-1718
-1583
-1370
-979
-467
41
438
660
785
903
1159
1517
1852
1927
1735
1399
1201
1228
1400
1462
1297
933
540
241
-68
-556
-1272
-1916
-2205
-2029
-1764
-1746
-2151
-2685
-3024
-2867
-2274
-1456
-748
-326
-114
116
568
1161
1684
1884
1812
1619
1609
1847
2254
2488
2356
1834
1181
622
251
14
-212
-491
-878
-1293
-1642
-1771
-1758
-1712
-1763
-1796
-1699
-1406
-1127
-1029
-1128
-1194
-1006
-509
138
673
1014
1213
1451
1720
1915
1833
1543
1227
1176
1414
1759
1859
1532
825
4
-635
-991
-1112
-1258
-1562
-2024
-2354
-2420
-2225
-2015
-1854
-1673
-1307
-833
-440
-292
-345
-356
-91
491
1134
1562
1617
1528
1547
1832
2172
2310
2043
1534
1049
771
603
359
-19
-412
-648
-808
-1054
-1557
-2156
-2635
-2730
-2533
-2205
-1987
-1860
-1709
-1355
-804
-198
271
504
585
642
832
1150
1568
1924
2172
2227
2171
2016
1793
1424
936
431
31
-238
-504
-840
-1222
-1474
-1590
-1624
-1738
-1886
-2015
-2004
-1935
-1840
-1723
-1445
-963
-357
167
441
499
501
692
1125
1705
2129
2289
2192
2077
2009
1987
1858
1569
1101
522
-58
-546
-886
-1129
-1275
-1400
-1514
-1696
-1866
-1916
-1690
-1309
-994
-982
-1204
-1388
-1233
-677
85
775
1167
1302
1315
1445
1707
2028
2178
2152
2012
1958
1977
1974
1752
1331
838
441
176
-88
-470
-988
-1452
-1796
-2010
-2208
-2293
-2207
-1908
-1596
-1380
-1197
-831
-201
528
1125
1412
1417
1215
1010
939
1167
1613
2109
2363
2269
1810
1206
686
455
487
583
512
152
-421
-1107
-1724
-2192
-2376
-2366
-2247
-2241
-2329
-2424
-2296
-1939
-1439
-941
-462
55
599
1073
1310
1307
1142
1030
1063
1271
1498
1621
1530
1295
1002
794
706
618
324
-317
-1150
-1879
-2186
-2114
-1845
-1661
-1600
-1638
-1638
-1623
-1598
-1611
-1560
-1333
-848
-156
559
1151
1507
1692
1743
1778
1783
1862
2008
2208
2251
2047
1608
1168
876
726
561
244
-227
-695
-918
-874
-743
-872
-1324
-1929
-2314
-2326
-1963
-1453
-992
-788
-845
-942
-751
-111
766
1442
1550
1249
971
1145
1693
2234
2312
1928
1363
988
873
855
694
301
-225
-720
-1022
-1152
-1189
-1235
-1228
-1193
-1190
-1436
-1909
-2350
-2327
-1736
-823
-71
220
130
-14
121
577
1204
1701
1985
2064
2111
2116
2051
1804
1473
1178
1001
836
509
-41
-711
-1260
-1566
-1596
-1592
-1729
-2147
-2628
-2963
-2930
-2647
-2240
-1879
-1542
-1198
-793
-342
97
469
721
961
1274
1784
2355
2789
2791
2383
1747
1251
1046
1072
1069
856
425
-66
-428
-658
-856
-1235
-1778
-2375
-2729
-2758
-2456
-2072
-1757
-1599
-1459
-1255
-970
-667
-349
46
507
916
1091
1094
1093
1323
1732
2147
2282
2082
1610
1062
564
185
-73
-241
-341
-462
-662
-986
-1323
-1629
-1837
-2032
-2168
-2236
-2141
-1955
-1708
-1459
-1162
-850
-568
-365
-209
37
454
1040
1598
1996
2122
2095
1985
1935
1915
1914
1810
1585
1238
860
504
132
-317
-901
-1508
-1999
-2172
-2063
-1781
-1585
-1549
-1660
-1724
-1617
-1272
-827
-465
-274
-149
157
732
1431
1888
2012
1925
1975
2213
2484
2448
2075
1526
1058
721
402
-21
-523
-911
-1095
-1100
-1179
-1460
-1940
-2323
-2412
-2118
-1632
-1131
-795
-657
-657
-621
-367
127
670
978
1006
907
983
1298
1740
2016
2017
1746
1424
1195
1120
1057
864
493
55
-291
-542
-775
-1102
-1452
-1677
-1594
-1336
-1151
-1359
-1898
-2455
-2563
-2129
-1378
-705
-294
-85
68
259
468
749
1105
1558
1962
2227
2224
2050
1799
1632
1528
1395
1085
609
105
-313
-632
-977
-1351
-1736
-1993
-2171
-2268
-2342
-2289
-2090
-1712
-1271
-858
-564
-385
-263
-124
83
333
646
1004
1401
1680
1710
1411
965
608
554
769
1075
1208
1025
553
-24
-483
-777
-977
-1291
-1731
-2196
-2399
-2330
-2108
-1992
-1957
-1849
-1472
-914
-389
2
343
762
1177
1430
1390
1258
1265
1559
1938
2180
2100
1831
1537
1344
1153
817
276
-353
-841
-1098
-1160
-1235
-1399
-1633
-1745
-1717
-1609
-1649
-1856
-2089
-2037
-1597
-896
-186
373
767
982
1093
1172
1400
1750
2091
2170
1989
1648
1401
1337
1386
1287
900
320
-192
-458
-609
-850
-1293
-1748
-2067
-2136
-2103
-2038
-2031
-1996
-1947
-1844
-1680
-1360
-891
-368
43
248
365
557
916
1292
1547
1581
1554
1578
1713
1790
1734
1528
1300
1086
817
377
-243
-870
-1330
-1498
-1475
-1374
-1414
-1635
-2030
-2363
-2440
-2106
-1524
-946
-585
-411
-243
54
477
881
1209
1424
1604
1726
1823
1831
1802
1727
1686
1653
1594
1381
980
448
-67
-441
-735
-1042
-1423
-1717
-1833
-1744
-1647
-1627
-1647
-1502
-1190
-851
-744
-911
-1105
-946
-285
625
1379
1682
1722
1791
2102
2438
2549
2251
1752
1303
1092
1027
948
724
369
-20
-365
-628
-921
-1309
-1799
-2159
-2249
-2029
-1753
-1590
-1594
-1589
-1476
-1221
-892
-525
-154
172
473
783
1188
1599
1993
2297
2603
2818
2819
2414
1760
1144
851
842
874
695
203
-498
-1241
-1772
-2002
-1928
-1863
-2001
-2393
-2707
-2676
-2176
-1494
-955
-730
-669
-538
-224
185
505
691
800
1051
1511
2143
2639
2837
2666
2356
2034
1728
1296
706
71
-484
-900
-1215
-1381
-1372
-1181
-1041
-1130
-1536
-2029
-2375
-2348
-2025
-1565
-1117
-652
-98
494
902
895
638
533
915
1602
2162
2216
1966
1784
1890
2024
1828
1141
255
-376
-580
-558
-691
-1074
-1520
-1689
-1614
-1524
-1666
-1903
-2000
-1775
-1361
-935
-606
-342
-99
135
403
706
1060
1375
1650
1830
1979
2052
2094
2058
1993
1844
1629
1325
1020
768
603
473
284
-23
-441
-835
-1148
-1350
-1582
-1857
-2140
-2222
-2131
-1971
-1928
-1910
-1663
-967
53
987
1474
1410
1107
930
1117
1508
1849
1901
1719
1428
1194
1026
882
668
300
-225
-836
-1345
-1625
-1598
-1469
-1438
-1714
-2168
-2577
-2631
-2344
-1864
-1475
-1252
-1155
-1027
-745
-258
349
852
1084
1021
924
1000
1336
1729
2004
2015
1819
1479
1125
814
580
385
125
-261
-755
-1187
-1487
-1631
-1751
-1845
-1937
-1951
-1948
-1900
-1824
-1654
-1419
-1118
-775
-391
2
350
637
839
1044
1282
1614
1921
2135
2141
2051
1937
1865
1702
1346
781
166
-306
-582
-719
-922
-1277
-1788
-2210
-2390
-2240
-2014
-1910
-2003
-2031
-1770
-1165
-500
-89
0
-21
187
729
1435
1900
1931
1582
1195
993
1046
1194
1359
1476
1512
1340
890
225
-456
-929
-1182
-1293
-1384
-1414
-1436
-1492
-1696
-1931
-1962
-1554
-885
-353
-264
-503
-610
-231
609
1482
1984
1913
1560
1326
1538
2024
2416
2338
1868
1283
839
517
203
-131
-382
-443
-405
-430
-701
-1182
-1763
-2190
-2374
-2272
-2068
-1859
-1717
-1540
-1215
-673
-33
470
701
708
765
1019
1446
1782
1905
1797
1643
1516
1509
1577
1699
1727
1531
1036
360
-282
-730
-929
-1036
-1187
-1523
-1932
-2260
-2278
-2039
-1682
-1465
-1422
-1490
-1486
-1295
-863
-242
410
959
1310
1538
1666
1801
1934
2106
2191
2127
1849
1428
909
379
-53
-263
-232
-116
-106
-323
-701
-1184
-1654
-2119
-2469
-2642
-2484
-2056
-1487
-1020
-739
-592
-434
-202
59
304
516
821
1258
1796
2183
2263
1973
1541
1178
1047
1077
1154
1133
939
546
31
-438
-799
-1070
-1409
-1789
-2105
-2150
-1987
-1743
-1626
-1615
-1603
-1401
-994
-494
-94
106
196
338
652
1046
1383
1517
1529
1508
1575
1657
1749
1798
1816
1697
1359
789
171
-264
-507
-720
-1136
-1698
-2173
-2242
-2011
-1766
-1871
-2247
-2562
-2387
-1680
-716
87
487
572
584
786
1182
1666
2004
2170
2173
2160
2111
2095
2095
2118
1992
1601
957
317
-74
-234
-373
-721
-1234
-1707
-1859
-1735
-1537
-1565
-1804
-2099
-2180
-1971
-1482
-817
-96
577
1098
1460
1624
1647
1545
1467
1467
1657
1969
2345
2559
2514
2150
1635
1116
683
290
-157
-660
-1179
-1573
-1846
-1983
-2093
-2144
-2176
-2132
-2094
-2039
-1961
-1730
-1330
-811
-343
-48
178
529
1140
1806
2280
2355
2258
2220
2391
2536
2469
2087
1609
1234
996
706
165
-600
-1373
-1838
-1913
-1670
-1410
-1306
-1446
-1661
-1775
-1628
-1323
-1031
-935
-988
-1007
-797
-301
359
1012
1459
1684
1717
1763
1880
2098
2238
2221
1979
1639
1295
1034
809
547
202
-245
-729
-1188
-1480
-1604
-1588
-1625
-1755
-1984
-2133
-2117
-1851
-1384
-786
-242
81
177
210
466
1015
1717
2215
2420
2391
2412
2513
2579
2332
1801
1201
847
781
834
759
423
-142
-823
-1402
-1745
-1776
-1734
-1822
-2181
-2584
-2745
-2402
-1693
-928
-389
-86
173
516
960
1365
1664
1768
1707
1503
1331
1272
1296
1190
922
644
651
972
1282
1139
410
-593
-1415
-1735
-1666
-1472
-1490
-1753
-2148
-2362
-2195
-1584
-817
-260
-168
-434
-694
-617
-151
464
999
1330
1531
1620
1706
1807
2028
2275
2437
2327
1916
1241
457
-242
-663
-727
-625
-621
-928
-1425
-1853
-1925
-1689
-1344
-1222
-1401
-1733
-1843
-1548
-941
-331
70
336
635
1031
1346
1462
1366
1349
1601
2136
2582
2687
2371
1914
1519
1229
890
439
-40
-440
-711
-919
-1077
-1262
-1487
-1795
-2038
-2104
-1902
-1626
-1435
-1416
-1414
-1260
-850
-216
490
1114
1497
1641
1581
1457
1298
1250
1391
1830
2376
2750
2634
2037
1160
321
-266
-559
-636
-700
-864
-1229
-1701
-2175
-2427
-2412
-2132
-1789
-1491
-1271
-1010
-623
-124
365
690
871
999
1252
1603
1982
2198
2194
1924
1577
1339
1421
1719
1991
1937
1546
974
430
1
-363
-712
-1090
-1413
-1642
-1694
-1645
-1549
-1567
-1700
-1879
-1877
-1593
-1057
-457
46
436
753
1083
1386
1689
1933
2113
2105
1951
1714
1574
1522
1470
1262
943
639
454
346
153
-225
-740
-1157
-1311
-1166
-987
-1015
-1371
-1828
-2089
-1915
-1408
-821
-422
-263
-189
2
431
993
1515
1781
1784
1592
1475
1569
1866
2059
1907
1360
693
196
-7
-7
32
-1
-240
-715
-1372
-1930
-2231
-2222
-2133
-2069
-2061
-1959
-1758
-1467
-1176
-899
-596
-191
366
969
1494
1784
1928
2011
2117
2094
1873
1468
1122
974
1031
1103
1069
883
558
107
-465
-1053
-1559
-1835
-1909
-1808
-1669
-1525
-1493
-1565
-1712
-1747
-1563
-1139
-581
0
518
864
1039
1110
1336
1794
2398
2785
2745
2218
1556
1122
1089
1200
1084
580
-65
-463
-522
-459
-686
-1324
-2258
-3049
-3392
-3099
-2431
-1745
-1461
-1601
-1899
-1909
-1461
-707
79
718
1280
1787
2247
2488
2510
2313
2084
1903
1828
1715
1431
907
294
-178
-402
-458
-555
-766
-1066
-1305
-1468
-1545
-1652
-1793
-2012
-2187
-2256
-2111
-1826
-1469
-1127
-772
-369
72
498
826
1111
1388
1754
2122
2389
2348
2016
1518
1116
897
798
645
398
139
-87
-324
-706
-1204
-1676
-1874
-1851
-1775
-1900
-2157
-2367
-2273
-1975
-1668
-1588
-1659
-1637
-1251
-488
391
1109
1514
1753
1946
2193
2352
2322
1992
1511
1084
930
1004
1075
875
307
-483
-1246
-1700
-1832
-1760
-1743
-1811
-1952
-2040
-2060
-1914
-1575
-1051
-572
-350
-419
-565
-498
-91
551
1143
1548
1741
1900
2061
2235
2270
2092
1628
1025
498
252
259
322
259
-40
-549
-1208
-1788
-2147
-2201
-2123
-1993
-1893
-1766
-1644
-1477
-1241
-899
-518
-170
146
469
911
1453
2031
2406
2484
2241
1917
1662
1563
1495
1373
1135
801
388
-19
-289
-348
-256
-244
-462
-918
-1392
-1733
-1823
-1756
-1602
-1459
-1288
-1041
-673
-247
125
374
499
599
723
888
1011
1142
1329
1646
1938
2091
2014
1863
1723
1612
1397
1011
472
-97
-536
-824
-1018
-1318
-1746
-2226
-2487
-2433
-2057
-1613
-1289
-1195
-1198
-1108
-785
-304
131
384
472
574
783
1126
1463
1697
1699
1500
1170
891
736
687
625
489
290
66
-165
-433
-715
-1038
-1361
-1695
-1916
-1991
-1882
-1701
-1478
-1281
-1113
-1004
-881
-623
-169
367
752
883
815
811
1022
1461
1875
2147
2230
2270
2241
2116
1817
1427
1006
559
45
-500
-927
-1169
-1229
-1310
-1513
-1853
-2105
-2130
-1865
-1539
-1344
-1345
-1331
-1065
-475
266
868
1201
1277
1302
1388
1644
1966
2251
2300
2115
1763
1489
1394
1399
1237
783
161
-382
-690
-911
-1209
-1668
-2084
-2308
-2223
-2006
-1812
-1773
-1760
-1596
-1145
-524
25
345
474
625
905
1303
1630
1838
1909
1951
1937
1873
1694
1487
1303
1164
959
593
77
-453
-814
-1000
-1088
-1226
-1398
-1561
-1602
-1597
-1607
-1766
-1998
-2170
-2044
-1581
-905
-278
131
342
463
656
956
1355
1688
1899
1955
1997
2029
2062
1991
1850
1637
1380
1034
594
99
-399
-821
-1179
-1451
-1696
-1866
-1995
-2030
-2030
-1967
-1872
-1675
-1424
-1160
-938
-697
-364
46
479
865
1271
1673
2033
2184
2146
1956
1790
1682
1664
1633
1558
1391
1121
704
147
-444
-958
-1291
-1572
-1892
-2276
-2473
-2317
-1781
-1168
-754
-707
-920
-1124
-1009
-497
182
672
782
707
723
1022
1472
1896
2078
2055
1905
1814
1777
1749
1594
1238
664
-64
-776
-1319
-1558
-1609
-1609
-1676
-1685
-1622
-1534
-1605
-1781
-1868
-1636
-1153
-635
-207
184
660
1167
1583
1746
1749
1710
1742
1732
1682
1622
1713
1892
1968
1690
1101
443
-65
-395
-748
-1226
-1750
-2008
-1915
-1597
-1411
-1478
-1712
-1822
-1702
-1379
-1041
-801
-685
-589
-392
-62
393
894
1385
1712
1871
1886
1945
2051
2114
1922
1513
1054
744
579
489
417
341
200
-123
-615
-1178
-1626
-1980
-2239
-2427
-2394
-2123
-1654
-1224
-983
-943
-911
-646
-57
680
1197
1278
978
735
892
1503
2158
2507
2389
2034
1638
1324
1032
729
396
31
-338
-707
-1029
-1330
-1554
-1717
-1768
-1761
-1677
-1544
-1325
-1089
-890
-781
-691
-483
-69
504
1029
1354
1406
1322
1217
1267
1479
1846
2173
2308
2101
1649
1115
635
193
-268
-702
-987
-1012
-898
-829
-1009
-1396
-1865
-2157
-2182
-1917
-1538
-1169
-915
-748
-575
-294
144
651
1102
1351
1427
1389
1413
1537
1804
2077
2252
2157
1803
1274
787
475
330
216
-11
-362
-771
-1103
-1333
-1434
-1511
-1594
-1779
-1994
-2116
-1920
-1419
-806
-437
-460
-673
-676
-158
786
1827
2520
2787
2714
2615
2554
2515
2300
1938
1529
1222
977
670
226
-238
-521
-601
-617
-823
-1247
-1758
-2061
-2113
-1991
-1934
-1956
-1990
-1854
-1564
-1205
-911
-684
-414
8
633
1323
1902
2146
2071
1778
1562
1552
1737
1862
1750
1354
843
391
57
-205
-478
-750
-1042
-1321
-1681
-2089
-2457
-2510
-2196
-1637
-1168
-936
-862
-713
-400
-10
327
536
686
838
1084
1380
1685
1857
1867
1700
1501
1343
1268
1175
995
698
277
-254
-891
-1486
-1865
-1845
-1594
-1389
-1547
-1994
-2469
-2590
-2346
-1906
-1578
-1420
-1260
-824
-60
764
1257
1189
805
545
824
1577
2445
2893
2779
2241
1719
1447
1402
1292
968
512
125
-116
-366
-749
-1226
-1541
-1616
-1518
-1546
-1789
-2170
-2363
-2198
-1658
-1012
-518
-291
-209
2
486
1190
1803
2089
1945
1610
1340
1355
1560
1782
1796
1607
1299
1006
736
411
-37
-605
-1151
-1619
-1947
-2200
-2311
-2282
-2059
-1762
-1461
-1276
-1199
-1173
-1035
-674
-115
467
854
1023
1058
1185
1462
1871
2185
2351
2355
2322
2188
1917
1477
1070
856
771
540
-20
-753
-1331
-1495
-1382
-1249
-1328
-1545
-1787
-1891
-1843
-1613
-1306
-1013
-806
-612
-244
376
1106
1605
1730
1550
1410
1482
1795
2113
2307
2265
2076
1789
1482
1118
686
215
-228
-574
-874
-1158
-1484
-1756
-1994
-2168
-2301
-2251
-1997
-1590
-1249
-1044
-880
-581
-132
309
630
820
999
1183
1374
1490
1585
1655
1759
1828
1891
1899
1851
1660
1323
870
343
-237
-864
-1407
-1748
-1780
-1667
-1573
-1640
-1752
-1762
-1527
-1162
-849
-770
-875
-976
-861
-447
169
832
1342
1652
1751
1775
1761
1774
1752
1715
1621
1487
1263
1008
784
651
544
298
-181
-819
-1346
-1612
-1596
-1546
-1615
-1895
-2212
-2404
-2273
-1837
-1205
-622
-247
-40
177
558
1015
1411
1618
1715
1733
1756
1759
1808
1841
1818
1647
1362
984
533
24
-456
-758
-846
-790
-788
-918
-1214
-1558
-1923
-2189
-2292
-2102
-1675
-1139
-737
-580
-578
-487
-68
670
1524
2131
2386
2324
2200
2084
2000
1834
1622
1389
1208
1044
891
721
486
118
-410
-967
-1432
-1692
-1869
-2021
-2163
-2119
-1823
-1299
-780
-457
-419
-544
-647
-583
-344
-32
319
708
1192
1661
1980
1975
1715
1338
1092
1064
1218
1327
1174
674
-54
-750
-1203
-1301
-1197
-1098
-1187
-1377
-1502
-1400
-1219
-1153
-1285
-1396
-1265
-843
-323
87
362
579
832
1078
1304
1449
1569
1651
1766
1867
1966
1967
1848
1558
1140
647
135
-349
-790
-1118
-1334
-1417
-1481
-1560
-1717
-1858
-1914
-1763
-1489
-1219
-1082
-995
-771
-300
293
738
952
1028
1239
1637
2118
2372
2311
1982
1663
1492
1450
1307
946
434
28
-94
13
125
-6
-429
-1055
-1624
-1986
-2038
-1935
-1797
-1816
-1968
-2175
-2205
-1928
-1315
-503
303
939
1286
1445
1544
1718
1848
1844
1662
1544
1626
1911
2129
2098
1732
1149
506
-102
-638
-1108
-1421
-1596
-1659
-1807
-2058
-2325
-2337
-2076
-1670
-1443
-1481
-1619
-1503
-982
-204
502
881
1000
1052
1260
1575
1897
2046
2073
2027
2024
1989
1871
1595
1159
564
-99
-642
-920
-919
-879
-989
-1294
-1580
-1780
-1898
-2065
-2185
-2187
-1994
-1664
-1179
-510
264
883
1087
943
724
744
1023
1461
1839
2113
2214
2174
1948
1624
1265
975
757
541
220
-286
-897
-1486
-1849
-1991
-1951
-1855
-1672
-1426
-1144
-974
-946
-1006
-1001
-924
-828
-706
-431
184
1092
2062
2686
2856
2635
2335
2080
1923
1737
1496
1190
896
641
408
135
-263
-762
-1291
-1669
-1795
-1600
-1277
-1051
-1212
-1721
-2321
-2563
-2242
-1435
-561
-9
99
-24
-8
322
919
1511
1962
2190
2291
2251
2184
2112
2105
2039
1797
1292
624
-36
-591
-1003
-1305
-1457
-1494
-1419
-1392
-1483
-1784
-2155
-2451
-2443
-2160
-1721
-1359
-1121
-907
-555
-28
536
1014
1322
1505
1540
1498
1421
1447
1555
1659
1587
1360
1069
858
736
593
293
-218
-812
-1326
-1594
-1603
-1373
-1105
-971
-1151
-1547
-1928
-1983
-1667
-1113
-575
-189
74
318
624
928
1217
1466
1803
2192
2554
2635
2431
2041
1733
1567
1437
1125
631
143
-129
-160
-200
-484
-1109
-1840
-2397
-2496
-2243
-1871
-1706
-1745
-1801
-1599
-1097
-443
139
499
651
684
762
929
1170
1335
1449
1573
1848
2157
2288
2003
1371
636
62
-256
-397
-473
-582
-714
-877
-1023
-1194
-1374
-1652
-1979
-2297
-2388
-2188
-1722
-1209
-801
-530
-303
25
503
1087
1570
1830
1807
1707
1677
1808
1934
1957
1810
1634
1493
1411
1268
945
387
-325
-960
-1376
-1535
-1640
-1789
-2047
-2268
-2398
-2332
-2135
-1839
-1559
-1292
-1016
-667
-250
170
570
932
1274
1509
1653
1718
1875
2118
2366
2371
2044
1417
720
169
-127
-218
-262
-368
-610
-938
-1351
-1755
-2101
-2233
-2170
-1949
-1729
-1519
-1314
-1053
-812
-655
-517
-225
339
1024
1553
1679
1514
1298
1352
1695
2173
2418
2277
1788
1269
934
831
792
593
109
-608
-1288
-1684
-1666
-1490
-1440
-1745
-2231
-2561
-2364
-1710
-957
-587
-718
-1035
-1037
-536
209
780
948
946
1097
1551
2029
2243
2047
1682
1395
1316
1288
1117
700
124
-408
-742
-823
-835
-960
-1310
-1700
-1942
-1898
-1721
-1547
-1482
-1442
-1367
-1183
-919
-616
-314
-8
389
889
1445
1847
2018
1945
1855
1858
2002
2092
2056
1863
1662
1491
1282
871
218
-512
-1170
-1656
-2005
-2133
-2046
-1777
-1601
-1644
-1859
-1948
-1733
-1203
-636
-319
-343
-496
-454
-77
507
1006
1331
1521
1750
1989
2188
2194
2056
1820
1566
1239
808
299
-184
-533
-798
-1052
-1446
-1931
-2374
-2487
-2274
-1905
-1718
-1747
-1785
-1522
-1007
-524
-304
-268
-109
344
985
1476
1689
1676
1700
1828
2040
2138
2068
1803
1467
1130
836
535
157
-290
-746
-1086
-1304
-1405
-1497
-1574
-1702
-1834
-2009
-2133
-2116
-1799
-1209
-511
46
329
448
587
906
1326
1739
1972
2054
1999
1950
1917
1953
1962
1881
1600
1151
632
187
-116
-336
-551
-866
-1251
-1653
-1898
-1906
-1634
-1299
-1114
-1272
-1655
-2021
-2060
-1685
-994
-233
374
771
1010
1229
1417
1512
1391
1178
1062
1229
1551
1795
1724
1413
1050
756
452
-16
-636
-1248
-1593
-1641
-1488
-1411
-1517
-1803
-2027
-2072
-1894
-1583
-1146
-639
-174
59
7
-140
-122
194
678
1156
1454
1624
1720
1840
1900
1871
1708
1466
1141
758
359
-8
-334
-694
-1071
-1390
-1502
-1486
-1472
-1667
-2012
-2397
-2587
-2547
-2257
-1855
-1423
-1027
-619
-136
394
920
1348
1720
2002
2232
2323
2333
2240
2123
1955
1784
1569
1338
1078
800
480
55
-485
-1154
-1819
-2398
-2710
-2736
-2444
-2013
-1580
-1334
-1277
-1305
-1196
-843
-304
258
692
1025
1297
1567
1737
1830
1853
1911
1945
1871
1562
1153
848
808
913
896
558
-9
-513
-770
-802
-859
-1078
-1530
-2054
-2562
-2861
-2887
-2548
-1958
-1257
-656
-263
-56
88
358
810
1412
1941
2259
2253
2107
1984
2021
2053
1911
1495
975
549
356
355
383
253
-182
-855
-1602
-2145
-2400
-2332
-2135
-1920
-1819
-1756
-1668
-1462
-1167
-810
-375
165
819
1441
1908
2076
2079
2047
2161
2321
2400
2214
1884
1580
1490
1526
1481
1148
536
-166
-818
-1344
-1796
-2095
-2220
-2118
-1987
-1951
-2080
-2172
-2065
-1656
-1121
-679
-473
-424
-257
235
993
1630
1852
1621
1325
1275
1613
2106
2540
2674
2432
1788
919
91
-452
-640
-617
-556
-640
-902
-1352
-1826
-2200
-2312
-2254
-2102
-2025
-1993
-1943
-1708
-1283
-763
-312
9
282
588
983
1380
1701
1799
1685
1419
1282
1425
1823
2127
2033
1440
615
-77
-455
-580
-683
-876
-1158
-1369
-1476
-1485
-1540
-1642
-1756
-1727
-1491
-1039
-522
-118
31
-54
-151
-23
466
1169
1876
2313
2440
2258
1970
1702
1595
1579
1537
1306
881
354
-98
-337
-399
-426
-661
-1141
-1771
-2249
-2468
-2399
-2263
-2150
-2112
-1993
-1685
-1127
-445
156
530
667
759
953
1362
1860
2290
2407
2220
1838
1566
1517
1608
1548
1236
789
429
211
-70
-586
-1308
-1910
-2191
-2096
-1904
-1811
-1907
-1979
-1882
-1554
-1151
-797
-512
-212
115
364
475
488
597
884
1335
1753
2004
1954
1643
1164
756
577
652
793
788
536
135
-221
-499
-786
-1220
-1701
-2084
-2195
-2178
-2169
-2257
-2239
-1960
-1379
-795
-518
-563
-582
-171
678
1592
2071
2029
1676
1412
1379
1528
1604
1493
1205
890
617
414
264
148
26
-198
-540
-954
-1283
-1508
-1632
-1770
-1887
-1930
-1759
-1434
-1084
-931
-1010
-1169
-1119
-690
40
794
1258
1452
1564
1878
2323
2667
2589
2178
1696
1413
1261
1051
665
205
-158
-390
-551
-753
-999
-1331
-1687
-2055
-2285
-2333
-2131
-1737
-1190
-652
-294
-290
-591
-894
-830
-251
614
1387
1752
1791
1719
1782
1916
1999
1869
1613
1347
1187
1073
896
565
118
-308
-625
-816
-1025
-1314
-1695
-1985
-2101
-1988
-1820
-1694
-1690
-1680
-1560
-1244
-749
-139
505
1045
1413
1557
1617
1677
1851
2049
2214
2207
2028
1669
1212
708
231
-156
-421
-552
-636
-739
-953
-1236
-1566
-1828
-1985
-1938
-1710
-1337
-1015
-872
-937
-1028
-883
-354
465
1234
1681
1699
1505
1315
1374
1678
2129
2421
2328
1749
1002
500
475
722
795
411
-330
-1046
-1482
-1578
-1587
-1693
-1982
-2226
-2261
-2010
-1651
-1312
-1008
-625
-121
400
812
1023
1118
1177
1294
1413
1545
1651
1830
2050
2248
2202
1836
1203
588
231
191
295
272
-23
-534
-1010
-1342
-1540
-1820
-2196
-2581
-2696
-2490
-2013
-1482
-1008
-657
-404
-146
228
818
1505
2080
2276
2115
1742
1539
1690
2170
2571
2503
1797
797
9
-233
-22
231
171
-286
-884
-1371
-1598
-1746
-1964
-2313
-2529
-2463
-2096
-1695
-1410
-1251
-1058
-775
-433
-98
198
490
779
1079
1314
1512
1662
1853
2029
2140
2033
1718
1259
815
454
164
-108
-384
-614
-777
-852
-970
-1215
-1639
-2044
-2243
-2079
-1713
-1352
-1129
-930
-609
-147
337
695
940
1108
1243
1275
1267
1294
1535
1952
2370
2445
2071
1366
698
326
283
373
306
-74
-746
-1435
-1971
-2263
-2416
-2387
-2192
-1834
-1555
-1477
-1551
-1503
-1178
-618
-7
492
894
1232
1488
1502
1316
1107
1210
1660
2215
2426
2126
1436
741
318
241
343
377
187
-265
-841
-1417
-1831
-2084
-2149
-2115
-1974
-1859
-1818
-1846
-1732
-1329
-671
-32
337
444
468
641
989
1492
1987
2348
2369
2124
1787
1624
1602
1517
1163
649
227
38
-11
-131
-406
-815
-1210
-1534
-1709
-1786
-1774
-1794
-1840
-1834
-1576
-1046
-414
52
234
259
310
475
661
810
900
1039
1249
1503
1624
1558
1327
1102
955
863
698
347
-193
-813
-1283
-1482
-1402
-1305
-1374
-1660
-1917
-1997
-1856
-1682
-1542
-1415
-1172
-792
-333
96
396
555
616
767
1099
1569
1886
1893
1601
1366
1425
1728
1876
1546
735
-213
-890
-1137
-1041
-909
-949
-1277
-1731
-2111
-2179
-2008
-1752
-1692
-1842
-2081
-2117
-1832
-1262
-636
-155
163
441
827
1257
1622
1783
1858
1939
2085
2111
1941
1587
1274
1123
1081
926
498
-160
-852
-1322
-1529
-1542
-1574
-1670
-1825
-1888
-1849
-1701
-1528
-1314
-1055
-724
-347
27
366
628
881
1162
1494
1713
1722
1498
1294
1289
1565
1913
2102
1917
1356
575
-147
-577
-744
-835
-1099
-1510
-1915
-2068
-2017
-1880
-1845
-1867
-1863
-1686
-1373
-1000
-663
-357
-51
245
521
753
1059
1471
1916
2109
1934
1473
1084
969
1101
1204
1142
933
725
571
363
-39
-665
-1309
-1764
-1873
-1811
-1769
-1914
-2097
-2160
-1962
-1637
-1323
-1082
-802
-345
295
1037
1680
2145
2335
2319
2120
1893
1691
1625
1649
1718
1680
1456
1016
509
121
-99
-272
-620
-1149
-1713
-2035
-2119
-2058
-2064
-2109
-2140
-2016
-1783
-1486
-1222
-981
-717
-366
63
459
785
1054
1362
1635
1751
1576
1267
1041
1043
1134
1179
1119
1022
867
535
-32
-717
-1254
-1565
-1686
-1810
-1956
-2128
-2193
-2166
-2023
-1847
-1630
-1421
-1193
-935
-613
-223
193
601
943
1217
1368
1480
1600
1836
2088
2222
2043
1664
1295
1153
1167
1073
639
-134
-972
-1654
-2036
-2196
-2154
-1997
-1730
-1515
-1436
-1491
-1472
-1247
-831
-447
-260
-213
-101
234
719
1198
1491
1674
1835
2088
2293
2299
1953
1404
891
596
443
231
-129
-534
-783
-890
-988
-1282
-1719
-2106
-2141
-1826
-1357
-1116
-1232
-1582
-1795
-1650
-1147
-571
-200
-54
80
470
1086
1691
1953
1859
1559
1351
1326
1499
1708
1769
1474
869
217
-227
-452
-668
-953
-1202
-1223
-1129
-1128
-1428
-1909
-2348
-2433
-2107
-1472
-837
-420
-237
-110
140
495
831
1014
1188
1504
2028
2479
2669
2519
2292
2128
2052
1863
1465
867
194
-407
-841
-1050
-1121
-1138
-1233
-1383
-1602
-1811
-2008
-2079
-1932
-1481
-866
-322
-10
123
350
838
1550
2148
2393
2190
1780
1396
1342
1660
2224
2604
2509
1894
1173
736
640
564
135
-675
-1567
-2086
-2148
-1929
-1810
-1875
-2035
-2027
-1835
-1541
-1336
-1236
-1171
-988
-590
8
683
1214
1530
1644
1726
1790
1862
1872
1882
1856
1820
1725
1595
1357
935
309
-363
-834
-1034
-1058
-1136
-1307
-1529
-1647
-1680
-1639
-1581
-1449
-1296
-1166
-1137
-1131
-978
-535
158
854
1351
1541
1632
1800
2155
2469
2525
2171
1632
1190
1067
1162
1183
850
145
-650
-1239
-1468
-1512
-1547
-1762
-2086
-2419
-2516
-2328
-1898
-1510
-1320
-1331
-1324
-1081
-522
229
905
1330
1453
1407
1278
1227
1317
1659
2118
2466
2387
1915
1293
840
615
422
47
-539
-1117
-1489
-1534
-1413
-1310
-1400
-1588
-1729
-1659
-1502
-1415
-1480
-1502
-1265
-710
-10
583
951
1073
1088
1116
1316
1633
1915
1912
1686
1438
1411
1526
1511
1113
427
-217
-553
-568
-543
-715
-1191
-1760
-2268
-2555
-2680
-2611
-2373
-1919
-1404
-985
-780
-697
-540
-173
353
820
1131
1301
1510
1773
2064
2217
2251
2159
2016
1772
1435
1004
594
311
151
-8
-303
-690
-1050
-1248
-1388
-1566
-1871
-2147
-2246
-2015
-1580
-1148
-979
-1078
-1249
-1189
-807
-255
287
742
1205
1657
2041
2200
2159
1935
1648
1343
1129
1005
899
675
265
-266
-797
-1174
-1406
-1525
-1663
-1801
-1896
-1798
-1578
-1373
-1344
-1391
-1286
-856
-266
153
221
70
30
277
733
1116
1311
1346
1433
1623
1867
1941
1808
1535
1304
1132
927
574
93
-376
-764
-1053
-1383
-1779
-2239
-2550
-2649
-2493
-2270
-2054
-1925
-1792
-1600
-1265
-786
-229
301
697
1042
1418
1937
2444
2757
2651
2206
1606
1110
786
647
630
720
832
816
527
-54
-747
-1356
-1702
-1864
-1929
-2059
-2196
-2282
-2174
-1894
-1481
-1037
-596
-182
170
456
675
890
1092
1302
1468
1644
1801
1960
2022
1983
1803
1587
1388
1210
927
399
-353
-1131
-1628
-1815
-1831
-1937
-2105
-2205
-2046
-1750
-1489
-1373
-1257
-988
-534
-81
165
249
387
795
1367
1863
2019
1948
1847
1978
2279
2585
2587
2257
1726
1250
887
546
125
-376
-833
-1217
-1493
-1709
-1816
-1885
-1922
-1995
-2012
-1988
-1908
-1843
-1706
-1416
-940
-364
207
773
1296
1755
2029
2146
2100
1995
1828
1687
1567
1523
1497
1484
1418
1221
780
62
-766
-1429
-1668
-1583
-1426
-1511
-1810
-2124
-2145
-1869
-1451
-1219
-1279
-1533
-1657
-1370
-611
345
1054
1306
1199
1145
1364
1846
2274
2467
2331
2026
1673
1372
1061
684
246
-192
-560
-890
-1174
-1425
-1556
-1630
-1688
-1909
-2274
-2711
-2926
-2754
-2134
-1361
-774
-545
-497
-275
281
1027
1594
1840
1810
1788
1877
2081
2178
2092
1810
1505
1256
1061
797
341
-302
-987
-1450
-1627
-1595
-1624
-1772
-2005
-2125
-2136
-2048
-2016
-2045
-2103
-1980
-1564
-881
-184
272
479
605
854
1178
1461
1561
1603
1697
1925
2113
2184
2083
1889
1575
1128
573
31
-380
-684
-931
-1167
-1310
-1425
-1575
-1857
-2119
-2197
-1949
-1516
-1079
-767
-535
-313
-70
222
558
926
1200
1334
1330
1354
1452
1604
1652
1604
1497
1405
1254
974
549
35
-471
-893
-1112
-1145
-1088
-1225
-1637
-2213
-2575
-2538
-2096
-1561
-1181
-1066
-1053
-957
-679
-287
94
442
779
1207
1679
2110
2284
2192
1909
1687
1596
1555
1339
888
326
-145
-414
-577
-751
-1066
-1468
-1927
-2289
-2481
-2373
-2033
-1560
-1191
-1021
-996
-894
-557
-19
520
839
959
1017
1210
1502
1783
1862
1795
1679
1663
1678
1624
1381
990
541
171
-38
-120
-193
-422
-811
-1254
-1545
-1689
-1744
-1869
-2008
-2109
-2044
-1870
-1626
-1350
-973
-466
108
660
1089
1442
1725
1999
2179
2295
2297
2240
2070
1841
1563
1317
1084
796
380
-129
-577
-879
-1028
-1198
-1462
-1838
-2132
-2241
-2074
-1778
-1483
-1370
-1413
-1499
-1414
-1055
-458
155
530
632
625
835
1339
2031
2559
2725
2424
1829
1158
719
635
839
1052
966
446
-364
-1094
-1504
-1558
-1511
-1528
-1733
-2024
-2326
-2438
-2285
-1841
-1260
-676
-151
310
704
963
1071
1027
954
939
1068
1267
1514
1729
1980
2212
2362
2235
1809
1174
556
104
-256
-671
-1243
-1800
-2179
-2248
-2170
-2064
-2059
-2061
-2045
-1924
-1655
-1162
-519
80
418
439
341
355
619
1029
1464
1765
1936
1954
1881
1691
1458
1218
1074
1017
986
847
570
230
-75
-314
-579
-906
-1272
-1522
-1662
-1728
-1861
-2008
-2061
-1833
-1346
-739
-217
120
355
610
943
1222
1334
1234
1151
1270
1650
2017
2128
1858
1377
878
486
195
-56
-302
-584
-860
-1108
-1257
-1329
-1317
-1291
-1250
-1226
-1167
-1096
-1019
-964
-870
-664
-320
95
461
758
995
1257
1509
1779
2004
2224
2348
2337
2081
1672
1234
881
560
159
-325
-814
-1170
-1369
-1377
-1252
-1052
-972
-1089
-1359
-1539
-1520
-1319
-1119
-982
-860
-638
-286
127
542
891
1226
1545
1918
2245
2465
2433
2203
1836
1483
1170
897
614
350
156
28
-110
-433
-984
-1667
-2162
-2279
-1978
-1544
-1221
-1171
-1279
-1403
-1381
-1186
-836
-379
131
642
1041
1350
1596
1866
2051
2145
2142
2243
2433
2591
2442
1993
1395
904
599
434
292
114
-93
-367
-725
-1228
-1774
-2208
-2272
-1981
-1516
-1233
-1238
-1352
-1218
-670
136
865
