27
106
383
930
1659
2180
2040
1070
-353
-1515
-1842
-1246
-120
961
1558
1496
815
-250
-1318
-1933
-1770
-829
533
1728
2202
1684
356
-1189
-2188
-2120
-1007
590
1957
2559
2260
1242
-56
-1106
-1483
-1085
-231
572
937
780
233
-469
-1114
-1482
-1364
-680
421
1522
2066
1651
326
-1326
-2501
-2619
-1648
-49
1510
2429
2375
1373
-145
-1511
-2135
-1785
-699
590
1496
1636
965
-185
-1307
-1935
-1817
-965
304
1443
1909
1479
343
-1003
-1997
-2194
-1457
-71
1325
2066
1809
690
-780
-1945
-2354
-1906
-869
319
1219
1528
1113
101
-1089
-1879
-1887
-1133
-131
516
521
81
-296
-230
257
778
926
575
-31
-503
-566
-225
267
590
596
369
148
91
185
290
332
331
316
247
117
-2
-34
-9
-66
-259
-475
-531
-373
-98
122
171
65
-75
-88
84
372
613
692
588
391
200
66
-31
-121
-195
-242
-258
-262
-243
-178
-60
76
180
224
201
114
-12
-180
-382
-590
-694
-620
-390
-116
106
249
308
241
23
-272
-480
-473
-248
65
299
366
286
138
-6
-117
-191
-250
-297
-284
-141
99
273
231
1
-201
-192
6
216
275
154
-67
-263
-373
-406
-411
-385
-279
-64
211
430
481
319
71
-61
19
190
240
97
-69
-55
116
215
45
-339
-676
-707
-409
23
273
147
-275
-673
-789
-611
-448
-555
-888
-1105
-967
-529
-87
137
133
33
-31
1
133
293
390
369
266
149
14
-176
-422
-622
-674
-548
-358
-234
-218
-233
-177
-21
155
233
180
64
-2
22
81
85
-8
-156
-305
-400
-452
-472
-482
-457
-378
-238
-64
102
224
281
259
157
-34
-288
-582
-833
-943
-814
-430
107
558
675
425
26
-208
-147
79
241
256
207
212
285
336
261
98
-9
12
73
50
-49
-42
190
544
750
641
269
-113
-266
-126
165
423
542
533
424
244
35
-111
-125
-8
165
311
365
335
263
266
408
635
754
625
285
6
27
306
536
431
-4
-449
-555
-258
189
420
255
-162
-493
-451
-27
511
812
686
216
-338
-710
-790
-615
-348
-136
-44
-24
-28
-59
-150
-261
-318
-284
-222
-198
-227
-264
-246
-129
42
144
47
-234
-555
-740
-749
-630
-500
-424
-385
-285
-93
96
145
41
-54
17
261
522
636
519
226
-99
-265
-167
140
460
605
509
305
173
224
398
520
425
137
-155
-211
34
376
498
262
-167
-453
-380
0
429
641
511
139
-224
-322
-95
295
587
633
456
251
197
358
602
687
449
-6
-370
-396
-114
120
-22
-478
-812
-639
-3
633
815
532
136
-7
153
361
324
-53
-589
-965
-926
-497
49
383
376
200
112
252
521
691
570
159
-341
-648
-588
-233
166
373
330
193
146
254
402
416
208
-88
-231
-75
273
539
510
185
-258
-596
-672
-460
-77
277
444
346
17
-381
-612
-530
-196
143
277
198
46
-37
-13
88
199
303
400
505
573
561
451
274
72
-140
-338
-453
-403
-265
-220
-397
-673
-759
-476
-25
209
53
-284
-437
-251
51
132
-94
-393
-425
-64
495
883
836
370
-265
-758
-923
-749
-429
-195
-200
-386
-573
-595
-456
-260
-102
13
121
228
278
208
19
-200
-263
-29
419
761
741
390
56
24
240
394
293
25
-166
-137
9
61
-84
-322
-485
-477
-316
-72
154
263
178
-69
-356
-539
-577
-494
-336
-131
108
346
541
630
593
438
261
160
201
339
412
259
-146
-627
-895
-749
-306
103
241
162
122
258
409
309
-86
-524
-637
-264
412
974
1134
896
520
233
111
82
52
-26
-137
-213
-176
-21
145
185
87
-23
-23
70
166
215
247
269
184
-90
-485
-782
-777
-426
88
476
576
433
193
-51
-328
-643
-900
-928
-690
-301
6
77
-48
-179
-139
71
244
164
-176
-532
-619
-355
68
366
435
377
324
276
126
-171
-451
-466
-165
231
417
283
-35
-315
-460
-483
-414
-252
-38
135
209
211
184
113
-33
-208
-259
-87
236
500
562
422
230
128
160
242
273
218
133
88
135
264
408
458
379
238
157
170
223
247
252
266
290
282
209
73
-85
-195
-230
-209
-177
-137
-17
230
517
644
486
109
-188
-146
235
658
874
849
769
732
708
594
376
101
-151
-293
-291
-207
-203
-353
-536
-528
-226
240
558
479
94
-231
-139
363
893
1009
612
-19
-436
-375
44
442
515
269
-70
-302
-411
-460
-488
-466
-379
-230
-40
146
283
344
343
295
228
171
155
170
187
174
114
1
-140
-235
-199
-16
214
341
284
77
-133
-201
-117
-5
5
-84
-155
-114
9
109
186
313
507
628
503
110
-350
-615
-592
-377
-199
-214
-461
-800
-1001
-864
-385
227
627
577
172
-229
-324
-126
93
109
-44
-167
-118
80
294
382
288
68
-153
-268
-220
-19
267
505
573
426
156
-87
-202
-188
-87
63
238
384
442
376
219
37
-92
-122
-47
79
146
68
-142
-363
-477
-443
-362
-350
-410
-407
-235
61
276
242
-6
-267
-387
-359
-346
-462
-674
-796
-653
-221
272
509
329
-122
-499
-539
-296
-25
70
8
-40
45
210
293
205
9
-166
-236
-262
-333
-435
-426
-183
237
598
659
355
-162
-608
-732
-524
-198
-10
-16
-75
-40
75
150
99
-60
-180
-98
219
584
681
339
-278
-776
-873
-576
-135
194
298
210
42
-89
-76
93
318
444
383
163
-126
-386
-604
-769
-836
-709
-390
-9
250
306
235
161
121
66
-10
-45
79
381
737
919
776
337
-171
-486
-454
-128
252
421
263
-102
-431
-539
-423
-201
5
137
178
129
63
80
230
418
477
307
-14
-306
-406
-263
58
401
526
272
-263
-728
-787
-398
135
450
482
418
505
757
962
850
373
-245
-681
-752
-523
-187
59
129
21
-188
-368
-395
-211
132
484
668
582
256
-126
-350
-288
9
360
564
571
459
341
237
119
-15
-98
-73
23
90
49
-92
-209
-161
66
306
306
-27
-488
-722
-553
-122
226
251
22
-191
-176
45
301
431
405
286
139
-3
-101
-115
-59
-3
7
-1
9
10
-70
-226
-295
-119
261
593
630
335
-51
-229
-120
85
125
-71
-345
-475
-411
-266
-210
-296
-424
-422
-192
189
505
555
337
34
-117
-29
207
406
478
441
409
443
508
482
292
-10
-256
-307
-194
-73
-99
-276
-478
-547
-447
-253
-72
54
134
180
139
-40
-326
-571
-653
-548
-405
-362
-406
-377
-174
119
303
264
126
102
261
442
451
244
-10
-117
-33
122
223
229
205
214
237
190
58
-69
-43
169
399
403
118
-263
-469
-392
-163
20
59
-9
-124
-241
-364
-487
-577
-549
-391
-188
-67
-66
-49
133
457
696
670
398
118
32
164
361
469
417
269
136
92
101
45
-141
-410
-613
-614
-374
9
352
474
305
-25
-272
-267
-55
130
89
-154
-380
-471
-479
-520
-559
-432
-59
403
678
644
385
105
-54
-42
96
296
473
525
371
92
-113
-82
138
331
314
150
42
150
418
683
778
694
515
331
159
-10
-164
-245
-208
-117
-88
-179
-304
-340
-246
-113
-45
-50
-58
-37
-24
-60
-122
-126
-15
153
244
172
-21
-208
-283
-222
-71
66
88
-77
-375
-635
-663
-442
-129
36
-53
-278
-407
-310
-53
141
100
-137
-356
-347
-86
262
481
472
286
37
-175
-315
-370
-380
-380
-397
-405
-348
-189
-19
21
-137
-387
-532
-441
-210
-45
-59
-163
-161
45
363
588
577
333
12
-194
-161
71
334
450
337
50
-242
-360
-256
-45
101
105
25
-43
-80
-123
-200
-280
-325
-310
-231
-93
105
330
524
606
554
395
257
240
338
407
313
67
-133
-99
154
409
393
21
-522
-885
-804
-290
329
648
523
151
-112
-88
96
191
118
9
31
184
340
373
290
175
88
23
-30
-57
-23
74
172
191
71
-164
-411
-532
-503
-402
-314
-215
-62
103
160
64
-51
-22
171
378
446
331
127
-35
-65
33
180
269
211
0
-252
-375
-260
40
395
671
811
770
563
261
-6
-151
-183
-153
-151
-241
-466
-746
-897
-735
-295
184
443
405
256
221
383
601
679
512
167
-191
-406
-412
-276
-126
-122
-307
-554
-631
-410
14
397
546
466
281
138
104
171
256
294
273
220
137
0
-175
-316
-349
-282
-182
-124
-133
-262
-521
-822
-946
-716
-169
401
676
568
239
-17
-16
190
362
335
155
-10
-79
-124
-220
-330
-347
-239
-58
114
220
226
133
-21
-166
-240
-217
-169
-194
-296
-346
-210
91
361
408
246
53
-65
-159
-331
-541
-616
-420
-112
6
-187
-470
-498
-154
328
594
500
168
-171
-350
-366
-317
-308
-337
-304
-125
172
436
514
360
55
-254
-473
-566
-546
-418
-251
-139
-130
-154
-121
-29
43
59
80
158
268
331
318
242
137
33
-12
42
144
175
35
-240
-466
-453
-202
100
239
158
5
-30
107
292
404
421
449
547
702
810
786
585
270
-24
-220
-348
-492
-628
-619
-366
17
288
270
-6
-337
-494
-371
-35
355
627
685
512
228
7
-81
-121
-253
-469
-582
-420
-109
41
-95
-290
-204
223
681
794
496
24
-336
-448
-366
-222
-97
20
202
457
734
906
935
835
700
570
429
217
-44
-239
-240
-40
199
275
94
-247
-540
-604
-396
-21
362
609
701
672
528
225
-203
-568
-660
-435
-83
161
187
49
-104
-131
47
356
551
398
-88
-601
-749
-385
238
674
638
200
-299
-525
-377
-12
343
546
600
555
478
399
324
223
40
-226
-501
-655
-601
-335
-11
165
100
-90
-192
-106
69
168
109
-63
-190
-119
172
500
621
437
91
-188
-297
-281
-227
-156
-86
-51
-70
-101
-89
-35
-78
-316
-679
-913
-814
-386
132
464
478
235
-30
-86
158
546
727
427
-229
-777
-786
-243
390
600
291
-194
-422
-244
132
384
331
29
-283
-367
-155
195
468
562
531
439
316
180
67
-10
-96
-210
-277
-194
35
275
354
198
-61
-194
-59
256
499
465
176
-156
-335
-319
-213
-131
-119
-145
-188
-238
-246
-134
83
266
240
-21
-373
-614
-667
-563
-358
-84
201
395
429
315
180
139
235
402
532
520
329
13
-310
-514
-573
-523
-432
-317
-167
13
179
263
273
265
305
378
405
306
86
-162
-315
-297
-131
75
246
369
461
486
420
288
178
127
132
174
261
359
359
176
-95
-245
-142
127
358
411
378
420
568
656
487
40
-464
-716
-640
-412
-266
-240
-175
50
319
386
196
-52
-111
46
192
101
-219
-537
-642
-492
-232
-34
12
-56
-132
-130
-41
72
170
258
358
423
420
370
307
199
-31
-358
-609
-603
-324
74
391
497
372
98
-155
-232
-104
104
218
161
75
151
441
750
859
689
374
84
-63
-47
89
237
264
118
-120
-303
-351
-276
-167
-97
-101
-152
-201
-205
-148
-43
61
105
44
-104
-278
-393
-359
-140
194
466
507
290
13
-83
105
443
705
731
505
116
-301
-594
-630
-378
29
366
486
397
254
192
214
207
56
-227
-503
-596
-441
-120
221
465
547
437
169
-141
-336
-329
-218
-162
-223
-293
-232
-20
196
244
87
-155
-356
-460
-506
-514
-501
-451
-384
-307
-200
-32
173
327
348
224
17
-179
-290
-279
-142
78
268
308
213
120
176
355
485
406
157
-86
-183
-136
-76
-120
-252
-333
-270
-109
-3
-36
-143
-183
-101
40
122
80
-70
-243
-358
-367
-277
-125
15
79
70
55
130
310
469
420
144
-173
-297
-177
-22
-58
-290
-488
-462
-222
-27
-105
-410
-638
-508
-36
475
702
586
302
32
-171
-345
-476
-508
-405
-233
-87
10
100
205
281
225
-12
-303
-407
-187
230
581
679
562
356
179
82
60
49
-55
-270
-464
-450
-163
266
593
630
373
-14
-289
-287
-48
218
316
219
65
-14
17
107
156
73
-122
-271
-200
81
348
373
158
-105
-214
-115
150
479
747
802
598
234
-38
-45
149
308
232
-69
-371
-424
-175
187
385
284
1
-225
-183
146
526
619
278
-285
-614
-415
170
700
768
302
-453
-1093
-1280
-906
-163
567
952
887
546
173
-55
-105
-36
58
68
-53
-253
-398
-420
-354
-296
-269
-210
-59
130
231
162
-39
-238
-299
-218
-104
-96
-223
-350
-295
-45
221
258
2
-381
-626
-610
-396
-213
-234
-465
-703
-711
-407
21
287
221
-95
-433
-580
-465
-151
177
321
195
-94
-290
-208
69
271
204
-75
-345
-432
-342
-186
-94
-122
-239
-325
-272
-84
111
188
165
155
227
319
341
267
196
219
307
328
192
-52
-243
-252
-84
130
239
179
-1
-181
-254
-187
-17
182
337
391
305
85
-188
-381
-357
-89
282
520
485
227
-94
-345
-521
-637
-734
-806
-870
-875
-766
-509
-231
-100
-188
-368
-430
-257
77
383
504
389
149
-37
-29
149
295
214
-116
-507
-715
-611
-295
17
140
53
-94
-114
68
345
545
550
417
277
199
137
-25
-315
-601
-663
-387
115
543
619
355
15
-121
-13
119
53
-208
-440
-443
-209
87
251
243
161
100
56
-34
-177
-242
-84
247
491
378
-101
-661
-931
-759
-275
219
473
476
392
433
618
772
666
248
-308
-711
-748
-479
-151
8
-14
-65
-23
81
129
99
70
168
402
651
723
512
87
-361
-638
-682
-542
-350
-210
-142
-84
-4
50
-4
-153
-229
-72
310
695
845
669
313
0
-134
-120
-103
-187
-339
-414
-306
-53
121
16
-308
-549
-445
-33
351
399
95
-310
-478
-236
317
838
979
630
61
-316
-319
-114
-5
-106
-246
-193
94
432
581
423
48
-311
-422
-216
164
475
523
278
-80
-293
-196
147
472
521
255
-133
-372
-323
-48
265
451
439
304
173
184
349
538
550
260
-257
-752
-942
-725
-232
202
293
31
-311
-420
-218
82
204
57
-222
-356
-152
343
826
936
535
14
-60
547
1397
1711
1054
-274
-1495
-1904
-1284
88
1576
2580
2737
2029
687
-861
-2059
-2386
-1644
-186
1246
1910
1490
301
-944
-1574
-1348
-511
450
1082
1143
679
-36
-732
-1243
-1484
-1323
-595
614
1780
2188
1451
-137
-1751
-2538
-2142
-830
711
1764
1903
1148
-96
-1253
-1828
-1590
-626
674
1755
2112
1566
365
-923
-1716
-1745
-1111
-167
698
1205
1226
748
-97
-1052
-1742
-1794
-1052
263
1570
2179
1698
346
-1145
-1970
-1740
-645
726
1786
2151
1709
600
-775
-1852
-2148
-1515
-224
1171
2108
2213
1454
150
-1144
-1890
-1842
-1106
-162
457
483
83
-304
-355
-116
132
153
-51
-305
-419
-303
-4
342
569
546
256
-136
-378
-352
-160
24
135
262
452
556
367
-114
-616
-793
-497
55
471
420
-103
-793
-1210
-1106
-559
71
427
414
197
62
153
374
481
320
-35
-311
-284
84
596
980
1021
748
364
105
42
73
63
22
55
207
370
346
36
-370
-528
-257
258
578
411
-136
-658
-822
-577
-147
195
308
230
141
191
403
619
672
506
240
22
-95
-148
-163
-121
-30
44
67
82
164
297
359
248
15
-186
-172
114
517
735
536
-19
-562
-711
-396
112
436
393
103
-160
-215
-94
74
204
265
228
101
-38
-65
57
226
300
223
41
-144
-236
-184
-21
148
227
206
145
116
134
200
293
359
310
84
-257
-575
-732
-703
-525
-267
2
178
183
22
-199
-322
-246
-34
141
109
-132
-386
-408
-163
147
300
268
227
308
488
617
571
305
-80
-377
-406
-175
75
107
-98
-336
-390
-209
101
381
518
465
239
-74
-397
-665
-846
-858
-661
-306
37
218
191
17
-191
-314
-266
-52
185
271
185
71
141
427
753
850
651
302
21
-100
-156
-271
-484
-687
-710
-438
-8
269
146
-291
-704
-792
-559
-210
35
98
69
102
273
476
519
316
-7
-236
-271
-175
-48
70
204
343
408
311
134
60
211
487
629
455
45
-333
-457
-305
-7
275
419
366
163
-53
-151
-119
-58
-47
-94
-162
-235
-283
-262
-150
-9
73
78
66
96
151
131
-35
-253
-317
-98
299
575
486
139
-119
-14
369
688
660
342
7
-143
-132
-106
-142
-156
-30
230
458
485
283
48
10
263
646
900
842
509
83
-248
-391
-352
-190
2
133
168
138
139
221
302
229
-35
-334
-455
-327
-87
84
127
106
70
10
-136
-374
-598
-627
-394
-22
219
156
-99
-253
-134
145
316
226
-34
-256
-313
-223
-131
-169
-337
-466
-361
-2
384
519
366
130
63
204
397
447
315
97
-94
-205
-215
-117
93
356
603
747
773
685
552
427
402
494
660
771
723
482
136
-171
-318
-272
-113
35
62
-45
-164
-139
89
403
571
434
68
-280
-392
-242
-23
48
-48
-129
4
337
614
559
205
-138
-187
31
215
119
-175
-369
-210
280
812
1018
738
128
-395
-487
-145
311
513
333
-17
-217
-140
74
193
124
1
3
184
412
509
389
158
7
51
219
368
407
402
438
488
419
167
-165
-330
-162
257
630
669
313
-247
-703
-848
-653
-267
105
313
331
249
171
164
219
264
210
81
1
68
221
270
102
-187
-382
-380
-250
-133
-89
-68
5
117
182
169
138
258
597
1033
1262
1045
400
-350
-811
-816
-491
-139
23
32
75
240
392
330
25
-300
-382
-184
97
199
25
-278
-443
-306
59
355
319
-41
-445
-618
-505
-314
-250
-329
-388
-285
-23
259
407
409
365
410
541
674
698
650
609
630
644
588
459
349
313
307
226
26
-220
-377
-353
-153
125
413
664
844
866
721
488
311
240
190
48
-156
-278
-231
-74
31
-11
-125
-148
-19
152
247
255
251
260
237
150
46
-19
-47
-66
-94
-129
-146
-98
47
241
398
454
432
362
282
213
162
96
-17
-145
-181
-52
194
407
484
418
293
183
141
169
236
270
200
26
-187
-349
-372
-202
102
357
399
219
43
85
364
663
774
637
371
120
-31
-80
-28
107
267
355
345
291
282
316
272
40
-310
-549
-505
-216
136
390
495
450
263
-13
-237
-278
-142
42
138
109
-14
-176
-285
-229
72
526
871
849
481
32
-184
-77
216
468
507
281
-138
-551
-722
-536
-193
-27
-234
-650
-913
-767
-314
125
271
92
-236
-475
-423
-37
542
1012
1150
931
551
209
-17
-152
-209
-171
-20
209
423
496
352
33
-276
-375
-232
-5
101
28
-93
-100
4
76
6
-156
-240
-126
119
303
291
118
-34
-17
137
248
149
-147
-467
-608
-485
-165
199
452
525
437
268
82
-69
-144
-138
-92
-90
-164
-278
-350
-328
-203
-50
30
-41
-225
-412
-489
-442
-318
-179
-56
46
129
164
101
-77
-297
-464
-516
-485
-414
-300
-106
123
269
232
41
-136
-140
24
196
186
-44
-339
-469
-354
-115
48
50
-24
-49
-13
-3
-37
-27
147
460
703
638
226
-317
-704
-776
-636
-475
-411
-386
-253
63
417
537
315
-68
-269
-120
219
432
425
345
389
540
584
329
-131
-487
-477
-117
368
719
827
695
426
142
-22
-12
55
3
-273
-660
-936
-912
-628
-263
21
200
326
409
341
24
-438
-747
-635
-111
461
655
315
-315
-860
-1067
-985
-773
-558
-351
-145
35
143
153
102
57
81
176
316
443
495
408
201
-22
-105
15
218
293
100
-291
-651
-743
-503
-69
332
525
496
340
145
-63
-333
-655
-872
-752
-226
470
918
837
317
-286
-614
-534
-167
233
455
429
232
-5
-120
-13
320
721
987
973
743
455
216
14
-176
-302
-254
-10
297
464
434
305
245
304
344
181
-164
-430
-350
72
503
578
288
-51
-92
204
626
908
971
852
651
421
230
111
75
94
158
249
319
292
190
116
154
246
228
25
-249
-390
-330
-165
-31
26
90
243
455
570
483
227
-47
-214
-262
-243
-219
-204
-209
-219
-228
-229
-273
-385
-504
-481
-243
109
365
395
254
86
-48
-174
-304
-370
-292
-67
141
139
-125
-477
-691
-652
-458
-260
-157
-139
-134
-65
52
111
-15
-309
-618
-752
-664
-430
-159
91
251
246
44
-263
-453
-347
11
374
471
219
-177
-393
-287
-6
163
86
-127
-267
-274
-237
-261
-331
-335
-182
85
310
368
257
162
257
556
835
828
442
-123
-540
-629
-455
-213
-30
126
327
547
642
540
306
94
-19
-86
-183
-323
-436
-458
-359
-201
-91
-73
-74
3
147
171
-73
-489
-760
-669
-282
106
263
171
-27
-202
-296
-312
-271
-233
-234
-268
-279
-226
-115
46
243
436
518
387
52
-326
-541
-544
-427
-337
-308
-248
-53
239
446
412
155
-105
-152
57
350
540
553
439
261
44
-181
-324
-289
-91
143
255
184
31
-42
42
199
262
137
-133
-410
-650
-864
-1079
-1186
-1063
-670
-175
180
276
189
134
253
478
576
411
81
-156
-145
32
169
118
-105
-388
-584
-623
-516
-332
-122
64
173
151
6
-191
-344
-416
-410
-352
-248
-155
-138
-229
-357
-416
-348
-225
-148
-137
-110
-55
-52
-171
-328
-338
-115
179
289
111
-217
-434
-369
-7
490
890
977
741
366
120
107
183
125
-124
-399
-483
-298
31
297
334
118
-241
-547
-657
-545
-323
-115
-42
-147
-350
-459
-236
356
1012
1256
854
26
-626
-623
15
786
1125
815
170
-283
-248
125
458
502
356
259
343
501
548
380
126
7
204
642
1043
1087
689
47
-473
-604
-397
-126
-74
-276
-511
-502
-183
252
510
434
84
-334
-623
-674
-510
-236
40
265
449
578
576
364
7
-297
-314
13
474
725
576
133
-339
-626
-710
-657
-522
-315
-74
135
251
244
124
-53
-222
-321
-333
-267
-118
111
324
356
89
-380
-787
-882
-709
-487
-430
-517
-520
-232
241
539
406
-36
-397
-400
-177
-61
-212
-466
-561
-387
-55
241
380
345
190
4
-123
-146
-89
0
81
125
100
-1
-144
-260
-317
-316
-303
-292
-282
-249
-175
-59
75
171
195
163
151
206
280
260
95
-136
-283
-258
-71
189
428
550
464
147
-264
-532
-463
-73
416
721
697
392
4
-271
-310
-115
188
411
415
198
-119
-380
-471
-351
-122
35
-26
-262
-443
-355
-79
100
-31
-372
-590
-433
-22
282
221
-130
-409
-306
174
710
960
800
417
87
-33
10
71
56
-46
-183
-271
-229
-66
106
141
3
-192
-290
-203
42
329
493
451
256
94
97
204
233
77
-186
-400
-466
-420
-334
-257
-190
-141
-112
-95
-73
-31
35
65
-21
-295
-683
-926
-742
-137
538
828
562
26
-324
-260
71
290
141
-247
-480
-267
275
700
639
135
-429
-659
-437
-8
255
141
-227
-519
-487
-163
215
421
388
223
74
37
100
202
283
337
368
413
480
537
496
311
37
-157
-137
92
368
511
425
194
-12
-61
37
178
266
281
248
180
77
-43
-143
-203
-225
-198
-97
74
243
336
337
280
179
-17
-317
-623
-751
-654
-441
-276
-199
-141
-45
70
155
209
239
227
148
50
12
69
169
207
121
-67
-255
-328
-227
3
230
361
390
422
513
630
654
522
262
18
-72
8
128
139
13
-144
-217
-217
-232
-302
-353
-283
-70
160
241
120
-91
-231
-230
-141
-46
-4
-29
-152
-357
-558
-615
-510
-344
-236
-176
-78
83
227
262
160
-45
-288
-460
-459
-267
-18
126
96
-45
-188
-254
-198
-22
203
346
312
128
-15
49
319
599
712
614
429
278
220
223
262
311
314
202
-30
-280
-369
-192
162
455
484
236
-83
-235
-88
276
594
593
244
-197
-344
-45
502
902
915
570
114
-203
-233
0
341
574
566
333
46
-119
-102
16
128
180
172
109
-30
-235
-412
-430
-272
-59
34
-54
-217
-288
-211
-69
31
65
83
121
196
298
374
323
66
-324
-633
-660
-415
-73
132
87
-121
-273
-214
16
222
243
95
-88
-207
-255
-286
-318
-317
-230
-71
72
84
-70
-297
-435
-393
-211
-59
-73
-244
-408
-409
-220
-36
-73
-361
-665
-708
-406
-21
109
-125
-495
-661
-457
-35
298
339
117
-158
-278
-188
0
125
116
47
38
99
123
3
-223
-367
-260
128
629
965
894
446
-85
-367
-316
-151
-117
-233
-317
-243
-55
106
158
152
179
224
172
-36
-302
-429
-301
30
390
582
481
145
-204
-321
-144
124
217
75
-126
-99
264
747
944
652
61
-388
-408
-100
205
252
36
-262
-431
-406
-274
-198
-236
-333
-378
-368
-361
-407
-450
-380
-144
220
579
805
802
597
302
117
157
367
538
493
220
-130
-377
-436
-325
-150
-26
-42
-180
-331
-370
-266
-81
87
171
183
170
146
77
-62
-223
-302
-231
-92
-31
-57
-21
212
547
706
493
72
-193
-71
317
635
620
281
-163
-446
-420
-140
184
275
16
-388
-558
-291
229
591
538
198
-102
-151
3
145
101
-140
-413
-532
-421
-209
-87
-187
-448
-671
-650
-417
-181
-201
-504
-854
-927
-625
-128
242
293
114
-42
20
260
470
463
287
147
189
337
394
250
-28
-282
-405
-370
-262
-201
-230
-242
-56
353
760
856
607
254
89
154
273
267
158
79
117
224
307
289
180
48
-45
-94
-170
-315
-499
-602
-554
-372
-151
30
186
352
502
531
356
15
-327
-487
-389
-103
161
199
-43
-399
-601
-493
-107
376
747
835
602
169
-217
-365
-281
-119
-66
-185
-329
-263
76
462
541
176
-394
-755
-656
-162
382
609
357
-213
-703
-769
-375
203
604
631
410
208
250
516
798
849
622
271
50
73
273
460
481
296
-37
-394
-677
-819
-848
-792
-687
-520
-322
-152
-8
181
478
786
880
602
117
-219
-194
61
229
136
-69
-123
38
222
226
48
-120
-105
117
414
660
762
686
426
82
-193
-271
-150
37
142
149
149
173
132
-72
-371
-591
-598
-424
-173
92
334
477
430
194
-107
-297
-279
-152
-107
-249
-474
-546
-316
89
370
301
-74
-528
-817
-851
-659
-351
-46
134
136
43
2
91
232
305
263
185
149
141
91
-41
-212
-277
-99
307
708
839
612
233
-28
-65
15
106
197
301
350
253
26
-171
-191
-59
76
122
104
118
203
311
346
287
189
95
-14
-145
-225
-131
160
470
542
307
-61
-274
-192
63
240
194
-12
-179
-159
16
179
158
-70
-361
-513
-422
-148
108
172
29
-162
-211
-64
141
205
71
-133
-193
-12
330
628
739
634
419
214
56
-99
-301
-500
-624
-625
-522
-331
-35
341
690
844
704
303
-201
-603
-750
-598
-289
-42
-24
-200
-459
-688
-879
-991
-919
-564
-44
357
384
38
-398
-587
-382
89
490
519
94
-556
-1025
-1003
-571
-94
60
-150
-458
-550
-354
-32
168
119
-102
-284
-247
7
287
379
288
199
271
438
516
401
201
78
90
163
243
322
431
548
666
759
814
767
620
435
310
251
176
25
-116
-108
93
360
499
390
85
-240
-397
-309
-53
204
323
272
191
238
384
401
88
-463
-909
-943
-629
-275
-166
-306
-487
-485
-236
141
464
592
491
229
-35
-150
-47
199
405
412
166
-233
-603
-755
-644
-364
-136
-113
-300
-537
-630
-477
-90
409
825
950
666
58
-572
-874
-728
-299
79
184
49
-123
-172
-103
16
144
291
423
452
312
77
-99
-103
35
170
165
36
-73
-73
-26
-70
-225
-354
-303
-62
236
419
384
179
-38
-134
-114
-103
-177
-234
-107
184
406
326
-33
-361
-352
5
426
613
480
217
72
124
231
275
277
320
374
322
122
-93
-163
-47
163
378
531
621
651
670
679
656
545
383
260
226
212
144
46
46
201
443
619
673
612
451
181
-157
-446
-538
-371
-47
231
313
195
16
-81
-26
130
300
403
425
386
317
221
98
-30
-143
-228
-272
-241
-147
-60
-149
-486
-830
-758
-52
988
1601
1184
-164
-1644
-2306
-1707
-171
1462
2360
2133
960
-568
-1822
-2374
-2119
-1189
77
1214
1738
1395
352
-860
-1667
-1741
-1085
31
1171
1842
1688
720
-603
-1616
-1844
-1236
-133
948
1564
1501
803
-248
-1232
-1730
-1498
-592
618
1585
1846
1257
78
-1150
-1852
-1695
-732
607
1735
2160
1749
724
-473
-1394
-1707
-1289
-246
1037
1993
2116
1295
-88
-1366
-1959
-1734
-955
-54
643
948
798
201
-664
-1456
-1774
-1367
-308
997
1951
2036
1117
-438
-1898
-2560
-2110
-796
746
1819
1995
1268
14
-1189
-1813
-1703
-1070
-367
74
187
113
-7
-116
-207
-255
-259
-242
-252
-283
-279
-183
-55
-14
-142
-375
-501
-326
91
450
495
252
26
60
311
516
445
81
-384
-678
-626
-255
170
345
169
-174
-346
-152
298
678
707
342
-135
-348
-132
309
555
352
-145
-524
-498
-126
267
386
132
-351
-803
-970
-770
-321
107
302
217
-43
-319
-466
-435
-268
-89
5
-50
-241
-464
-542
-399
-136
11
-81
-299
-402
-274
-2
190
134
-164
-517
-699
-584
-235
165
380
271
-85
-424
-510
-317
-62
33
-74
-243
-286
-121
154
325
252
2
-180
-105
159
355
320
120
3
124
444
751
866
716
439
236
275
505
767
892
853
681
414
77
-260
-487
-516
-332
-70
81
13
-196
-283
-45
432
802
733
208
-437
-779
-665
-269
50
62
-194
-464
-514
-306
-59
-22
-298
-720
-1000
-914
-561
-231
-147
-237
-246
-27
303
496
453
265
99
28
20
4
-23
-4
122
331
519
560
380
17
-324
-398
-114
348
658
596
234
-168
-368
-290
-41
191
209
-49
-449
-718
-679
-374
-55
61
-36
-176
-240
-237
-281
-414
-558
-570
-402
-130
59
32
-153
-278
-175
103
296
197
-152
-496
-587
-356
-6
175
34
-299
-518
-404
4
462
720
667
403
127
-12
-21
-16
-76
-152
-136
-10
127
191
189
187
200
169
51
-135
-319
-452
-495
-441
-306
-127
70
235
287
183
-12
-121
-30
180
299
222
43
-68
-50
-2
-36
-135
-180
-100
55
201
291
376
488
602
615
484
254
52
-29
1
50
6
-169
-402
-540
-510
-358
-237
-227
-309
-385
-422
-434
-423
-334
-120
175
381
329
53
-222
-202
191
729
1020
853
334
-199
-463
-427
-249
-164
-280
-539
-740
-705
-411
-50
139
70
-126
-233
-139
63
183
142
29
-9
77
132
-29
-375
-629
-524
-72
408
572
378
65
-131
-167
-122
-43
51
105
58
-57
-101
1
138
142
-54
-344
-579
-642
-552
-402
-259
-99
89
228
201
3
-175
-133
177
586
844
766
407
-1
-203
-139
29
95
-3
-150
-176
-7
224
289
105
-162
-215
65
494
737
616
212
-250
-571
-672
-563
-359
-190
-180
-318
-415
-255
168
596
768
639
453
430
546
568
395
158
28
-2
-62
-196
-258
-103
218
492
549
368
31
-336
-584
-584
-301
144
558
779
833
810
744
556
227
-117
-290
-225
-65
1
-92
-244
-294
-148
180
548
783
760
522
218
28
18
134
252
258
116
-91
-212
-110
201
537
660
469
69
-293
-407
-283
-103
-26
-42
0
191
476
692
732
578
327
107
9
22
75
111
140
179
245
327
407
432
360
200
20
-113
-194
-245
-263
-206
-73
75
118
-6
-239
-421
-458
-374
-288
-268
-266
-184
22
287
515
623
641
624
573
400
76
-273
-454
-386
-188
-22
94
245
461
624
578
281
-96
-310
-316
-280
-399
-636
-784
-670
-453
-417
-701
-1090
-1230
-912
-322
152
213
-101
-515
-741
-664
-343
38
290
313
158
-10
-58
6
76
35
-133
-337
-433
-398
-333
-315
-277
-86
253
503
411
-23
-523
-758
-584
-173
155
196
13
-126
-25
244
415
250
-228
-725
-882
-541
132
760
1008
773
211
-369
-684
-679
-507
-399
-423
-474
-398
-180
71
206
160
5
-100
-77
0
2
-90
-147
-47
176
362
377
210
5
-68
38
194
243
150
5
-104
-186
-277
-330
-250
-18
257
447
489
403
224
34
-67
-1
176
362
488
561
559
491
408
403
454
423
200
-134
-383
-369
-64
349
570
453
131
-92
-54
68
-13
-359
-710
-777
-501
-139
15
-81
-209
-159
53
226
193
15
-103
-56
64
111
53
-1
47
178
287
274
110
-182
-505
-751
-822
-652
-229
326
758
841
545
89
-250
-340
-231
-110
-137
-328
-514
-501
-252
71
267
241
38
-237
-460
-524
-386
-121
126
230
165
22
-80
-61
68
244
385
451
437
350
191
8
-111
-110
-28
23
-17
-86
-77
32
157
223
233
257
317
392
425
386
261
65
-150
-234
-69
306
657
754
542
215
9
37
217
371
348
137
-132
-284
-243
-115
-74
-139
-154
68
494
826
738
237
-327
-588
-467
-250
-236
-480
-751
-794
-517
-72
281
377
252
78
-8
11
64
108
144
210
301
366
324
138
-137
-362
-399
-230
35
222
229
88
-77
-123
4
197
263
87
-242
-475
-420
-98
286
527
536
325
-28
-418
-702
-783
-638
-360
-67
199
441
664
791
787
671
515
335
105
-163
-361
-366
-204
-22
-19
-253
-598
-802
-719
-392
-77
-4
-166
-327
-274
-18
227
278
168
65
49
47
-47
-220
-318
-204
92
376
471
344
130
-9
-4
84
75
-154
-556
-875
-846
-418
92
272
-34
-558
-870
-727
-284
119
293
302
313
373
365
153
-182
-379
-224
222
692
912
837
576
280
27
-133
-170
-98
14
111
185
227
181
19
-178
-212
27
432
730
705
341
-100
-292
-73
392
719
618
195
-167
-174
104
326
232
-122
-452
-542
-382
-134
41
42
-116
-351
-528
-562
-445
-256
-76
63
156
222
273
306
289
170
-54
-288
-388
-295
-82
130
266
326
309
214
71
-53
-115
-140
-169
-237
-332
-457
-574
-604
-453
-150
153
221
-46
-479
-730
-596
-180
191
280
137
-12
-10
100
193
198
140
72
-5
-120
-242
-279
-172
31
232
359
396
326
153
-68
-228
-248
-156
-35
37
31
-30
-87
-106
-98
-119
-188
-285
-355
-393
-399
-410
-431
-439
-372
-191
70
282
314
159
-56
-157
-65
118
211
113
-100
-253
-225
-104
-75
-247
-509
-626
-442
-32
366
537
427
145
-140
-350
-492
-615
-682
-679
-618
-557
-486
-346
-108
158
335
372
298
170
23
-123
-237
-289
-259
-236
-321
-495
-572
-383
31
396
461
224
-97
-292
-309
-211
-72
12
-40
-246
-473
-534
-349
2
366
733
1115
1405
1335
770
-103
-829
-1027
-710
-192
190
304
287
337
534
736
737
451
28
-279
-328
-176
21
148
210
257
290
243
88
-112
-250
-262
-205
-171
-221
-312
-387
-398
-361
-302
-208
-40
252
623
928
965
707
319
85
128
342
491
449
250
76
79
279
521
598
405
56
-225
-302
-211
-96
-41
-12
66
213
364
424
329
119
-90
-196
-192
-155
-139
-133
-94
-28
20
30
21
18
17
-4
-55
-126
-192
-212
-140
19
190
286
280
234
201
166
74
-67
-176
-244
-332
-474
-555
-413
-31
352
448
223
-87
-198
-35
247
421
392
211
29
-33
46
166
186
50
-145
-237
-154
19
147
164
171
285
476
550
380
52
-193
-208
-55
99
157
134
79
19
6
82
211
271
156
-98
-300
-275
-33
244
361
255
35
-129
-156
-98
-78
-147
-212
-132
72
214
128
-132
-300
-167
170
405
323
-6
-248
-123
350
838
979
656
96
-352
-465
-272
33
255
353
398
466
514
405
62
-437
-864
-1025
-852
-435
60
432
534
352
28
-227
-288
-231
-211
-320
-485
-538
-354
-64
51
-199
-662
-1008
-992
-696
-350
-139
-74
-96
-132
-169
-226
-302
-333
-256
-76
88
111
-14
-171
-220
-117
105
361
569
635
493
157
-226
-459
-419
-143
133
154
-159
-594
-825
-667
-248
143
287
177
-37
-187
-175
-20
184
319
329
232
69
-129
-347
-524
-595
-523
-380
-258
-196
-150
-87
-32
-25
-54
-29
110
297
375
207
-188
-639
-899
-829
-470
-69
124
65
-62
-46
125
276
246
140
184
454
738
782
524
176
-26
29
273
586
809
828
607
340
260
435
646
635
345
-39
-305
-427
-487
-543
-554
-525
-492
-501
-509
-447
-278
-83
29
53
89
204
328
366
308
239
200
154
66
-5
15
138
290
357
252
-22
-336
-469
-284
136
523
569
172
-485
-1018
-1155
-885
-449
-87
105
163
152
103
68
98
201
298
294
158
0
-35
19
-17
-337
-874
-1323
-1335
-912
-360
-17
53
42
134
280
289
62
-286
-500
-398
-84
138
69
-181
-282
-44
374
620
509
153
-187
-325
-248
-51
196
448
657
728
653
501
392
356
353
323
268
206
119
-27
-202
-315
-310
-218
-129
-92
-112
-169
-200
-114
127
414
554
437
192
35
75
228
337
305
229
264
456
642
598
253
-166
-334
-124
268
482
306
-127
-471
-470
-151
221
385
288
71
-97
-162
-176
-193
-263
-388
-562
-703
-669
-354
144
560
676
485
198
18
-15
-1
-14
-34
-51
-107
-221
-305
-188
177
610
813
680
352
157
284
632
866
701
133
-540
-932
-882
-511
-144
-24
-173
-398
-487
-363
-128
58
104
41
3
97
317
516
563
433
236
76
-20
-81
-119
-114
-39
103
206
129
-178
-559
-746
-576
-169
196
320
217
78
73
196
281
131
-273
-751
-1018
-907
-460
38
280
161
-140
-318
-206
86
307
338
257
240
344
508
612
585
405
149
-42
-14
229
503
576
432
242
194
273
331
249
88
-9
27
132
208
203
104
-71
-279
-427
-438
-308
-196
-258
-494
-693
-624
-248
212
461
408
201
97
205
412
486
324
29
-195
-232
-148
-89
-134
-225
-258
-179
-18
146
243
239
110
-132
-385
-486
-347
-48
154
60
-283
-598
-631
-350
40
299
330
199
-8
-243
-454
-541
-365
98
622
844
551
-113
-668
-682
-162
454
641
231
-440
-838
-665
-68
534
784
628
259
-88
-292
-368
-367
-305
-169
65
362
653
821
841
749
576
280
-141
-539
-693
-506
-178
-1
-117
-400
-607
-566
-297
42
291
384
356
267
188
159
184
208
214
234
292
324
247
68
-56
12
241
445
485
359
202
122
154
240
329
387
372
232
-9
-237
-377
-447
-571
-767
-940
-935
-721
-366
-61
27
-194
-601
-887
-767
-276
244
386
43
-494
-784
-625
-167
268
452
380
182
9
-59
-53
-71
-144
-185
-83
138
301
253
0
-308
-561
-702
-694
-485
-137
169
263
145
-18
-77
-37
8
-31
-168
-339
-419
-369
-267
-210
-170
-48
155
299
265
73
-160
-344
-427
-400
-286
-141
0
137
262
334
304
216
157
202
316
385
302
111
-39
-59
-11
-53
-236
-485
-659
-692
-569
-324
-26
242
415
487
464
363
202
62
22
70
99
-12
-253
-455
-425
-187
37
53
-97
-201
-121
30
41
-161
-430
-498
-208
361
901
1126
935
482
-2
-349
-502
-488
-360
-244
-236
-375
-565
-599
-311
235
740
886
583
68
-319
-423
-334
-213
-112
-11
84
99
-5
-126
-119
30
184
205
87
12
149
496
832
942
759
429
138
-13
-47
-17
46
81
16
-194
-472
-662
-630
-384
-44
272
490
575
493
258
-41
-222
-148
151
465
552
317
-72
-322
-244
89
441
597
544
386
224
72
-83
-218
-282
-241
-178
-206
-346
-467
-378
-21
415
626
470
81
-245
-312
-110
217
500
598
438
68
-310
-465
-342
-91
66
36
-119
-276
-341
-262
-26
293
530
527
283
-49
-231
-133
179
469
533
341
60
-114
-116
-27
44
56
0
-125
-308
-470
-507
-371
-169
-60
-114
-246
-306
-217
-82
-67
-174
-207
69
627
1172
1338
1061
556
166
66
203
368
427
376
263
95
-121
-308
-347
-197
82
371
591
668
514
107
-416
-795
-823
-488
-1
365
454
292
22
-208
-338
-376
-316
-128
154
387
434
287
45
-197
-411
-553
-513
-216
254
670
841
710
393
67
-134
-181
-163
-186
-253
-246
-44
313
657
805
738
543
366
285
266
195
-2
-252
-397
-335
-106
164
400
562
653
648
554
387
182
-25
-137
-56
172
340
258
-39
-266
-180
124
309
124
-341
-745
-776
-446
-23
188
92
-164
-334
-245
90
483
685
537
79
-428
-673
-545
-197
91
162
69
-35
-61
-22
7
-27
-145
-300
-386
-302
-64
183
269
151
-49
-159
-122
-13
105
234
412
587
593
294
-216
-630
-635
-173
458
821
682
167
-321
-443
-151
306
621
634
435
213
105
99
96
16
-182
-456
-674
-650
-322
153
482
480
253
49
21
112
163
82
-93
-247
-277
-149
74
259
288
145
-7
17
267
573
697
516
147
-175
-305
-270
-231
-290
-347
-197
188
556
593
240
-167
-239
155
764
1222
1259
902
372
-16
-93
58
184
92
-180
-395
-351
-62
266
373
144
-297
-651
-681
-390
-7
239
270
153
12
-59
-18
98
168
88
-102
-241
-241
-171
-188
-319
-395
-229
169
567
735
595
314
115
101
174
183
84
24
153
449
683
607
169
-416
-810
-806
-445
12
295
294
96
-62
3
255
456
431
234
67
32
20
-110
-310
-387
-192
217
594
678
439
91
-62
87
346
413
172
-212
-438
-339
-40
177
153
-14
-128
-108
-79
-177
-342
-361
-100
334
685
740
545
306
221
300
395
338
113
-144
-248
-126
148
407
516
432
219
-15
-180
-241
-234
-211
-163
-36
174
359
413
326
226
215
256
218
63
-101
-151
-81
11
51
76
155
253
249
74
-194
-360
-276
29
359
488
318
-26
-292
-331
-201
-96
-124
-241
-324
-286
-118
131
360
483
469
359
193
22
-93
-110
-55
-81
-295
-619
-795
-626
-157
311
479
270
-135
-458
-505
-303
-30
106
36
-128
-206
-150
-67
-116
-315
-532
-589
-478
-324
-176
57
502
1056
1297
822
-294
-1425
-1849
-1297
-95
1128
1851
1821
996
-389
-1852
-2753
-2669
-1599
18
1529
2335
2105
927
-681
-1954
-2271
-1455
129
1744
2612
2295
931
-824
-2152
-2480
-1713
-203
1409
2460
2498
1557
113
-1110
-1563
-1114
-66
1108
1941
2096
1438
129
-1341
-2308
-2273
-1185
490
2027
2756
2421
1232
-219
-1294
-1562
-984
110
1175
1791
1799
1313
539
-286
-912
-1050
-562
371
1271
1611
1140
54
-1106
-1773
-1646
-831
264
1134
1416
982
1
-1154
-2000
-2154
-1494
-294
907
1605
1583
931
-69
-1076
-1721
-1777
-1246
-455
194
382
68
-508
-930
-904
-458
77
372
316
30
-282
-447
-350
3
397
531
263
-238
-546
-352
216
691
694
249
-227
-334
-32
369
540
395
122
-47
-8
157
284
248
51
-184
-388
-569
-743
-798
-559
-7
557
731
378
-245
-675
-619
-166
334
558
421
100
-156
-226
-173
-126
-126
-99
25
191
251
157
7
-7
187
491
691
652
386
104
35
279
671
959
966
767
525
370
299
256
186
90
9
2
86
171
127
-138
-542
-845
-803
-393
157
523
525
256
-36
-148
-65
62
68
-58
-177
-100
207
596
824
767
466
128
-57
-43
56
128
161
203
241
212
98
32
150
419
620
558
230
-144
-326
-217
84
419
647
721
642
453
194
-48
-181
-180
-107
-40
7
78
177
251
248
199
161
160
162
178
246
408
606
714
611
322
-4
-200
-207
-101
0
-3
-119
-295
-435
-491
-465
-434
-436
-430
-327
-81
237
460
438
168
-189
-419
-400
-190
50
162
92
-44
-67
100
333
390
145
-235
-432
-323
-81
-13
-222
-507
-569
-339
-4
211
244
231
304
440
474
306
1
-214
-158
126
397
413
135
-291
-650
-801
-690
-404
-116
-21
-157
-334
-299
10
394
581
455
167
-41
-16
193
410
456
308
90
-29
1
78
67
-43
-139
-126
-31
-34
-265
-635
-842
-614
31
738
1066
891
446
108
49
207
405
566
662
670
534
270
-27
-226
-247
-140
-37
-62
-212
-368
-386
-260
-115
-63
-85
-74
20
147
222
252
287
342
358
272
82
-129
-259
-236
-72
168
386
539
613
612
504
330
192
266
581
999
1243
1142
701
131
-312
-467
-347
-137
-30
-83
-186
-157
69
351
455
327
135
93
213
302
185
-80
-274
-312
-296
-349
-425
-347
-31
353
523
370
46
-185
-180
-30
69
28
-70
-54
142
408
539
437
178
-55
-136
-117
-141
-266
-383
-308
18
414
592
421
33
-336
-540
-567
-433
-197
22
74
-67
-231
-218
14
318
484
387
134
-31
58
306
463
370
157
60
176
360
432
331
162
50
39
85
163
260
336
309
164
-13
-59
91
331
458
403
266
222
316
434
411
234
32
-82
-112
-157
-260
-334
-249
4
282
399
272
-26
-330
-461
-325
26
403
567
401
28
-281
-339
-177
11
72
13
-57
-61
-9
53
95
126
158
184
171
79
-94
-280
-365
-290
-107
43
62
0
-8
73
133
45
-166
-346
-361
-292
-304
-441
-538
-367
120
659
857
562
-1
-414
-427
-196
-67
-214
-472
-546
-299
105
380
376
168
-59
-174
-177
-147
-164
-233
-260
-134
120
321
291
37
-229
-297
-153
54
192
238
239
221
216
244
297
298
189
7
-189
-377
-607
-834
-892
-625
-153
215
226
-88
-468
-646
-521
-164
241
486
450
185
-38
28
390
762
833
512
52
-209
-124
155
384
428
381
390
521
669
648
340
-178
-647
-862
-794
-630
-525
-476
-348
-91
192
381
444
408
265
-34
-448
-781
-801
-464
48
458
576
441
232
72
-67
-270
-505
-546
-196
395
783
660
159
-250
-239
33
151
-64
-384
-414
-10
563
851
694
314
86
144
276
193
-107
-343
-308
-90
31
-85
-347
-549
-617
-572
-480
-361
-263
-214
-218
-229
-217
-180
-142
-113
-93
-83
-88
-92
-70
-23
-10
-87
-274
-502
-679
-712
-627
-510
-452
-430
-343
-125
142
295
320
352
541
810
881
530
-129
-705
-833
-446
167
590
623
371
130
91
241
417
491
431
309
211
240
410
656
814
747
419
7
-235
-139
219
573
661
451
129
-60
-20
178
382
454
325
83
-82
16
352
699
797
598
257
-11
-100
-27
116
232
253
165
14
-90
-60
76
188
182
84
-9
-47
-49
-41
-4
70
159
223
260
274
272
243
217
218
275
370
443
411
253
35
-131
-178
-172
-223
-357
-460
-405
-174
85
199
110
-89
-212
-125
142
396
445
251
24
6
228
460
441
131
-209
-272
3
380
528
303
-101
-330
-153
321
795
996
897
620
282
-74
-386
-533
-427
-117
197
323
234
51
-131
-300
-446
-472
-308
-26
96
-141
-598
-859
-643
-68
397
376
-100
-640
-819
-484
107
502
416
-34
-432
-446
-112
264
459
482
467
452
338
45
-348
-636
-663
-413
-33
274
379
286
135
61
98
165
121
-100
-394
-540
-404
-66
217
252
92
-49
-11
172
360
432
341
96
-244
-547
-660
-505
-187
97
182
51
-161
-269
-167
87
297
286
60
-198
-273
-101
221
519
660
579
324
26
-171
-213
-147
-49
12
-9
-109
-210
-206
-69
167
437
681
789
651
262
-221
-575
-694
-600
-380
-99
211
493
640
544
220
-166
-409
-410
-244
-61
67
164
281
396
407
224
-86
-325
-294
19
431
688
670
419
83
-202
-343
-302
-154
-36
-26
-61
-12
148
275
215
-14
-235
-285
-148
30
83
-33
-205
-255
-98
178
378
397
284
204
253
389
471
424
273
69
-168
-416
-581
-560
-333
-77
1
-116
-228
-123
189
442
369
34
-227
-95
394
865
916
473
-181
-646
-693
-412
-72
74
-20
-220
-343
-325
-229
-158
-139
-198
-352
-572
-705
-609
-295
-7
25
-180
-381
-363
-126
95
70
-195
-448
-431
-117
297
572
598
398
53
-323
-633
-797
-801
-644
-358
-11
283
419
326
22
-389
-722
-839
-707
-460
-255
-162
-124
-44
110
283
379
371
299
233
191
172
165
208
314
439
473
370
184
72
135
274
259
-24
-419
-645
-550
-319
-234
-400
-627
-686
-504
-267
-184
-269
-327
-149
259
676
822
593
111
-360
-592
-542
-329
-173
-194
-331
-386
-209
161
523
669
539
227
-82
-235
-184
-14
112
79
-95
-279
-350
-275
-144
-69
-110
-221
-316
-328
-246
-95
39
65
-53
-234
-325
-235
-3
234
351
291
69
-231
-448
-423
-154
168
267
34
-369
-633
-633
-482
-420
-526
-641
-526
-171
187
263
9
-389
-671
-701
-483
-143
145
218
51
-154
-145
177
631
887
718
223
-268
-500
-466
-367
-352
-432
-505
-484
-325
-28
333
627
719
685
695
824
890
632
10
-629
-837
-474
176
645
652
289
-134
-315
-168
151
377
266
-205
-791
-1101
-910
-321
287
567
468
197
0
-45
20
122
195
165
-27
-331
-596
-664
-475
-77
396
754
816
522
58
-274
-285
-45
152
72
-278
-649
-754
-472
6
333
295
-8
-285
-335
-235
-181
-225
-232
-57
263
472
328
-137
-602
-771
-600
-331
-188
-186
-173
-71
50
84
13
-114
-240
-314
-275
-118
60
104
-34
-201
-206
1
282
442
374
101
-247
-511
-568
-398
-86
264
568
723
601
137
-517
-1044
-1151
-815
-246
256
490
416
142
-143
-283
-204
50
337
487
410
156
-116
-263
-289
-293
-388
-558
-695
-662
-477
-265
-185
-258
-382
-418
-271
57
420
586
388
-102
-605
-838
-765
-537
-355
-284
-279
-253
-185
-108
-99
-186
-336
-443
-394
-145
192
419
401
177
-84
-233
-256
-223
-206
-208
-229
-261
-261
-157
52
256
318
211
63
10
32
5
-164
-414
-587
-546
-361
-217
-312
-631
-948
-971
-623
-88
296
319
50
-246
-324
-136
153
318
247
4
-212
-235
-25
300
510
421
86
-230
-243
70
465
648
509
154
-253
-568
-674
-496
-117
236
363
265
129
105
182
244
249
224
234
291
344
297
105
-163
-362
-383
-282
-198
-173
-106
116
436
653
596
297
-70
-360
-523
-561
-467
-251
21
224
264
130
-96
-323
-464
-450
-249
69
344
436
330
117
-109
-260
-258
-92
131
177
-80
-517
-822
-741
-262
308
571
393
11
-178
-10
277
317
12
-384
-479
-105
590
1220
1438
1108
446
-148
-296
54
600
908
789
384
-36
-321
-528
-723
-884
-895
-715
-398
-90
82
105
83
188
467
800
949
827
527
257
123
83
33
-71
-189
-243
-178
8
237
406
437
369
288
255
239
195
112
48
51
85
68
-64
-278
-427
-356
-38
361
621
624
470
320
236
144
5
-112
-82
106
284
256
38
-151
-98
175
445
493
378
322
526
922
1249
1220
824
289
-93
-213
-190
-194
-287
-378
-322
-52
323
567
498
143
-240
-382
-174
259
660
786
603
277
32
-49
-18
47
87
48
-143
-446
-666
-582
-179
320
619
565
273
-12
-129
-101
-71
-126
-235
-293
-181
134
546
819
775
440
26
-268
-337
-169
157
457
559
430
204
13
-106
-165
-175
-153
-160
-217
-282
-286
-242
-208
-290
-506
-773
-898
-753
-369
59
330
401
357
323
335
405
508
578
495
187
-256
-617
-701
-530
-270
-113
-121
-247
-371
-439
-456
-506
-615
-747
-789
-684
-452
-186
29
194
348
470
459
284
46
-96
-94
-62
-117
-241
-314
-248
-54
152
234
163
35
29
212
475
601
449
65
-345
-550
-481
-246
-67
-78
-218
-298
-184
77
321
411
348
219
163
253
504
796
994
988
834
632
469
335
205
77
-20
-74
-79
-27
60
110
51
-106
-291
-432
-503
-470
-339
-169
-104
-212
-383
-413
-187
200
508
536
307
22
-159
-240
-323
-419
-464
-401
-284
-181
-76
82
260
339
238
3
-191
-192
-22
145
126
-96
-333
-361
-151
103
140
-114
-498
-742
-711
-452
-154
27
13
-144
-302
-310
-128
136
276
165
-86
-221
-94
181
358
311
177
160
320
501
520
313
13
-176
-166
-47
-35
-244
-587
-815
-791
-563
-347
-281
-339
-374
-312
-185
-63
29
130
258
370
381
305
236
295
474
645
648
471
227
45
-46
-118
-235
-362
-385
-217
111
423
510
297
-78
-376
-435
-280
-47
114
126
22
-82
-95
-35
-1
-45
-135
-202
-243
-278
-304
-280
-188
-49
82
159
179
165
144
122
94
57
27
22
29
12
-19
-5
84
183
210
157
87
29
-59
-204
-333
-333
-180
36
185
191
62
-123
-305
-443
-506
-440
-250
-12
151
175
166
263
454
543
318
-199
-749
-1018
-877
-412
80
291
129
-193
-316
-85
326
592
554
289
16
-101
-56
30
12
-136
-336
-462
-421
-189
177
533
714
628
366
114
-46
-181
-352
-460
-364
-80
161
152
-69
-279
-372
-410
-520
-675
-742
-600
-316
-60
95
207
320
353
191
-139
-409
-388
-92
237
393
366
353
491
682
662
315
-183
-513
-504
-286
-105
-108
-240
-345
-299
-97
151
316
343
247
69
-111
-192
-131
-7
34
-60
-154
-77
172
403
446
299
51
-231
-522
-731
-755
-564
-283
-47
127
290
423
423
230
-81
-311
-289
-33
266
355
124
-247
-427
-179
395
887
904
431
-173
-513
-474
-241
-43
33
34
16
3
4
17
28
30
25
7
-44
-125
-225
-315
-409
-506
-576
-540
-379
-154
-20
-79
-285
-461
-441
-196
165
476
600
477
157
-210
-430
-387
-141
126
306
414
520
595
516
205
-235
-573
-637
-418
-80
168
192
13
-237
-403
-414
-286
-134
-67
-141
-292
-387
-319
-94
181
364
366
186
-89
-309
-343
-162
129
339
333
133
-109
-248
-244
-177
-138
-181
-280
-371
-370
-225
38
251
225
-64
-406
-470
-111
461
821
667
56
-663
-1092
-1119
-885
-661
-564
-530
-408
-182
18
76
23
2
95
195
123
-152
-449
-541
-348
-38
146
118
5
1
158
371
479
470
433
485
614
711
635
349
-52
-363
-413
-177
192
440
397
112
-189
-295
-174
27
141
116
20
-70
-129
-155
-135
-9
244
494
518
217
-243
-569
-586
-407
-253
-235
-274
-245
-101
102
260
307
237
127
68
130
282
421
437
327
170
65
38
109
284
554
806
848
543
30
-364
-360
19
467
649
511
254
149
271
423
329
-75
-541
-673
-277
422
937
886
281
-475
-901
-807
-374
-2
49
-165
-361
-371
-268
-248
-358
-459
-382
-194
-99
-214
-417
-455
-189
258
601
626
341
-16
-182
-59
217
373
230
-141
-473
-502
-175
308
639
644
370
36
-167
-207
-183
-206
-280
-317
-227
-18
204
360
438
469
438
305
66
-203
-392
-421
-272
-34
138
114
-92
-307
-343
-163
104
262
200
-26
-241
-349
-383
-423
-444
-371
-190
-77
-193
-462
-588
-394
0
247
135
-230
-540
-602
-440
-209
-30
41
6
-67
-71
42
193
188
-75
-447
-624
-441
-17
339
403
187
-122
-351
-428
-401
-346
-307
-257
-165
-49
28
24
-22
-37
9
72
134
215
297
283
111
-135
-273
-214
-79
-45
-139
-222
-178
-32
117
204
260
315
355
332
232
82
-108
-316
-509
-610
-597
-491
-327
-104
166
391
428
221
-103
-326
-348
-239
-186
-296
-492
-568
-373
48
492
732
685
417
98
-117
-153
-48
99
199
229
208
156
83
8
-37
-85
-196
-419
-671
-789
-644
-331
-70
-46
-226
-403
-375
-93
313
637
713
523
188
-69
-95
63
201
175
34
-63
-36
72
176
236
228
129
-36
-188
-259
-252
-194
-88
65
177
133
-119
-466
-738
-806
-675
-409
-81
236
434
417
206
-57
-153
28
384
652
595
189
-343
-689
-707
-488
-243
-93
-19
52
124
145
75
-62
-238
-419
-549
-536
-361
-115
54
86
64
100
166
134
-106
-491
-828
-903
-659
-211
240
532
661
693
680
578
359
82
-79
-3
287
607
750
598
224
-163
-321
-161
319
983
1617
1887
1506
467
-904
-2058
-2555
-2190
-1084
373
1541
1836
1064
-377
-1730
-2312
-1906
-766
602
1666
2041
1596
525
-719
-1611
-1774
-1152
-27
1102
1740
1609
771
-376
-1290
-1538
-1017
24
1103
1749
1683
909
-275
-1435
-2128
-2048
-1143
252
1497
1925
1276
-110
-1480
-2187
-1991
-1118
-5
938
1447
1381
748
-262
-1256
-1717
-1289
-41
1447
2381
2216
983
-736
-2159
-2669
-2109
-783
695
1710
1908
1298
248
-736
-1209
-1001
-235
731
1480
1672
1194
222
-907
-1801
-2095
-1560
-276
1253
2269
2208
1068
-590
-2005
-2576
-2200
-1191
-110
605
796
571
213
-14
31
276
473
395
65
-263
-291
43
482
661
436
-16
-350
-353
-103
146
205
87
-58
-104
-65
-48
-128
-257
-344
-327
-183
83
392
574
485
146
-221
-384
-329
-217
-156
-89
70
269
394
399
306
112
-236
-663
-919
-766
-265
274
560
523
299
52
-129
-225
-223
-119
39
165
184
87
-39
-73
65
329
572
639
503
257
-13
-285
-579
-820
-905
-769
-503
-241
-18
220
454
537
287
-286
-930
-1284
-1211
-822
-390
-92
66
167
278
381
432
393
301
225
259
402
574
636
461
29
-502
-853
-779
-269
378
749
600
33
-566
-799
-563
-85
267
284
28
-270
-449
-476
-410
-288
-181
-156
-241
-345
-315
-81
282
605
803
856
795
614
329
-10
-277
-346
-171
163
466
550
403
174
60
121
235
233
70
-139
-262
-257
-142
54
297
494
547
430
274
210
259
305
235
36
-168
-225
-80
169
343
322
63
-361
-790
-999
-852
-402
78
310
211
-67
-297
-343
-248
-133
-77
-51
-21
-11
-113
-348
-592
-644
-454
-162
3
-45
-169
-160
3
140
46
-277
-589
-615
-283
223
583
571
244
-111
-216
-36
205
252
36
-294
-527
-530
-315
-5
254
371
393
417
458
402
153
-217
-454
-351
57
512
773
749
530
249
-4
-199
-351
-460
-517
-485
-318
-14
325
521
471
225
-29
-131
-67
58
96
-29
-263
-440
-411
-168
122
258
192
44
-46
-48
-63
-177
-384
-568
-597
-397
-51
243
325
204
51
17
128
287
398
400
316
209
158
176
216
210
154
93
52
15
-16
-1
77
154
101
-126
-402
-519
-348
53
486
727
686
424
101
-144
-250
-225
-97
92
255
288
166
-24
-170
-225
-233
-235
-182
-9
207
273
74
-272
-471
-320
98
490
578
289
-177
-497
-476
-182
102
148
-68
-375
-538
-411
-52
306
395
132
-261
-446
-239
239
604
525
35
-487
-588
-143
513
870
736
340
115
246
528
586
308
-77
-240
-81
203
329
205
-32
-159
-74
146
321
289
34
-282
-428
-325
-106
1
-90
-271
-364
-302
-143
23
132
191
236
298
348
308
126
-126
-289
-250
-48
133
131
-55
-271
-404
-447
-520
-666
-799
-743
-457
-76
239
430
504
429
171
-183
-403
-316
-13
243
237
-25
-288
-270
110
622
944
901
641
409
325
300
199
1
-201
-296
-291
-261
-253
-222
-118
42
160
154
64
3
97
348
587
577
280
-83
-221
-60
154
132
-104
-267
-142
179
387
280
-20
-220
-163
47
187
138
-37
-186
-211
-120
1
65
53
16
35
124
216
225
122
-38
-183
-263
-257
-158
27
246
369
263
-75
-472
-699
-632
-386
-171
-136
-245
-362
-367
-250
-79
46
66
-25
-173
-274
-240
-74
122
219
165
18
-111
-134
-36
101
155
5
-339
-703
-831
-570
-8
579
895
831
480
79
-170
-205
-116
-17
52
187
460
787
930
746
321
-69
-215
-160
-102
-141
-188
-87
181
441
478
235
-141
-411
-414
-197
47
155
122
-1
-186
-406
-544
-428
-18
495
819
839
637
420
307
288
257
159
35
-45
-67
-53
-9
59
116
121
90
90
140
146
6
-235
-395
-307
19
429
727
840
773
632
508
448
393
277
99
-79
-202
-287
-352
-395
-384
-332
-265
-219
-202
-225
-267
-329
-397
-471
-509
-449
-250
87
473
797
930
811
461
15
-347
-477
-342
-82
97
62
-134
-334
-411
-384
-333
-293
-216
-90
26
68
46
89
282
533
609
383
-34
-356
-372
-172
-18
-108
-378
-603
-596
-324
105
559
891
995
813
424
-16
-320
-382
-235
-21
75
-40
-313
-568
-636
-457
-173
1
-27
-138
-119
100
383
517
389
43
-347
-574
-497
-144
298
599
639
440
149
-71
-133
-75
3
31
7
-34
-128
-313
-600
-874
-995
-867
-592
-354
-294
-365
-396
-251
-6
134
18
-284
-540
-542
-285
59
346
537
663
693
574
304
42
-38
89
267
289
84
-207
-355
-236
63
260
124
-278
-599
-518
-51
452
628
377
-118
-598
-860
-790
-385
207
717
916
747
357
-50
-308
-340
-162
112
318
348
249
145
159
298
460
497
376
193
99
136
227
254
181
49
-33
30
268
572
702
467
-67
-581
-735
-441
56
398
411
183
-69
-190
-206
-226
-321
-431
-456
-345
-178
-71
-129
-336
-573
-655
-457
-15
448
666
516
101
-337
-581
-547
-289
32
246
255
93
-82
-128
-11
177
270
152
-149
-452
-537
-315
81
405
506
407
283
270
374
471
416
161
-190
-440
-449
-232
29
145
29
-243
-477
-482
-222
144
355
263
-13
-202
-175
-53
-42
-181
-267
-94
291
609
627
344
-4
-164
-95
39
47
-99
-278
-352
-324
-283
-249
-141
110
424
631
599
375
105
-34
38
328
702
961
919
585
138
-192
-291
-257
-254
-326
-345
-200
60
254
259
177
191
346
476
389
62
-233
-182
214
591
546
38
-542
-741
-441
95
506
600
470
326
325
424
510
498
385
192
-54
-289
-425
-408
-306
-226
-223
-241
-207
-106
-35
-94
-263
-387
-276
113
609
913
850
472
66
-96
-6
97
-33
-379
-665
-617
-280
47
133
26
-59
-3
104
109
-24
-203
-330
-361
-281
-101
124
301
337
209
-65
-418
-721
-790
-474
172
839
1131
910
367
-99
-219
-41
167
201
75
-43
-32
61
96
-13
-212
-375
-399
-318
-242
-271
-379
-449
-369
-165
32
97
21
-67
-31
168
423
601
618
478
226
-53
-257
-297
-170
18
128
88
-62
-222
-297
-244
-86
131
342
495
536
437
212
-62
-277
-366
-323
-203
-70
-4
-53
-238
-485
-638
-545
-207
201
400
226
-226
-647
-751
-474
-5
389
500
281
-125
-462
-457
-45
493
726
448
-134
-563
-538
-161
221
333
161
-71
-129
32
235
274
110
-115
-248
-305
-392
-570
-742
-789
-645
-384
-128
53
169
241
258
162
-63
-310
-397
-206
185
522
559
254
-207
-551
-601
-431
-247
-184
-184
-68
229
577
743
632
328
13
-188
-233
-148
-47
-63
-291
-645
-900
-833
-436
95
419
302
-188
-685
-757
-263
486
973
886
325
-294
-588
-485
-199
-7
-8
-59
44
317
544
535
307
88
49
173
303
367
382
414
463
509
507
472
429
388
310
149
-85
-298
-371
-277
-96
38
59
-11
-97
-183
-281
-435
-618
-730
-637
-327
51
267
205
-15
-158
-124
-19
-7
-117
-235
-241
-134
6
162
353
553
636
464
28
-454
-674
-488
-35
345
391
84
-363
-663
-625
-288
119
395
501
503
409
192
-102
-272
-165
136
371
360
142
-108
-250
-291
-302
-245
-7
404
759
762
333
-247
-567
-420
47
481
595
337
-119
-519
-681
-578
-307
-17
179
247
209
113
-2
-46
64
287
429
319
-10
-297
-309
-50
266
425
356
107
-208
-424
-388
-127
138
185
16
-131
-64
133
210
36
-271
-511
-559
-460
-312
-207
-171
-194
-219
-167
-6
148
118
-145
-465
-593
-421
-79
220
402
517
650
772
813
698
499
345
333
407
432
316
113
-54
-56
125
380
511
381
28
-319
-424
-275
-69
2
-60
-112
-54
57
105
46
-67
-132
-76
123
382
537
447
191
5
92
390
585
405
-65
-446
-388
108
716
1037
917
472
-4
-262
-211
37
242
222
3
-212
-188
127
572
875
891
654
384
261
307
365
305
144
23
30
86
49
-96
-207
-167
-16
54
-89
-373
-566
-502
-200
136
289
195
-29
-205
-234
-166
-101
-94
-113
-115
-89
-72
-84
-117
-135
-107
-23
67
78
19
0
159
465
709
667
299
-219
-620
-706
-450
-5
359
431
234
-8
-66
81
246
238
63
-111
-140
-26
106
139
73
0
-9
35
93
152
231
312
304
123
-121
-194
61
512
849
827
518
169
-49
-161
-299
-502
-661
-605
-318
37
225
139
-84
-202
-90
147
309
288
181
142
210
269
171
-110
-490
-803
-949
-879
-631
-276
69
300
353
230
18
-158
-188
-51
125
162
16
-165
-169
50
321
417
305
132
66
126
217
235
186
139
161
244
329
335
273
220
231
247
201
117
155
399
734
899
791
517
249
29
-186
-373
-401
-192
131
340
337
203
100
97
158
199
193
156
129
133
183
261
338
368
344
281
223
187
202
271
349
335
164
-111
-311
-281
-93
21
-127
-468
-725
-648
-242
255
603
705
608
383
78
-251
-484
-496
-327
-158
-154
-285
-353
-197
118
364
388
228
61
17
56
37
-111
-300
-334
-101
292
579
610
453
327
334
372
270
29
-175
-166
57
260
196
-177
-617
-783
-512
35
507
656
484
261
247
468
673
614
273
-79
-165
71
425
644
594
302
-102
-398
-391
-106
200
282
150
7
-29
-87
-311
-621
-758
-556
-84
391
595
431
28
-339
-443
-285
-57
60
54
64
180
286
179
-168
-527
-666
-553
-407
-405
-531
-607
-507
-242
77
320
388
260
4
-251
-403
-423
-339
-177
16
168
148
-104
-478
-729
-718
-503
-367
-499
-854
-1133
-1074
-632
-12
501
646
329
-277
-782
-856
-478
-30
90
-157
-436
-374
87
636
860
647
225
-65
-85
30
67
-38
-165
-160
9
247
399
357
118
-193
-390
-382
-229
-69
31
87
118
104
42
-55
-167
-281
-341
-245
32
340
455
299
9
-213
-276
-259
-263
-313
-349
-357
-357
-335
-222
27
341
532
446
120
-231
-386
-286
-106
-77
-268
-503
-522
-218
225
493
401
33
-295
-299
47
484
710
607
330
104
82
249
461
525
346
12
-237
-216
47
340
427
219
-167
-488
-560
-371
-30
327
578
603
338
-134
-539
-599
-308
68
237
139
-16
2
221
455
489
248
-139
-433
-501
-385
-274
-286
-341
-248
38
338
411
196
-144
-379
-385
-178
124
353
384
218
51
80
289
435
316
-17
-258
-165
188
481
451
113
-264
-400
-216
131
446
624
680
631
456
147
-180
-347
-265
-22
171
162
3
-122
-98
14
65
-12
-151
-240
-251
-224
-190
-132
-21
128
224
164
-37
-235
-301
-241
-194
-247
-333
-300
-103
153
278
155
-127
-336
-244
164
670
963
948
747
555
405
228
-6
-204
-261
-158
39
256
410
430
297
111
6
64
237
402
438
338
180
62
21
-29
-185
-420
-554
-467
-228
-100
-243
-516
-591
-296
211
611
687
540
404
428
533
546
368
93
-97
-123
-79
-114
-253
-387
-388
-274
-155
-114
-126
-78
106
385
601
646
523
377
320
391
519
624
620
496
296
132
73
58
-45
-315
-647
-823
-665
-213
309
683
809
711
436
25
-433
-781
-848
-625
-252
51
156
103
36
73
204
329
344
229
50
-122
-249
-321
-317
-237
-107
22
118
184
225
223
155
43
-59
-105
-89
-79
-146
-269
-320
-148
245
659
820
682
429
291
291
260
56
-241
-416
-402
-315
-341
-500
-628
-527
-246
-28
-80
-336
-529
-448
-170
57
13
-291
-642
-773
-616
-324
-123
-79
-83
-17
116
227
269
251
195
101
3
-42
-9
56
122
213
360
494
509
370
151
-61
-264
-454
-591
-600
-478
-272
-42
162
297
325
232
50
-185
-419
-550
-459
-106
368
677
602
219
-169
-286
-106
129
159
-64
-347
-401
-96
439
884
944
542
-47
-412
-324
72
393
369
48
-306
-465
-382
-176
0
83
118
186
285
364
375
342
296
228
99
-60
-157
-54
281
731
1045
1017
611
92
-192
-90
213
356
154
-239
-496
-449
-193
25
48
-83
-196
-170
-30
91
90
-1
-62
46
331
649
769
609
294
60
19
97
149
135
108
181
393
674
832
728
386
50
-49
106
307
374
304
249
297
366
295
46
-247
-467
-586
-652
-644
-532
-328
-153
-95
-141
-200
-253
-330
-405
-361
-145
140
286
186
-56
-238
-261
-165
-36
79
153
158
124
130
253
441
564
527
394
278
213
132
-5
-138
-175
-93
59
208
270
164
-115
-422
-506
-236
236
582
573
243
-136
-290
-141
156
397
473
447
417
418
384
240
-17
-266
-340
-189
64
211
148
-8
-52
104
337
454
366
162
-3
-19
108
315
500
551
389
37
-361
-611
-586
-377
-189
-206
-399
-575
-538
-299
-36
79
31
-33
23
187
312
293
159
51
63
185
320
350
205
-80
-357
-474
-384
-221
-139
-172
-209
-135
41
223
318
347
368
390
347
195
-21
-209
-300
-326
-338
-364
-374
-356
-311
-249
-160
-57
20
25
-34
-69
0
144
237
182
12
-122
-97
68
234
253
84
-171
-340
-284
-4
355
587
571
330
84
57
298
600
666
364
-157
-600
-721
-464
42
546
776
592
85
-463
-735
-573
-127
269
355
142
-146
-294
-217
33
338
539
519
281
-54
-341
-540
-652
-681
-585
-338
22
394
643
719
642
478
258
-42
-407
-732
-847
-700
-385
-112
-15
-23
46
278
544
653
524
282
98
55
108
187
239
186
-34
-371
-632
-612
-274
187
505
561
413
214
72
21
37
101
195
288
316
210
-34
-334
-545
-633
-647
-695
-769
-798
-700
-533
-399
-335
-257
-67
219
452
472
268
-16
-190
-170
-39
51
56
64
216
508
749
702
351
-73
-287
-196
64
286
