0
0
0
0
0
27
106
383
931
1660
2180
2041
1071
-352
-1515
-1841
-1246
-120
961
1558
1496
816
-250
-1317
-1932
-1770
-828
533
1729
2202
1685
357
-1188
-2188
-2119
-1006
591
1958
2559
2261
1242
-55
-1105
-1482
-1085
-231
573
937
780
234
-468
-1114
-1481
-1363
-679
421
1523
2066
1652
326
-1325
-2501
-2619
-1647
-49
1511
2430
2376
1374
-144
-1511
-2134
-1785
-699
590
1497
1636
966
-184
-1306
-1935
-1817
-965
304
1443
1910
1480
344
-1002
-1996
-2193
-1457
-71
1325
2067
1809
690
-780
-1944
-2354
-1905
-869
319
1219
1529
1113
102
-1088
-1879
-1886
-1133
-131
516
522
81
-296
-230
257
778
926
575
-30
-502
-565
-224
267
591
597
369
149
92
185
290
333
332
316
247
117
-2
-33
-9
-65
-259
-475
-531
-372
-97
123
172
65
-75
-88
84
373
613
693
589
392
201
66
-30
-120
-194
-241
-258
-261
-243
-177
-59
76
180
225
201
115
-12
-179
-382
-589
-693
-620
-390
-116
106
249
309
242
23
-271
-480
-473
-248
65
299
367
286
138
-6
-116
-191
-249
-297
-284
-140
100
274
231
2
-201
-192
7
216
276
155
-67
-262
-372
-406
-411
-384
-278
-64
212
431
481
320
72
-60
20
190
240
98
-69
-54
116
215
46
-338
-675
-707
-408
24
273
147
-275
-673
-788
-610
-448
-554
-888
-1104
-966
-529
-87
137
134
34
-30
2
133
293
391
369
267
149
14
-175
-422
-621
-674
-547
-357
-233
-218
-233
-177
-21
155
234
180
65
-2
23
81
85
-7
-156
-304
-400
-451
-472
-481
-457
-378
-237
-63
102
225
282
260
157
-33
-287
-581
-832
-942
-813
-429
108
558
675
425
27
-208
-146
80
241
257
207
213
286
337
262
99
-9
13
74
51
-48
-42
191
545
751
641
270
-112
-266
-125
166
423
543
534
424
244
36
-111
-125
-7
166
311
366
336
264
266
408
636
755
626
286
7
27
306
536
432
-3
-448
-554
-258
189
420
255
-161
-492
-451
-27
511
812
686
216
-338
-709
-789
-615
-348
-136
-43
-24
-27
-59
-149
-260
-318
-283
-221
-197
-227
-263
-246
-129
42
145
47
-233
-555
-739
-749
-630
-500
-424
-385
-285
-93
96
145
41
-53
18
261
523
636
520
227
-98
-264
-167
141
461
606
509
305
173
225
399
520
426
138
-154
-211
35
377
499
263
-167
-453
-379
0
430
641
511
140
-223
-322
-95
296
587
634
457
252
198
359
602
688
449
-5
-370
-396
-114
121
-21
-477
-812
-638
-3
634
815
532
137
-6
154
361
325
-53
-589
-965
-926
-496
49
384
377
201
112
252
522
691
570
160
-340
-648
-587
-232
167
374
331
193
146
254
402
416
209
-87
-230
-75
273
539
510
185
-257
-596
-671
-460
-77
278
444
346
18
-380
-612
-529
-196
143
277
199
46
-37
-12
89
200
303
401
506
573
561
451
275
72
-140
-337
-453
-403
-265
-220
-397
-672
-759
-476
-25
210
53
-284
-437
-250
51
133
-94
-393
-424
-63
496
883
837
371
-265
-757
-923
-748
-429
-194
-199
-385
-572
-595
-455
-260
-101
13
122
229
279
208
20
-199
-262
-28
419
762
741
391
57
25
240
395
294
25
-166
-136
10
62
-84
-321
-484
-476
-315
-72
155
264
179
-69
-356
-539
-577
-493
-336
-131
109
346
541
631
594
439
262
161
202
340
412
260
-146
-626
-894
-749
-306
104
241
162
122
259
409
309
-86
-524
-637
-264
413
974
1135
897
520
234
111
82
52
-25
-136
-212
-176
-20
146
185
87
-22
-22
70
166
215
247
269
184
-89
-484
-782
-776
-425
88
477
577
433
193
-50
-328
-642
-899
-927
-689
-300
7
78
-48
-178
-139
72
245
164
-176
-531
-619
-355
68
366
436
377
324
277
127
-170
-450
-466
-164
231
417
283
-34
-314
-459
-482
-414
-251
-37
135
210
212
184
113
-33
-208
-259
-86
237
501
562
422
230
128
160
242
274
219
134
88
135
264
409
458
380
239
158
170
224
248
253
267
291
282
209
73
-84
-195
-229
-208
-176
-137
-17
230
517
645
486
110
-188
-145
236
659
874
850
769
733
708
594
377
102
-151
-293
-291
-207
-203
-353
-536
-527
-226
241
559
479
95
-230
-138
363
893
1009
613
-19
-435
-375
45
442
515
269
-70
-301
-411
-459
-488
-466
-379
-229
-39
146
283
344
344
295
229
171
155
170
187
175
115
1
-139
-235
-199
-16
214
342
284
77
-133
-201
-117
-5
6
-83
-155
-114
9
110
186
314
508
629
503
111
-350
-615
-591
-376
-199
-213
-461
-799
-1000
-863
-385
227
628
577
173
-228
-324
-125
94
110
-43
-167
-118
80
295
383
288
68
-152
-267
-220
-18
267
506
574
426
156
-86
-201
-187
-86
64
238
384
442
376
219
38
-92
-121
-46
80
146
69
-141
-362
-477
-442
-361
-349
-409
-407
-234
61
276
243
-6
-267
-386
-358
-346
-461
-673
-796
-652
-221
272
509
329
-121
-498
-539
-295
-25
71
9
-40
45
210
294
206
9
-165
-236
-261
-333
-435
-426
-183
238
598
659
355
-161
-608
-732
-524
-198
-9
-15
-74
-39
75
150
100
-59
-179
-98
220
585
681
339
-277
-776
-873
-575
-135
194
299
211
42
-88
-75
94
319
445
383
163
-125
-385
-604
-769
-836
-709
-389
-9
251
306
236
161
121
67
-10
-45
80
382
738
919
776
338
-171
-485
-454
-128
253
421
263
-101
-430
-538
-422
-200
5
137
178
129
64
81
230
419
477
307
-14
-306
-406
-263
58
401
526
272
-262
-727
-786
-398
135
451
483
419
505
757
962
850
373
-244
-681
-752
-522
-187
59
130
21
-187
-367
-395
-210
132
485
669
582
256
-126
-350
-288
9
361
565
572
460
342
238
120
-15
-97
-72
23
90
49
-91
-209
-160
67
306
306
-26
-487
-721
-553
-122
226
252
23
-191
-176
46
302
431
406
286
139
-2
-100
-115
-59
-2
7
0
10
11
-70
-226
-295
-119
262
594
631
335
-51
-228
-119
86
125
-71
-345
-474
-411
-265
-210
-296
-424
-421
-192
189
505
556
338
35
-117
-28
207
407
479
442
409
443
509
483
292
-10
-256
-306
-194
-72
-99
-276
-478
-547
-447
-253
-71
54
134
180
140
-39
-326
-571
-652
-548
-405
-362
-406
-376
-173
120
304
264
127
103
261
443
451
245
-9
-117
-33
123
224
230
205
214
238
191
58
-68
-43
170
399
404
118
-262
-469
-392
-163
20
59
-9
-124
-240
-363
-487
-576
-548
-391
-187
-67
-66
-49
134
458
697
670
398
118
33
165
361
469
417
269
137
92
101
46
-140
-410
-613
-613
-373
9
352
474
305
-24
-271
-267
-54
131
90
-153
-380
-470
-478
-520
-559
-431
-58
403
679
644
386
105
-54
-42
97
297
474
525
371
93
-112
-82
139
331
314
150
43
151
419
684
778
695
515
331
160
-10
-163
-245
-208
-116
-88
-179
-303
-339
-245
-112
-44
-50
-57
-36
-23
-59
-122
-125
-14
154
244
172
-20
-208
-282
-221
-70
67
88
-77
-374
-634
-663
-442
-128
36
-52
-278
-407
-309
-52
141
101
-137
-355
-346
-85
263
481
473
286
38
-175
-314
-369
-380
-379
-397
-405
-347
-188
-19
22
-137
-387
-532
-440
-209
-44
-58
-163
-160
46
364
588
578
333
13
-193
-161
71
335
451
338
50
-241
-359
-256
-44
101
105
25
-43
-80
-123
-200
-279
-324
-309
-230
-92
106
330
524
607
554
396
257
241
339
407
313
67
-133
-99
155
409
394
21
-521
-885
-804
-290
329
649
523
152
-111
-88
97
191
118
10
31
184
341
373
290
175
89
24
-30
-56
-22
74
173
192
71
-164
-410
-531
-502
-402
-314
-215
-62
103
160
64
-50
-21
171
378
446
331
127
-35
-64
34
180
269
212
1
-251
-374
-259
41
395
672
811
770
563
261
-5
-151
-183
-153
-151
-240
-465
-746
-896
-734
-294
184
444
406
257
221
383
602
680
513
167
-191
-406
-411
-275
-126
-122
-307
-554
-631
-409
15
397
546
466
282
139
104
171
256
295
273
220
137
1
-174
-316
-348
-282
-181
-124
-133
-262
-520
-822
-946
-715
-169
402
676
569
240
-17
-16
190
363
335
155
-9
-78
-124
-220
-329
-347
-238
-58
115
221
227
133
-21
-165
-240
-216
-169
-194
-296
-346
-209
91
362
408
247
54
-65
-159
-330
-540
-615
-420
-112
7
-186
-470
-498
-153
328
595
501
168
-171
-349
-365
-317
-308
-336
-304
-124
172
436
515
361
56
-254
-472
-565
-545
-417
-250
-139
-130
-154
-120
-29
43
59
81
159
269
332
319
242
137
34
-11
42
144
176
35
-239
-465
-453
-202
100
240
158
6
-29
108
292
405
422
450
547
703
810
787
585
271
-23
-220
-347
-492
-627
-618
-365
17
289
270
-6
-336
-493
-370
-34
355
628
686
513
229
8
-81
-121
-253
-468
-582
-419
-108
41
-94
-290
-203
224
681
794
496
24
-335
-447
-366
-222
-96
20
202
458
734
906
936
836
700
571
430
218
-43
-238
-240
-40
200
276
95
-246
-539
-603
-395
-20
362
610
701
672
529
225
-202
-567
-660
-435
-82
161
188
50
-104
-130
47
356
552
399
-87
-600
-748
-384
238
674
639
200
-299
-525
-377
-12
344
546
601
556
479
399
325
224
41
-226
-500
-654
-600
-334
-10
166
101
-89
-192
-105
70
168
109
-63
-190
-119
172
500
622
437
91
-188
-296
-281
-226
-156
-86
-51
-70
-101
-88
-35
-77
-316
-679
-913
-813
-385
133
465
478
235
-29
-85
158
547
727
428
-229
-777
-786
-242
390
601
291
-194
-421
-243
133
385
331
30
-282
-367
-154
195
469
562
531
439
317
180
68
-9
-95
-210
-276
-193
35
276
355
198
-61
-194
-59
256
500
465
176
-155
-335
-318
-213
-130
-118
-144
-187
-238
-245
-134
84
267
240
-21
-373
-613
-667
-562
-358
-84
201
396
429
315
181
139
236
403
533
521
330
13
-309
-514
-572
-523
-432
-316
-167
14
179
263
274
265
305
379
406
307
87
-162
-315
-296
-131
75
247
369
461
486
420
289
179
128
133
174
262
359
359
177
-95
-245
-142
128
359
411
379
420
569
656
488
40
-463
-715
-639
-411
-266
-239
-175
51
320
387
196
-51
-111
47
192
102
-219
-537
-642
-491
-231
-33
12
-55
-132
-130
-40
73
170
258
359
423
421
370
308
200
-30
-357
-609
-602
-323
75
392
497
372
99
-154
-231
-103
105
219
161
75
152
441
751
859
689
374
85
-62
-47
89
237
264
118
-119
-303
-351
-276
-167
-97
-101
-151
-201
-204
-147
-42
61
105
45
-103
-278
-392
-359
-139
195
467
508
291
14
-83
106
443
705
731
506
117
-300
-593
-630
-378
29
366
487
398
255
192
214
207
56
-227
-503
-596
-440
-119
221
465
548
438
169
-141
-335
-329
-217
-162
-222
-293
-232
-19
196
244
87
-154
-356
-460
-505
-514
-501
-451
-384
-307
-199
-31
173
327
349
224
17
-179
-289
-278
-141
78
269
309
213
120
176
356
485
406
157
-85
-182
-135
-76
-119
-251
-332
-269
-109
-2
-35
-142
-183
-100
41
123
80
-70
-242
-357
-367
-277
-124
16
80
71
55
130
311
469
421
144
-172
-297
-177
-21
-58
-289
-488
-461
-222
-27
-104
-410
-637
-507
-36
475
703
587
302
33
-171
-344
-475
-507
-404
-233
-87
10
100
206
282
226
-12
-303
-407
-187
231
581
680
563
357
179
82
60
49
-54
-270
-463
-449
-162
266
593
630
374
-14
-289
-287
-47
219
316
219
66
-13
17
107
157
73
-122
-270
-199
82
348
374
158
-105
-213
-115
151
480
747
803
598
235
-37
-45
149
308
233
-68
-370
-424
-175
188
386
284
1
-224
-182
147
527
619
279
-285
-613
-415
171
700
768
303
-453
-1092
-1280
-905
-162
568
952
888
546
173
-55
-105
-35
59
69
-53
-253
-397
-420
-354
-296
-269
-210
-58
131
232
162
-39
-237
-298
-218
-103
-96
-223
-349
-295
-44
221
259
3
-380
-625
-609
-395
-212
-233
-465
-702
-710
-407
21
287
222
-95
-432
-580
-465
-151
177
321
195
-94
-289
-207
69
272
205
-74
-345
-431
-342
-186
-94
-122
-238
-324
-272
-84
112
188
165
155
228
320
341
267
197
219
308
328
193
-51
-243
-251
-83
131
240
179
0
-180
-253
-187
-16
183
338
391
306
86
-188
-380
-356
-88
282
521
486
227
-93
-344
-521
-636
-734
-806
-869
-875
-766
-508
-230
-100
-188
-368
-429
-256
77
384
504
389
149
-37
-28
149
295
215
-116
-506
-714
-610
-294
18
141
53
-93
-114
68
346
546
551
418
277
200
138
-24
-315
-601
-663
-387
116
543
619
355
16
-120
-13
120
53
-207
-439
-443
-208
88
252
244
161
100
56
-33
-177
-242
-83
247
491
379
-101
-661
-930
-758
-275
219
473
476
392
433
619
772
667
248
-308
-710
-747
-478
-151
9
-13
-65
-23
81
130
99
71
168
402
652
723
513
87
-361
-637
-681
-541
-350
-210
-142
-84
-3
50
-3
-152
-229
-72
311
696
846
670
313
1
-134
-120
-103
-186
-339
-414
-305
-52
121
17
-308
-548
-444
-33
351
400
96
-309
-478
-235
317
838
979
630
62
-315
-318
-114
-5
-106
-245
-193
94
433
582
423
49
-311
-421
-216
165
476
524
278
-79
-293
-196
147
473
521
255
-133
-371
-322
-48
266
451
439
304
174
184
350
538
550
261
-256
-751
-941
-725
-232
202
293
31
-310
-420
-217
82
205
57
-222
-355
-151
343
826
936
536
14
-60
547
1397
1711
1054
-273
-1495
-1903
-1283
89
1576
2580
2737
2030
688
-861
-2059
-2386
-1643
-186
1247
1910
1491
301
-943
-1573
-1348
-511
451
1082
1144
680
-35
-732
-1243
-1483
-1322
-594
615
1780
2188
1451
-137
-1751
-2538
-2142
-829
712
1765
1903
1148
-95
-1253
-1828
-1589
-625
674
1755
2113
1567
365
-923
-1715
-1745
-1111
-166
699
1206
1227
749
-96
-1052
-1741
-1794
-1051
264
1571
2179
1698
347
-1144
-1969
-1739
-645
727
1786
2152
1710
601
-775
-1852
-2148
-1515
-223
1171
2109
2214
1454
151
-1144
-1889
-1842
-1106
-162
458
484
84
-303
-355
-115
132
153
-50
-304
-419
-303
-4
342
569
547
256
-135
-378
-352
-160
24
135
263
452
556
367
-114
-616
-792
-497
56
471
421
-103
-793
-1209
-1106
-558
71
428
415
198
62
154
375
481
320
-34
-311
-284
85
597
981
1021
749
364
106
43
74
64
23
56
207
371
346
37
-370
-527
-257
258
579
411
-135
-658
-821
-576
-147
195
309
230
141
191
403
620
672
506
241
22
-95
-147
-162
-120
-30
44
68
83
165
297
360
249
16
-185
-171
114
517
735
537
-19
-562
-710
-395
112
437
393
103
-159
-214
-94
75
205
265
229
102
-38
-65
58
227
300
223
42
-144
-236
-183
-21
149
227
207
145
116
135
201
293
359
310
84
-257
-575
-732
-703
-524
-266
2
178
184
22
-199
-321
-245
-33
141
109
-132
-385
-408
-162
147
301
269
228
309
488
617
571
305
-80
-377
-406
-175
75
107
-98
-336
-390
-208
102
381
519
466
240
-74
-396
-665
-846
-858
-661
-305
38
219
191
18
-190
-314
-266
-52
186
272
185
72
141
428
753
851
652
302
22
-99
-155
-270
-484
-687
-710
-437
-8
269
147
-291
-704
-792
-558
-210
36
99
70
102
274
476
520
316
-7
-236
-270
-175
-48
71
204
343
408
312
135
60
212
487
630
455
45
-332
-457
-304
-6
275
420
367
164
-53
-151
-119
-58
-46
-93
-161
-234
-283
-262
-150
-9
73
78
67
96
151
131
-35
-252
-316
-98
299
575
487
140
-118
-13
369
689
661
342
8
-142
-132
-106
-141
-156
-30
231
458
486
284
49
11
264
647
901
842
510
83
-248
-391
-352
-190
2
133
169
139
139
221
302
230
-34
-333
-454
-327
-86
84
128
106
70
11
-135
-373
-597
-627
-393
-21
220
156
-99
-253
-134
146
317
227
-34
-255
-313
-223
-131
-169
-336
-465
-360
-1
385
520
366
130
63
205
397
448
315
97
-93
-205
-215
-116
93
357
604
747
774
686
552
427
403
494
661
772
723
482
137
-170
-317
-272
-112
35
62
-44
-163
-139
90
403
571
435
69
-279
-391
-241
-22
48
-48
-129
5
338
615
560
206
-137
-186
32
215
120
-174
-369
-209
281
813
1019
738
128
-395
-487
-144
312
513
333
-16
-217
-139
74
193
125
1
3
185
412
509
389
158
7
51
220
369
408
403
438
489
419
167
-164
-329
-161
257
631
670
313
-246
-702
-847
-652
-266
105
313
331
249
171
165
220
264
210
82
2
69
221
271
103
-186
-381
-379
-249
-132
-89
-67
6
118
182
169
139
259
597
1034
1262
1045
400
-350
-810
-816
-491
-138
24
32
75
240
393
331
25
-300
-381
-183
97
199
26
-277
-443
-305
59
355
320
-41
-445
-618
-505
-314
-249
-328
-388
-284
-23
260
408
409
365
411
542
675
699
650
609
631
644
589
460
349
313
308
227
27
-219
-377
-353
-153
125
414
665
845
866
722
489
312
241
190
49
-155
-278
-231
-74
32
-10
-124
-147
-19
153
248
255
252
261
238
151
47
-18
-46
-66
-94
-129
-146
-98
48
242
398
455
432
362
282
214
162
96
-16
-144
-180
-52
194
408
485
418
294
184
141
170
237
270
200
26
-186
-349
-371
-201
102
358
399
220
43
86
365
663
774
637
372
121
-31
-79
-28
107
268
355
345
291
282
317
272
41
-309
-548
-504
-215
136
390
496
451
264
-12
-237
-278
-141
43
138
109
-13
-176
-285
-229
73
526
872
850
481
33
-183
-76
216
468
508
281
-137
-550
-722
-536
-193
-27
-234
-650
-913
-766
-313
126
272
93
-235
-474
-423
-36
543
1013
1151
931
552
210
-17
-152
-208
-170
-19
210
423
497
353
34
-276
-375
-231
-4
102
28
-93
-100
5
77
7
-156
-240
-126
120
303
292
118
-34
-16
138
249
149
-147
-467
-607
-485
-165
199
453
526
438
269
83
-68
-144
-137
-92
-90
-164
-277
-349
-327
-203
-50
30
-40
-225
-412
-488
-442
-318
-179
-56
46
130
165
102
-77
-297
-464
-515
-484
-414
-299
-106
124
269
232
42
-136
-140
25
196
187
-43
-339
-469
-353
-114
48
51
-24
-48
-12
-2
-36
-26
148
460
704
639
226
-316
-704
-776
-635
-474
-410
-386
-253
64
417
538
316
-67
-268
-119
219
433
426
346
389
541
584
330
-131
-486
-477
-116
368
720
827
696
427
142
-22
-12
56
3
-273
-660
-935
-912
-627
-263
22
200
326
410
342
25
-437
-746
-635
-111
462
655
315
-315
-859
-1066
-985
-772
-558
-350
-144
36
143
153
102
57
82
177
316
443
495
408
201
-22
-105
16
219
293
101
-290
-651
-742
-503
-68
333
525
497
340
145
-63
-332
-655
-872
-751
-226
470
918
838
317
-285
-613
-533
-167
234
455
429
232
-5
-119
-12
321
721
987
973
744
455
217
14
-176
-301
-254
-9
298
465
435
306
246
304
345
181
-163
-430
-349
73
503
578
288
-50
-91
204
627
908
971
853
651
421
230
112
76
94
159
249
319
293
190
116
155
246
229
25
-248
-389
-329
-164
-30
27
90
244
455
571
483
227
-47
-214
-261
-243
-218
-204
-209
-218
-227
-229
-272
-384
-504
-481
-243
109
366
395
255
86
-48
-174
-303
-370
-291
-67
141
139
-125
-477
-690
-651
-457
-259
-156
-138
-133
-64
52
111
-14
-308
-618
-752
-664
-430
-158
91
252
247
44
-262
-452
-346
12
375
472
219
-176
-392
-286
-6
164
87
-126
-266
-274
-236
-260
-330
-335
-182
85
310
368
258
163
258
556
836
829
443
-123
-539
-628
-455
-213
-30
127
327
548
643
540
307
94
-19
-86
-183
-322
-436
-458
-358
-200
-90
-73
-74
4
148
172
-73
-488
-759
-668
-282
107
263
171
-26
-202
-296
-311
-270
-233
-233
-267
-278
-226
-114
46
244
436
518
387
52
-326
-541
-543
-427
-336
-307
-248
-52
240
446
413
156
-105
-151
58
350
540
553
440
261
45
-180
-323
-289
-90
143
256
185
31
-41
42
199
262
138
-133
-409
-649
-864
-1078
-1185
-1063
-669
-175
180
277
189
134
254
479
576
411
82
-155
-145
32
170
119
-104
-387
-583
-623
-516
-331
-121
65
174
152
7
-191
-344
-416
-410
-351
-247
-155
-138
-229
-356
-415
-348
-224
-147
-136
-110
-54
-51
-170
-327
-338
-114
179
289
111
-217
-434
-368
-7
490
891
977
742
366
120
108
183
126
-123
-398
-482
-298
32
298
334
118
-240
-546
-656
-545
-323
-115
-42
-146
-349
-458
-235
356
1013
1256
854
27
-626
-623
15
786
1126
815
171
-283
-247
125
458
503
356
260
344
502
548
380
126
8
204
643
1043
1088
690
47
-473
-604
-397
-125
-73
-276
-510
-501
-182
252
510
435
85
-333
-623
-673
-509
-236
41
265
450
578
576
364
7
-297
-313
14
474
725
576
133
-338
-625
-710
-656
-521
-314
-74
136
252
244
125
-52
-221
-321
-333
-266
-118
111
324
356
89
-380
-786
-882
-708
-487
-429
-516
-519
-231
242
540
407
-35
-396
-399
-177
-60
-211
-466
-561
-386
-55
241
380
345
191
4
-122
-146
-89
1
82
126
100
0
-143
-260
-316
-316
-302
-292
-282
-248
-175
-58
75
171
196
164
151
207
281
261
95
-136
-283
-257
-70
189
428
551
465
148
-264
-531
-463
-73
417
721
697
393
5
-271
-309
-114
189
411
415
198
-119
-380
-470
-351
-122
36
-25
-261
-442
-355
-78
101
-31
-372
-589
-432
-21
283
221
-129
-408
-306
175
710
960
801
418
87
-32
11
71
56
-46
-183
-270
-229
-66
107
141
3
-192
-289
-203
42
329
493
451
256
95
97
204
233
77
-186
-400
-465
-419
-333
-257
-189
-140
-112
-95
-72
-30
36
65
-21
-294
-682
-925
-742
-136
538
829
563
27
-323
-259
71
290
142
-247
-479
-267
275
701
640
135
-429
-659
-437
-7
256
141
-227
-519
-487
-162
216
422
389
223
74
38
100
202
283
338
369
414
481
538
496
312
38
-157
-136
92
369
511
426
195
-12
-60
38
179
266
282
248
180
78
-42
-142
-202
-224
-198
-97
75
243
337
338
280
179
-16
-317
-622
-750
-654
-440
-275
-198
-140
-44
70
156
210
240
227
148
51
12
69
169
208
121
-66
-254
-328
-227
3
231
362
390
422
513
631
655
523
262
18
-72
8
129
139
14
-144
-216
-217
-232
-301
-352
-282
-70
161
242
121
-90
-231
-230
-140
-46
-3
-29
-151
-356
-558
-615
-510
-344
-235
-175
-78
84
228
263
160
-44
-287
-460
-458
-267
-18
127
97
-45
-188
-253
-198
-22
204
346
312
129
-14
50
320
599
712
615
430
279
220
223
262
311
315
202
-30
-279
-368
-191
163
455
485
237
-83
-234
-87
276
594
593
244
-196
-344
-44
502
902
915
570
115
-203
-233
1
341
574
567
334
46
-119
-102
16
128
181
173
110
-30
-234
-411
-429
-272
-58
35
-53
-217
-288
-211
-69
32
66
84
122
196
299
375
323
66
-324
-632
-660
-414
-73
132
87
-120
-273
-213
17
222
244
95
-87
-206
-254
-285
-317
-317
-229
-71
73
84
-69
-297
-435
-393
-210
-58
-73
-243
-407
-408
-220
-36
-73
-360
-665
-707
-406
-21
110
-125
-495
-661
-456
-35
299
340
118
-158
-278
-188
0
125
116
48
38
100
123
4
-223
-367
-260
128
629
966
894
446
-85
-367
-315
-151
-116
-232
-317
-242
-55
107
158
152
179
224
173
-35
-301
-429
-301
31
391
582
481
146
-204
-320
-143
124
217
75
-126
-98
265
748
944
653
61
-388
-407
-100
205
252
37
-262
-431
-405
-273
-197
-236
-332
-378
-367
-361
-407
-449
-380
-143
221
579
805
802
598
303
118
157
367
539
494
220
-130
-377
-436
-325
-149
-25
-42
-180
-330
-370
-266
-80
87
171
184
171
147
78
-61
-222
-301
-231
-91
-30
-56
-20
212
547
707
493
73
-193
-71
318
636
621
282
-163
-445
-419
-139
184
275
17
-388
-557
-290
229
592
539
198
-102
-151
4
146
101
-139
-412
-531
-421
-209
-86
-187
-448
-670
-650
-416
-180
-201
-503
-854
-926
-625
-128
243
293
114
-41
21
260
471
463
288
148
190
338
395
250
-28
-282
-405
-369
-261
-201
-230
-242
-56
353
760
857
607
254
89
154
273
267
158
80
117
225
307
289
180
48
-45
-94
-169
-315
-498
-602
-553
-371
-151
31
187
352
503
532
357
15
-327
-487
-389
-102
162
200
-43
-398
-601
-492
-107
376
748
836
602
170
-216
-364
-281
-118
-65
-184
-328
-262
76
463
541
176
-393
-755
-655
-162
382
610
357
-213
-703
-768
-374
204
604
632
411
208
251
516
799
849
622
272
51
74
273
460
481
296
-37
-393
-677
-819
-847
-792
-687
-520
-321
-152
-7
181
479
786
881
602
117
-218
-193
62
230
137
-69
-122
39
222
227
48
-119
-104
118
415
660
763
686
427
83
-192
-270
-149
38
143
150
149
174
132
-71
-371
-590
-598
-423
-172
92
334
478
430
195
-106
-296
-278
-152
-106
-249
-474
-545
-315
89
371
302
-74
-528
-816
-850
-658
-350
-45
135
137
43
3
91
233
305
263
185
149
141
91
-40
-212
-276
-98
308
709
839
613
234
-27
-65
16
107
198
302
351
254
26
-171
-190
-58
77
122
104
119
204
311
346
288
190
96
-14
-144
-225
-130
161
470
543
307
-60
-274
-192
63
241
195
-11
-179
-159
17
179
158
-69
-361
-512
-422
-148
109
172
30
-161
-211
-63
141
205
71
-133
-192
-11
331
629
739
634
419
214
56
-99
-300
-499
-623
-625
-521
-330
-35
341
690
844
704
304
-200
-603
-750
-597
-288
-41
-23
-199
-459
-688
-879
-990
-919
-564
-44
358
384
38
-398
-587
-381
90
490
519
94
-555
-1025
-1003
-571
-94
61
-149
-457
-550
-354
-32
168
119
-102
-284
-246
7
287
379
288
199
271
438
516
402
202
79
91
164
244
322
431
548
667
759
814
768
621
435
310
252
177
25
-116
-107
93
361
500
391
85
-239
-396
-308
-52
204
323
272
192
239
384
401
89
-462
-909
-943
-628
-274
-166
-305
-486
-484
-236
141
465
592
492
230
-35
-150
-46
199
406
412
167
-233
-602
-754
-644
-363
-135
-112
-300
-536
-629
-477
-89
409
826
950
667
58
-571
-873
-728
-298
80
185
49
-122
-172
-103
16
145
292
423
453
313
77
-98
-103
35
170
165
36
-72
-72
-26
-69
-225
-353
-302
-61
236
419
385
180
-37
-133
-114
-103
-177
-234
-107
185
406
327
-32
-360
-352
5
427
614
480
218
73
124
232
276
277
320
374
322
122
-92
-162
-46
164
379
531
621
651
670
679
656
545
384
261
227
213
145
46
46
202
443
620
674
613
451
182
-157
-445
-538
-370
-47
232
313
196
16
-80
-26
130
300
403
425
386
318
221
99
-30
-143
-228
-272
-241
-147
-60
-149
-486
-829
-758
-51
988
1601
1184
-164
-1643
-2306
-1707
-170
1462
2361
2133
960
-567
-1822
-2374
-2119
-1188
78
1214
1739
1396
353
-859
-1666
-1740
-1084
32
1171
1843
1689
721
-603
-1616
-1844
-1235
-132
948
1565
1501
803
-248
-1231
-1729
-1497
-591
618
1585
1846
1258
78
-1149
-1852
-1695
-731
607
1735
2161
1749
724
-473
-1393
-1706
-1288
-246
1037
1994
2116
1295
-88
-1365
-1958
-1733
-955
-53
643
948
799
202
-663
-1455
-1773
-1366
-307
997
1952
2037
1118
-438
-1898
-2560
-2110
-795
746
1820
1996
1269
15
-1188
-1812
-1702
-1069
-367
74
188
113
-7
-116
-206
-254
-259
-242
-251
-282
-278
-182
-55
-13
-141
-374
-500
-326
92
451
496
253
26
60
312
517
445
81
-383
-678
-625
-254
170
345
170
-174
-346
-151
298
678
708
342
-135
-348
-132
309
556
352
-144
-523
-498
-126
268
387
133
-350
-803
-970
-769
-320
107
303
218
-43
-318
-466
-434
-267
-88
6
-49
-241
-464
-542
-399
-135
12
-81
-298
-401
-274
-1
190
135
-163
-517
-698
-584
-234
166
380
271
-85
-424
-510
-316
-62
34
-73
-242
-286
-120
155
326
253
2
-179
-105
159
356
321
121
3
124
444
751
866
717
439
236
275
505
767
892
853
681
414
78
-259
-487
-515
-331
-69
82
13
-196
-282
-45
433
802
734
208
-436
-778
-665
-269
51
63
-194
-463
-513
-305
-58
-21
-297
-719
-999
-914
-560
-231
-146
-236
-245
-26
303
497
453
266
99
29
21
4
-22
-4
123
331
520
560
380
17
-323
-398
-114
349
658
596
234
-168
-367
-290
-41
191
210
-49
-448
-718
-679
-373
-55
61
-35
-176
-240
-236
-281
-413
-558
-570
-401
-129
59
32
-153
-277
-174
103
296
198
-151
-496
-586
-356
-6
176
35
-298
-517
-404
5
462
721
668
404
127
-12
-20
-15
-75
-151
-136
-10
128
192
189
188
200
169
51
-135
-318
-452
-495
-440
-306
-127
70
236
288
183
-11
-121
-29
181
299
223
44
-67
-49
-1
-36
-135
-180
-99
56
201
291
376
489
603
616
485
255
53
-28
1
51
6
-169
-401
-539
-509
-358
-236
-226
-309
-385
-422
-434
-423
-333
-120
176
381
330
53
-222
-202
192
730
1021
854
335
-198
-463
-426
-248
-164
-279
-539
-739
-705
-410
-50
139
70
-126
-232
-138
63
183
143
29
-8
77
132
-29
-374
-629
-524
-71
408
572
379
65
-130
-167
-122
-42
52
106
58
-56
-100
1
139
142
-53
-344
-579
-641
-551
-401
-258
-98
90
228
201
4
-175
-133
177
587
845
767
407
0
-203
-139
30
95
-2
-150
-175
-6
225
289
105
-161
-214
66
494
738
616
213
-249
-570
-671
-563
-358
-190
-179
-317
-414
-254
169
596
769
640
453
430
547
568
395
159
28
-1
-61
-196
-257
-102
218
492
550
369
32
-336
-584
-583
-301
144
558
780
834
810
745
556
228
-117
-290
-225
-65
1
-91
-243
-293
-147
181
549
783
760
522
218
28
18
135
252
259
117
-90
-212
-110
201
538
660
470
69
-292
-407
-283
-102
-25
-42
1
191
476
692
733
579
328
107
10
23
75
111
140
179
245
327
408
432
361
201
21
-112
-193
-245
-263
-206
-72
75
118
-6
-238
-420
-458
-373
-288
-267
-265
-183
23
287
515
624
641
624
574
401
77
-272
-453
-386
-187
-22
94
245
462
624
578
282
-95
-309
-315
-279
-398
-636
-784
-669
-453
-416
-701
-1089
-1230
-911
-321
153
213
-100
-515
-741
-664
-343
38
290
314
158
-9
-58
7
76
35
-132
-337
-432
-398
-332
-314
-277
-86
254
503
411
-23
-522
-758
-584
-173
156
196
14
-125
-25
244
415
250
-228
-725
-882
-540
132
761
1008
774
212
-369
-683
-679
-506
-398
-422
-473
-397
-179
71
207
160
6
-99
-77
0
3
-89
-146
-47
177
362
377
211
6
-68
38
195
244
151
5
-103
-186
-277
-330
-250
-18
257
447
489
403
225
34
-66
-1
176
363
488
561
560
492
409
403
455
424
201
-133
-383
-369
-63
349
571
454
131
-92
-53
69
-13
-359
-710
-776
-500
-139
15
-81
-208
-159
54
226
193
16
-102
-56
64
112
54
0
47
179
288
275
111
-182
-504
-750
-821
-651
-228
326
759
842
545
90
-249
-339
-230
-109
-137
-328
-513
-501
-251
71
267
242
39
-236
-459
-524
-386
-121
126
230
166
22
-80
-61
68
245
385
452
437
351
192
9
-110
-109
-27
24
-17
-86
-77
33
157
224
234
257
318
392
425
386
262
65
-149
-233
-68
307
658
755
542
215
9
37
218
371
348
137
-131
-284
-242
-115
-73
-139
-153
68
494
826
739
238
-327
-587
-467
-250
-236
-479
-751
-794
-516
-72
281
378
252
78
-8
11
65
108
145
210
302
366
325
139
-136
-361
-398
-229
35
223
229
88
-76
-122
4
197
264
88
-241
-475
-419
-98
286
528
537
326
-28
-417
-701
-782
-638
-359
-66
199
441
665
791
787
671
515
335
105
-163
-360
-366
-203
-21
-19
-253
-597
-802
-718
-391
-77
-4
-165
-327
-273
-18
228
279
169
65
50
47
-47
-220
-318
-203
93
377
472
344
130
-9
-3
84
76
-154
-555
-874
-846
-417
93
272
-33
-558
-869
-727
-284
119
294
303
313
374
365
153
-181
-378
-223
222
692
913
837
577
280
27
-133
-169
-97
15
112
186
227
181
20
-177
-212
28
433
730
705
342
-100
-292
-73
392
720
618
196
-166
-174
105
327
233
-121
-451
-541
-382
-134
41
43
-116
-351
-528
-561
-444
-256
-75
63
156
223
273
307
289
170
-53
-287
-388
-295
-81
130
267
327
309
215
72
-53
-114
-139
-168
-236
-332
-456
-574
-604
-453
-149
154
222
-46
-478
-730
-596
-180
192
281
137
-11
-10
100
194
199
140
73
-5
-119
-242
-278
-171
32
232
360
396
327
154
-67
-227
-248
-155
-34
37
32
-29
-87
-106
-98
-119
-187
-284
-355
-392
-399
-410
-430
-438
-372
-190
71
283
315
160
-56
-156
-64
119
211
113
-100
-253
-225
-104
-75
-247
-509
-626
-442
-31
366
538
428
145
-139
-349
-492
-614
-681
-679
-618
-556
-485
-346
-107
159
335
372
299
170
23
-122
-236
-288
-259
-236
-320
-494
-571
-382
31
397
461
224
-96
-292
-309
-211
-72
13
-40
-245
-472
-533
-348
3
366
733
1115
1405
1336
771
-103
-828
-1027
-710
-191
191
305
288
337
534
737
738
451
29
-278
-328
-175
22
149
211
258
290
244
89
-111
-249
-262
-204
-171
-220
-312
-387
-397
-361
-302
-208
-40
252
623
929
965
707
319
85
129
342
492
449
250
77
79
279
522
598
406
57
-225
-301
-211
-95
-41
-11
66
214
364
424
330
119
-90
-195
-191
-154
-139
-132
-93
-28
21
31
22
18
17
-4
-54
-126
-192
-211
-140
20
190
286
281
234
202
167
75
-66
-176
-243
-332
-473
-555
-413
-30
353
449
224
-87
-198
-35
247
422
392
211
29
-32
46
166
187
51
-145
-236
-154
19
147
165
171
285
476
550
380
53
-193
-208
-54
99
158
135
79
20
7
83
212
271
156
-97
-299
-274
-33
244
361
255
35
-128
-155
-98
-78
-147
-211
-132
73
215
129
-131
-299
-167
170
405
324
-5
-247
-123
350
838
979
657
96
-351
-464
-271
34
256
353
398
466
514
405
63
-436
-863
-1025
-851
-434
60
433
534
352
28
-226
-287
-231
-210
-319
