0
0
0
0
0
0
95
376
749
908
483
-544
-1671
-2155
-1536
-11
1660
2594
2309
961
-743
-1961
-2130
-1228
203
1388
1773
1307
339
-668
-1390
-1632
-1297
-436
692
1650
2038
1664
659
-571
-1476
-1624
-864
518
1882
2509
2050
727
-833
-1969
-2286
-1706
-458
970
1930
1933
984
-404
-1566
-2038
-1737
-858
265
1233
1625
1204
55
-1351
-2349
-2385
-1345
339
1881
2552
2128
929
-491
-1639
-2200
-1975
-970
473
1686
2038
1369
77
-1139
-1695
-1384
-420
749
1638
1926
1524
546
-708
-1781
-2174
-1596
-218
1351
2360
2348
1343
-162
-1475
-1997
-1513
-370
743
1202
849
96
-456
-498
-182
128
210
140
107
193
310
295
66
-288
-542
-524
-251
56
179
86
-72
-64
209
676
1090
1205
899
331
-191
-409
-304
-84
29
48
145
413
693
700
311
-227
-505
-320
149
494
434
65
-265
-276
2
281
291
74
-85
22
299
470
370
119
-49
-50
8
-23
-163
-278
-219
2
206
170
-150
-533
-655
-381
111
463
443
150
-120
-147
32
198
176
27
-44
57
199
190
4
-246
-442
-565
-586
-429
-71
334
550
442
76
-324
-521
-442
-202
-10
20
-56
-97
-21
125
247
279
296
406
624
790
749
487
185
15
-23
-60
-139
-162
-11
272
448
291
-202
-768
-1090
-991
-590
-152
51
-50
-261
-285
19
481
772
680
319
-25
-162
-124
-50
-24
-40
-60
-119
-259
-453
-567
-456
-92
356
613
528
186
-119
-141
57
179
27
-283
-434
-249
85
230
37
-313
-563
-587
-486
-391
-344
-279
-177
-83
-56
-85
-140
-195
-275
-377
-406
-248
73
360
388
116
-249
-428
-290
68
427
588
503
260
12
-138
-213
-293
-452
-646
-765
-693
-452
-168
-16
-65
-195
-194
26
321
454
314
50
-108
-85
-2
-10
-125
-258
-321
-296
-201
-126
-174
-385
-618
-626
-285
245
635
645
284
-195
-483
-443
-186
28
37
-126
-286
-316
-206
-32
123
249
368
502
600
592
430
183
-20
-50
111
354
510
439
127
-311
-674
-799
-632
-312
-51
35
14
108
431
830
965
707
253
-5
107
411
570
441
143
-86
-103
89
362
583
660
591
422
227
52
-98
-228
-329
-359
-306
-192
-60
66
161
184
75
-160
-414
-527
-452
-277
-222
-404
-726
-900
-756
-376
-36
75
17
-13
37
46
-119
-406
-597
-499
-130
298
539
470
125
-327
-679
-767
-623
-411
-253
-107
107
330
355
66
-382
-673
-641
-360
-61
89
34
-164
-366
-408
-195
192
517
564
374
174
140
211
189
-17
-294
-443
-437
-389
-399
-416
-309
-21
343
585
588
380
142
45
105
173
56
-277
-581
-535
-105
388
539
243
-207
-428
-291
37
329
471
506
502
516
526
490
361
159
-40
-121
-42
97
134
48
-15
57
176
178
38
-39
125
437
609
461
71
-263
-288
-4
344
494
370
154
66
196
419
543
453
190
-106
-328
-447
-495
-474
-383
-233
-50
143
347
521
589
488
237
-66
-274
-278
-123
24
5
-164
-289
-197
71
298
347
264
222
298
392
339
128
-86
-150
-65
64
157
257
412
564
563
319
-95
-476
-622
-497
-222
7
81
55
67
159
226
114
-190
-506
-594
-395
-57
202
275
220
156
160
208
301
444
616
699
525
39
-514
-736
-419
230
702
616
54
-537
-755
-525
-158
-18
-207
-486
-522
-205
258
547
507
222
-84
-236
-182
3
184
247
171
27
-44
43
174
126
-190
-573
-672
-317
312
834
1022
885
621
393
270
210
147
47
-73
-162
-110
154
554
843
803
425
-21
-238
-158
40
136
67
-63
-113
-31
122
202
94
-201
-518
-641
-469
-99
258
432
369
101
-278
-585
-614
-331
69
262
93
-276
-521
-465
-192
55
110
-15
-172
-267
-304
-364
-462
-524
-435
-172
155
446
652
819
936
931
710
335
-18
-206
-237
-211
-186
-76
207
630
980
1089
916
585
238
-39
-219
-281
-205
15
326
634
795
730
455
84
-250
-447
-449
-247
85
377
454
308
95
17
120
264
266
86
-152
-335
-437
-534
-646
-692
-545
-228
86
231
200
78
-76
-274
-477
-527
-288
139
461
448
137
-153
-122
271
749
1017
950
678
376
188
150
228
312
275
73
-156
-214
-31
254
397
259
-40
-233
-119
253
659
850
770
512
245
64
-37
-118
-228
-341
-428
-463
-466
-431
-382
-342
-363
-430
-416
-180
267
702
831
522
-26
-443
-477
-173
166
257
22
-373
-616
-473
-29
364
410
149
-52
88
445
623
382
-137
-558
-600
-326
-23
73
-31
-137
-76
147
364
363
59
-420
-787
-767
-307
346
810
883
642
370
260
314
379
346
218
125
181
386
579
582
345
51
-63
43
172
55
-354
-808
-950
-664
-143
296
465
388
190
11
-55
-27
-23
-226
-647
-1073
-1187
-886
-340
131
323
191
-164
-589
-886
-932
-722
-363
36
447
825
1076
1065
785
347
-65
-320
-372
-253
-26
219
379
364
229
119
154
280
333
213
15
-85
36
329
571
508
71
-512
-875
-795
-396
16
172
26
-242
-369
-207
151
460
524
332
18
-240
-315
-221
-88
-79
-224
-323
-132
353
823
898
466
-136
-419
-176
345
663
484
-41
-482
-525
-211
188
432
521
574
625
558
341
103
59
244
436
364
-14
-467
-684
-508
-24
512
836
808
466
-14
-355
-351
6
488
790
733
385
-42
-339
-408
-275
-48
190
404
559
571
410
156
19
125
416
670
744
628
430
231
74
-33
-90
-106
-56
93
350
607
688
480
131
-79
9
262
358
105
-324
-548
-320
241
758
891
616
169
-155
-224
-94
83
213
286
339
371
358
279
210
243
323
253
-148
-785
-1286
-1269
-731
-28
375
279
-103
-360
-232
180
520
491
88
-420
-716
-649
-283
181
524
596
428
178
17
-24
-49
-145
-296
-406
-393
-231
9
195
186
-39
-333
-478
-354
-30
275
355
197
-26
-117
-32
113
178
143
84
105
228
353
317
49
-325
-558
-486
-193
87
201
177
114
51
-46
-181
-232
-76
215
392
247
-167
-574
-708
-494
-53
380
577
431
37
-313
-360
-73
330
538
388
-17
-390
-479
-246
119
365
347
99
-161
-200
6
234
178
-228
-755
-1057
-1009
-709
-384
-176
-56
97
356
627
673
334
-279
-806
-877
-398
315
776
716
262
-147
-165
184
548
580
227
-256
-542
-474
-137
222
368
204
-169
-493
-533
-276
74
293
319
247
168
91
3
-75
-110
-147
-241
-336
-290
-29
334
538
396
40
-195
-57
369
752
800
566
326
391
784
1193
1176
610
-174
-573
-269
478
1049
1037
516
-49
-254
-103
72
-38
-401
-747
-819
-607
-273
-17
62
-21
-145
-163
-24
181
299
233
13
-263
-476
-537
-398
-133
102
165
50
-104
-155
-101
-40
-57
-133
-184
-142
-5
168
305
345
272
118
-39
-123
-118
-68
-55
-113
-240
-375
-430
-326
-77
194
325
247
42
-142
-183
-57
132
222
100
-179
-395
-348
-13
427
721
701
393
-32
-339
-383
-206
9
92
27
-64
-67
2
35
-59
-258
-434
-433
-209
135
406
462
353
238
248
349
412
335
178
77
105
189
235
218
188
168
118
1
-141
-221
-156
63
301
348
80
-375
-713
-690
-363
9
182
113
-40
-84
33
188
210
44
-199
-339
-317
-209
-128
-100
-90
-68
-34
20
143
341
520
538
332
-19
-312
-362
-151
153
273
55
-378
-696
-643
-240
206
384
202
-173
-476
-522
-295
74
391
513
405
137
-140
-282
-238
-72
96
184
167
57
-91
-189
-175
-73
17
33
-28
-125
-187
-138
80
402
647
638
384
58
-103
5
272
456
372
45
-294
-402
-220
90
280
211
-53
-309
-407
-339
-195
-48
103
266
392
396
283
151
123
213
351
438
449
390
301
212
159
139
123
80
-32
-222
-457
-620
-571
-261
155
419
372
87
-218
-364
-301
-80
157
239
16
-460
-882
-884
-413
213
543
385
-78
-491
-728
-875
-1053
-1164
-1057
-682
-211
142
311
363
385
381
332
231
89
-76
-214
-249
-169
-66
-51
-122
-153
-43
170
353
500
681
914
1032
860
392
-119
-394
-377
-228
-150
-195
-256
-190
-22
83
-8
-227
-349
-215
45
146
-79
-481
-724
-574
-141
240
291
15
-298
-332
-53
271
359
190
0
-5
82
14
-330
-763
-991
-839
-415
33
287
285
110
-92
-208
-213
-187
-206
-279
-326
-296
-208
-149
-161
-218
-253
-228
-147
-26
113
209
192
48
-140
-271
-304
-320
-392
-552
-726
-820
-735
-483
-171
53
124
87
25
-66
-228
-441
-565
-459
-121
294
578
607
378
61
-117
-43
160
226
24
-238
-223
134
523
564
185
-265
-371
-51
398
598
397
-6
-277
-249
-40
91
11
-177
-262
-132
136
362
400
236
-26
-266
-415
-474
-450
-375
-283
-255
-331
-453
-478
-335
-91
74
42
-137
-291
-322
-261
-232
-293
-398
-436
-371
-253
-105
101
411
739
876
641
119
-375
-550
-360
-71
15
-168
-398
-415
-158
164
286
132
-139
-282
-177
97
346
421
304
122
24
77
211
275
170
-80
-346
-520
-554
-494
-398
-286
-131
55
192
171
-31
-317
-523
-507
-234
142
357
221
-196
-571
-597
-277
112
307
283
209
214
293
357
340
208
-49
-368
-601
-606
-408
-170
-68
-127
-237
-262
-134
120
397
553
467
134
-286
-563
-561
-316
-43
45
-94
-292
-310
-53
319
526
451
215
1
-134
-290
-518
-711
-682
-419
-94
45
-97
-401
-615
-593
-373
-151
-78
-145
-205
-125
93
312
371
222
-42
-269
-355
-293
-137
40
175
227
193
137
129
192
265
221
-16
-360
-586
-493
-85
405
681
692
596
557
523
341
-17
-290
-190
296
837
1082
905
490
101
-147
-298
-395
-380
-223
-5
93
-19
-200
-211
39
390
573
440
100
-201
-237
25
414
654
604
338
97
41
112
125
23
-67
-17
129
205
121
-41
-138
-142
-120
-136
-179
-189
-114
22
133
128
0
-192
-361
-464
-476
-433
-381
-370
-374
-328
-186
-12
77
-37
-350
-726
-936
-852
-519
-133
136
294
435
610
726
674
433
84
-259
-516
-613
-562
-441
-371
-373
-363
-249
-47
152
289
358
364
285
65
-294
-698
-954
-966
-764
-470
-163
144
425
595
567
399
236
197
252
283
199
38
-81
-46
150
408
570
552
381
164
-20
-151
-228
-234
-153
-13
124
165
47
-132
-163
90
498
737
571
116
-287
-348
-55
350
565
441
66
-310
-463
-370
-177
-103
-231
-392
-309
76
487
607
392
149
163
445
745
857
724
472
261
149
56
-108
-300
-350
-155
122
194
-63
-455
-645
-453
-46
249
212
-98
-388
-369
23
547
874
815
480
112
-88
-82
77
297
462
460
251
-81
-317
-268
36
358
447
250
-39
-183
-65
233
537
672
583
330
13
-296
-504
-484
-199
203
400
189
-256
-519
-338
154
538
505
130
-245
-354
-203
-6
48
-40
-126
-65
151
427
625
693
642
507
285
22
-180
-207
-55
113
110
-76
-266
-242
39
414
637
601
372
98
-115
-236
-268
-254
-239
-219
-122
81
287
328
148
-129
-324
-359
-262
-104
47
122
88
-11
-77
-32
113
272
345
265
31
-315
-657
-841
-737
-378
54
342
389
281
165
125
125
99
22
-49
-40
27
48
-41
-176
-188
12
347
616
709
636
501
366
258
170
97
24
-91
-249
-368
-327
-118
124
217
104
-134
-357
-440
-314
-13
309
484
450
253
-39
-370
-634
-746
-696
-589
-486
-342
-92
187
321
201
-96
-342
-338
-104
147
172
-79
-407
-529
-329
57
285
108
-371
-743
-630
-42
575
733
328
-301
-664
-507
13
492
580
226
-264
-479
-246
228
518
365
-98
-488
-550
-332
-69
73
88
56
19
-24
-72
-111
-133
-130
-88
-5
108
223
328
399
439
448
430
361
245
117
86
214
426
518
381
101
-81
-18
202
350
271
-7
-284
-352
-127
268
566
541
210
-183
-340
-154
207
447
360
-22
-467
-700
-584
-198
226
468
453
251
42
-25
113
367
536
439
82
-327
-569
-566
-455
-379
-355
-275
-60
235
504
649
661
558
388
196
38
-59
-150
-297
-507
-675
-681
-479
-190
14
17
-138
-308
-353
-202
110
484
765
852
717
495
340
301
262
109
-134
-302
-264
-63
138
190
62
-160
-322
-316
-152
57
190
199
115
-3
-104
-138
-76
72
235
360
423
453
454
454
477
565
677
661
371
-159
-676
-921
-806
-495
-203
-31
61
127
163
137
52
-47
-109
-106
-35
79
178
241
283
399
612
842
910
728
353
-4
-158
-115
-45
-111
-297
-418
-308
-29
188
125
-211
-558
-604
-301
97
265
113
-137
-203
-30
190
218
-8
-337
-531
-461
-180
148
376
436
328
77
-251
-548
-684
-590
-294
52
272
306
232
192
236
312
331
291
234
160
20
-136
-159
56
398
596
467
116
-186
-295
-280
-265
-255
-164
35
264
406
444
414
320
137
-100
-280
-267
-29
279
411
230
-162
-498
-552
-298
104
428
506
340
77
-76
-25
124
177
52
-145
-263
-250
-216
-268
-376
-397
-245
18
195
124
-148
-382
-372
-132
89
64
-188
-422
-389
-50
358
514
318
-30
-178
32
411
594
386
-86
-501
-608
-405
-77
186
304
281
143
-47
-189
-172
21
243
301
157
-40
-144
-160
-188
-248
-205
47
399
587
479
185
-29
-4
189
335
311
170
34
-37
-81
-139
-234
-353
-459
-471
-352
-160
-50
-107
-258
-332
-228
6
196
190
-16
-262
-395
-377
-332
-365
-471
-526
-452
-266
-69
57
129
212
319
362
265
56
-140
-221
-185
-82
-4
-27
-208
-486
-666
-552
-154
290
508
407
128
-118
-169
1
290
506
514
331
163
174
351
504
486
294
23
-234
-421
-480
-356
-69
181
171
-8
-4
396
925
936
74
-1222
-2011
-1618
-194
1429
2334
2096
926
-582
-1783
-2199
-1660
-411
967
1802
1704
769
-505
-1488
-1724
-1156
-120
914
1571
1668
1162
159
-1008
-1834
-1891
-1122
125
1309
1946
1803
952
-291
-1462
-2069
-1789
-702
682
1662
1764
1022
-111
-1096
-1564
-1412
-746
159
940
1268
1006
267
-633
-1344
-1586
-1259
-479
409
995
993
417
-450
-1194
-1464
-1109
-164
1081
2168
2576
2028
677
-894
-1973
-2056
-1106
461
1932
2634
2232
927
-669
-1787
-1901
-979
483
1691
1987
1230
-145
-1449
-2116
-1989
-1234
-281
429
590
220
-324
-611
-448
17
457
626
488
164
-171
-372
-389
-273
-212
-339
-676
-1043
-1212
-1027
-583
-128
102
76
-28
-9
158
310
328
248
225
320
428
383
176
-44
-126
-65
-15
-113
-317
-431
-255
215
650
630
76
-601
-816
-361
373
780
609
104
-258
-199
201
602
735
557
302
217
374
586
638
464
238
156
267
424
451
278
-2
-226
-266
-114
62
60
-149
-360
-331
-47
268
382
295
160
101
113
135
126
81
15
-23
17
122
196
149
3
-115
-114
-27
47
52
6
-63
-141
-206
-219
-134
52
287
471
515
376
121
-114
-226
-217
-153
-71
33
143
158
-4
-300
-551
-585
-360
42
466
787
903
814
582
385
346
501
721
870
851
671
372
36
-240
-350
-251
-69
1
-163
-464
-664
-574
-239
127
298
204
-12
-131
-73
45
78
27
29
158
288
233
-38
-352
-520
-475
-325
-202
-199
-298
-438
-523
-499
-364
-200
-87
-40
-4
37
36
-56
-201
-286
-231
-68
105
205
198
116
27
55
260
568
767
746
567
432
424
428
266
-146
-690
-1141
-1252
-1001
-572
-248
-142
-182
-233
-264
-293
-364
-477
-619
-710
-640
-352
36
305
345
233
165
232
314
217
-92
-426
-559
-413
-144
35
58
33
90
226
348
369
350
386
517
646
660
499
234
-6
-104
-34
127
247
216
24
-234
-416
-435
-291
-63
150
277
292
211
72
-119
-350
-556
-604
-422
-89
194
275
167
-5
-127
-163
-122
-39
56
135
198
246
274
254
181
83
-27
-163
-320
-423
-356
-85
231
357
197
-119
-321
-232
31
176
18
-328
-543
-409
-9
368
507
394
208
124
179
258
282
278
315
362
286
18
-296
-407
-264
-65
-68
-304
-543
-526
-245
83
242
198
103
118
229
270
57
-397
-836
-925
-585
-61
248
150
-159
-299
-67
387
689
566
106
-334
-418
-113
260
318
-46
-558
-813
-607
-129
246
232
-140
-609
-858
-740
-331
95
274
162
-44
-119
-21
51
-91
-395
-597
-459
16
583
918
843
408
-105
-384
-260
168
563
600
228
-293
-634
-651
-459
-238
-57
119
311
456
497
423
324
282
344
461
561
564
471
332
227
175
173
198
256
328
390
402
361
275
125
-109
-372
-523
-461
-226
-41
-89
-348
-581
-547
-198
290
651
743
593
382
268
288
336
307
193
101
116
224
315
304
182
21
-97
-125
-81
47
272
581
839
894
676
302
-41
-286
-479
-684
-836
-795
-479
3
419
572
416
55
-334
-564
-508
-189
211
433
329
42
-128
20
391
667
587
186
-267
-504
-449
-228
-18
69
37
-75
-224
-350
-374
-286
-161
-107
-142
-151
-18
238
458
509
377
147
-91
-303
-462
-507
-372
-72
266
455
370
55
-293
-485
-462
-307
-127
45
217
361
396
289
95
-57
-78
-16
-5
-102
-218
-243
-163
-101
-150
-252
-251
-70
206
401
388
196
-31
-181
-240
-266
-280
-297
-327
-442
-641
-799
-717
-350
132
456
466
238
-30
-192
-224
-201
-193
-192
-126
60
309
447
317
-2
-244
-221
-13
81
-122
-435
-482
-136
335
529
303
-107
-352
-315
-136
14
87
127
151
113
-21
-135
-66
200
453
404
-23
-546
-743
-438
146
552
478
34
-388
-462
-177
184
321
131
-238
-511
-477
-128
333
630
602
355
129
79
142
201
230
271
291
158
-173
-481
-449
4
600
883
598
-70
-642
-697
-192
515
936
800
212
-413
-666
-437
42
413
471
312
161
172
297
345
165
-230
-641
-811
-604
-115
392
629
467
47
-320
-401
-207
9
21
-180
-391
-469
-434
-395
-376
-326
-209
-102
-90
-169
-242
-259
-235
-220
-217
-188
-102
48
233
375
370
222
58
58
246
428
371
103
-119
-102
71
151
18
-157
-130
153
493
611
366
-115
-519
-582
-284
151
457
501
310
56
-78
10
240
454
534
498
400
246
17
-254
-464
-534
-455
-270
-26
242
472
576
487
283
122
94
134
93
-85
-280
-321
-181
2
86
55
6
18
29
-73
-324
-597
-710
-552
-207
124
270
206
50
-58
-12
195
435
499
255
-203
-586
-637
-349
65
365
437
332
168
27
-79
-146
-140
-40
109
185
96
-162
-472
-693
-713
-527
-214
101
319
449
539
616
609
452
162
-127
-270
-273
-249
-275
-292
-205
-17
114
46
-169
-325
-262
-16
240
355
340
296
292
292
257
186
147
177
218
166
-30
-289
-457
-416
-172
155
417
505
402
164
-38
-41
173
421
451
171
-258
-564
-619
-481
-316
-226
-210
-194
-122
-1
141
271
358
356
285
216
274
481
712
758
549
198
-127
-343
-505
-647
-694
-525
-161
213
392
308
70
-152
-227
-123
106
333
381
155
-272
-666
-802
-605
-242
34
83
-24
-163
-278
-416
-572
-642
-500
-188
114
214
74
-205
-456
-591
-592
-487
-297
-86
63
76
-36
-163
-189
-45
229
521
678
620
376
70
-183
-294
-220
10
265
340
127
-268
-581
-618
-386
-64
166
243
218
135
-2
-194
-378
-416
-199
184
472
423
40
-366
-448
-93
475
888
889
520
32
-299
-365
-258
-144
-121
-155
-151
-57
79
153
116
16
-54
-42
30
105
186
299
420
438
261
-74
-402
-551
-477
-257
-25
115
133
73
11
-12
16
88
131
41
-229
-556
-717
-567
-231
29
26
-193
-430
-497
-347
-63
260
544
724
714
493
141
-144
-200
-22
225
349
266
75
-53
-15
137
311
447
556
612
580
439
235
25
-147
-243
-237
-144
-27
60
83
28
-74
-147
-129
-40
33
32
-10
-33
25
181
386
509
375
-62
-623
-981
-956
-614
-189
138
254
117
-232
-598
-771
-682
-511
-438
-475
-472
-316
-26
208
185
-120
-482
-611
-401
-22
264
334
237
70
-112
-303
-477
-549
-422
-120
193
327
227
48
-5
70
85
-152
-582
-950
-996
-741
-397
-176
-107
-125
-164
-203
-216
-154
0
141
128
-89
-391
-567
-467
-97
377
733
795
570
213
-21
11
254
490
511
267
-117
-438
-593
-591
-543
-506
-483
-416
-293
-146
-48
-39
-73
-63
45
202
258
101
-210
-455
-447
-191
114
262
238
178
209
306
305
73
-307
-564
-507
-194
82
91
-126
-325
-275
49
457
672
556
195
-171
-345
-303
-151
-23
18
16
56
156
224
146
-76
-284
-309
-102
226
491
538
377
149
42
115
250
266
69
-260
-511
-486
-198
138
255
76
-224
-385
-325
-160
-63
-84
-157
-194
-201
-225
-283
-322
-300
-223
-110
34
251
520
750
803
662
427
237
131
41
-105
-272
-338
-241
-42
166
330
444
471
331
9
-342
-489
-287
182
680
948
836
361
-239
-626
-563
-110
431
745
726
458
142
-46
-17
159
319
334
207
30
-156
-356
-548
-617
-490
-220
-21
-45
-228
-343
-235
39
294
385
374
403
524
601
470
116
-275
-468
-418
-263
-230
-408
-689
-832
-645
-136
442
755
619
134
-380
-616
-457
-17
443
664
536
156
-273
-573
-723
-761
-734
-625
-439
-206
-33
-16
-165
-358
-429
-298
-99
-44
-255
-611
-855
-779
-412
39
337
371
194
-44
-205
-232
-198
-202
-338
-573
-767
-740
-430
50
484
692
668
510
331
169
59
37
93
134
-11
-387
-840
-1072
-944
-554
-169
29
34
-42
-85
-42
96
274
394
364
168
-116
-393
-579
-629
-513
-250
77
309
318
106
-178
-364
-371
-257
-131
-37
53
176
296
334
238
37
-172
-284
-246
-80
121
280
367
451
581
740
807
681
356
-1
-178
-78
190
384
323
68
-148
-133
86
351
516
569
539
416
172
-124
-318
-269
14
329
425
219
-129
-344
-274
-44
92
-17
-281
-475
-434
-189
88
261
304
271
201
104
-6
-92
-123
-131
-163
-211
-199
-72
128
297
352
303
203
139
167
290
415
415
235
3
-89
-20
36
-121
-461
-749
-757
-530
-280
-168
-161
-182
-213
-310
-451
-565
-583
-543
-488
-439
-373
-289
-182
-33
154
327
403
348
192
17
-106
-168
-198
-185
-82
95
227
206
62
-63
-73
-30
-43
-101
-92
59
284
431
389
168
-128
-379
-496
-473
-358
-240
-162
-114
-60
-39
-123
-302
-429
-346
-48
297
494
492
362
165
-81
-348
-537
-525
-276
34
150
-3
-231
-204
193
754
1097
1013
572
54
-283
-345
-212
-44
48
63
73
142
245
349
427
509
585
586
420
81
-318
-577
-531
-184
273
557
490
135
-260
-456
-386
-134
162
406
527
475
249
-19
-148
4
388
793
953
763
326
-83
-239
-117
111
229
150
-71
-305
-465
-508
-435
-261
-51
109
191
229
265
271
198
55
-87
-161
-180
-186
-234
-336
-462
-515
-415
-171
44
49
-161
-380
-357
-27
457
832
913
654
251
-11
74
412
698
675
385
66
-76
-34
75
133
106
24
-49
-68
-28
25
-41
-305
-729
-1096
-1160
-798
-173
385
611
484
191
-61
-207
-286
-359
-414
-413
-327
-157
57
273
437
498
414
176
-160
-470
-603
-512
-277
-42
106
217
371
545
592
437
164
-50
-124
-138
-198
-298
-332
-254
-124
-62
-121
-251
-336
-294
-127
59
136
-6
-347
-690
-760
-467
-3
318
349
224
159
272
504
685
632
321
-65
-219
-8
391
637
540
187
-145
-236
-100
63
33
-227
-521
-576
-305
111
347
226
-133
-435
-482
-301
-66
79
106
61
-8
-72
-157
-295
-477
-593
-541
-321
-120
-118
-285
-387
-223
162
490
500
238
-17
-23
189
411
470
378
240
79
-151
-481
-812
-928
-641
-29
560
737
394
-155
-456
-285
192
532
392
-170
-723
-798
-284
453
882
749
228
-288
-518
-456
-257
-135
-202
-416
-574
-493
-178
116
144
-69
-260
-205
58
295
310
147
-4
-11
92
163
101
-90
-309
-435
-386
-208
-31
-23
-222
-496
-627
-504
-194
99
209
98
-135
-326
-339
-193
-33
-14
-134
-192
-1
407
764
824
547
124
-221
-350
-250
14
310
449
300
-50
-340
-292
133
672
943
802
415
155
231
544
774
682
280
-205
-520
-572
-434
-282
-233
-275
-286
-148
127
372
394
177
-96
-178
4
279
381
203
-127
-336
-243
98
445
573
424
138
-97
-142
10
233
339
265
117
22
-26
-170
-455
-719
-729
-436
-2
345
475
368
85
-250
-469
-457
-233
50
238
299
277
223
145
41
-73
-201
-343
-531
-736
-889
-876
-719
-533
-434
-391
-300
-118
61
131
120
137
234
333
351
276
166
60
-64
-221
-297
-139
191
402
291
-18
-163
36
375
503
274
-160
-514
-569
-329
10
219
222
153
177
321
445
415
221
-20
-181
-209
-127
37
244
460
615
674
615
483
331
197
74
-37
-105
-101
-41
-5
-54
-189
-338
-408
-332
-94
231
501
571
410
121
-122
-206
-173
-146
-192
-250
-208
-30
175
246
140
-36
-117
-36
120
202
157
53
26
134
326
472
517
480
426
361
225
-23
-310
-477
-377
-10
426
651
496
36
-432
-604
-415
-59
238
399
516
635
685
543
269
50
52
246
449
476
274
-64
-385
-547
-474
-183
149
297
156
-154
-381
-359
-146
69
133
37
-67
-10
237
495
553
362
118
43
190
399
514
483
370
238
100
-51
-195
-281
-294
-252
-185
-100
-18
26
-16
-137
-309
-473
-579
-560
-399
-150
68
176
181
139
89
38
-48
-193
-359
-436
-353
-147
36
85
58
95
280
530
676
586
305
-7
-191
-203
-105
14
131
264
424
550
566
429
171
-123
-360
-464
-445
-358
-320
-381
-473
-444
-228
76
273
255
68
-154
-266
-186
41
251
305
209
142
231
419
520
449
271
138
120
129
17
-220
-406
-329
36
417
467
112
-371
-569
-303
201
530
542
427
492
762
953
749
164
-474
-781
-604
-102
392
593
431
81
-199
-224
-9
282
459
490
461
456
431
310
103
10
201
587
823
635
76
-462
-597
-319
42
164
21
-167
-194
-40
163
270
206
7
-198
-259
-137
48
131
14
-260
-557
-709
-626
-339
-26
128
86
-22
-36
71
204
263
229
128
-37
-258
-488
-629
-605
-397
-43
353
673
800
685
361
-103
-600
-1013
-1187
-1058
-683
-294
-96
-124
-222
-238
-147
-36
26
22
-36
-131
-214
-226
-156
-103
-160
-295
-359
-248
-10
189
213
101
6
65
268
485
561
461
263
143
201
423
653
698
450
39
-256
-234
38
294
321
188
114
228
423
435
95
-474
-913
-933
-538
-48
204
124
-114
-256
-179
29
172
141
1
-46
130
452
669
592
247
-117
-254
-149
1
-14
-204
-391
-389
-178
97
269
266
133
-30
-122
-94
1
54
16
-42
41
314
532
353
-330
-1167
-1627
-1396
-712
-81
159
79
-52
-64
11
63
104
215
377
441
301
25
-203
-264
-186
-62
49
125
122
8
-177
-320
-329
-197
3
183
262
188
-20
-253
-380
-337
-175
13
164
252
277
240
178
125
132
213
368
526
615
574
462
376
341
265
34
-325
-631
-683
-450
-72
235
330
196
-69
-298
-352
-240
-98
-87
-228
-395
-432
-286
-22
256
445
454
246
-79
-321
-314
-72
190
250
75
-165
-272
-189
8
200
298
250
81
-105
-177
-91
11
-47
-283
-505
-480
-146
278
477
299
-120
-500
-630
-459
-74
280
329
-140
-991
-1753
-1880
-1129
241
1597
2263
1919
761
-598
-1499
-1592
-955
47
977
1452
1259
433
-683
-1624
-1997
-1695
-860
234
1240
1784
1595
694
-537
-1506
-1731
-1066
208
1477
2065
1577
189
-1482
-2671
-2843
-1865
-49
1894
3120
3045
1740
-134
-1670
-2208
-1645
-392
932
1793
1948
1424
427
-715
-1604
-1861
-1269
28
1495
2406
2239
1005
-724
-2114
-2516
-1765
-289
1152
1953
1938
1341
489
-362
-1007
-1217
-857
-34
890
1437
1266
346
-945
-1941
-2042
-1060
594
2135
2805
2310
913
-751
-2000
-2411
-1916
-845
290
948
857
230
-394
-582
-329
-16
33
-176
-385
-379
-146
151
313
231
-38
-327
-471
-448
-337
-238
-169
-80
70
235
311
230
29
-159
-210
-77
174
385
398
181
-129
-333
-330
-163
60
218
223
96
-33
4
223
473
570
473
264
51
-105
-222
-329
-432
-461
-363
-159
2
-11
-169
-289
-165
220
678
926
847
532
228
107
142
158
-25
-405
-788
-910
-687
-262
133
360
487
610
722
689
443
72
-204
-226
-18
239
388
390
320
248
215
212
270
402
541
540
363
131
30
104
188
101
-153
-383
-463
-414
-347
-297
-247
-190
-191
-276
-359
-309
-107
129
248
186
6
-169
-273
-302
-286
-222
-121
-24
16
-5
-2
106
309
483
480
247
-74
-254
-179
45
181
99
-138
-355
-361
-69
415
800
771
270
-391
-769
-719
-454
-321
-433
-610
-589
-318
32
237
205
27
-120
-122
-5
120
162
107
-1
-100
-138
-68
107
324
471
432
167
-207
-468
-463
-236
45
249
347
340
231
61
-97
-192
-251
-290
-264
-122
99
278
266
9
-355
-567
-437
-25
328
291
-146
-634
-734
-289
432
947
951
496
-38
-275
-105
254
523
575
543
576
685
705
507
114
-270
-429
-296
3
268
374
354
301
283
278
283
313
422
591
706
615
312
-43
-242
-217
-80
14
33
51
95
96
14
-78
-36
174
403
446
227
-146
-444
-475
-267
-36
-31
-275
-583
-724
-610
-291
70
297
288
102
-79
-115
-22
77
125
161
233
303
326
304
338
466
579
487
132
-333
-637
-594
-256
151
379
324
93
-100
-113
16
127
105
-55
-271
-484
-642
-699
-598
-355
-55
195
326
365
363
397
476
547
500
318
97
14
130
301
294
43
-283
-414
-227
160
493
582
404
125
-42
0
148
249
248
211
190
151
43
-110
-231
-283
-266
-179
-15
174
275
205
0
-139
-25
335
698
773
448
-80
-468
-471
-118
306
482
288
-118
-437
-459
-208
119
298
230
2
-191
-171
75
367
467
322
95
-18
13
21
-133
-391
-548
-444
-98
354
730
886
734
399
126
147
424
700
716
395
-146
-675
-929
-815
-462
-172
-121
-227
-273
-137
118
294
222
-128
-583
-846
-694
-182
381
675
594
327
131
104
138
129
96
136
259
364
342
164
-109
-380
-531
-508
-354
-215
-183
-236
-271
-268
-277
-380
-549
-673
-614
-342
44
337
370
136
-194
-390
-330
-101
105
122
-59
-283
-350
-139
270
645
744
537
199
-33
-66
38
161
183
29
-277
-565
-639
-442
-139
58
40
-133
-304
-313
-174
-55
-155
-455
-760
-854
-695
-364
1
271
319
110
-266
-611
-766
-668
-412
-146
11
46
26
25
84
190
264
208
-21
-336
-566
-574
-427
-299
-315
-407
-418
-254
12
230
328
331
321
326
363
415
494
576
607
508
308
124
36
-1
-124
-369
-621
-696
-560
-317
-124
-42
-5
89
265
416
432
293
110
2
6
67
109
91
23
-45
-36
83
295
505
637
643
570
467
374
279
170
50
-68
-168
-210
-140
-36
-68
-354
-754
-974
-808
-401
-62
35
-18
-13
140
319
324
124
-112
-231
-241
-285
-417
-519
-423
-125
208
433
517
506
408
201
-93
-331
-358
-144
171
379
352
177
65
165
406
570
491
203
-117
-349
-477
-559
-601
-540
-310
-20
112
-86
-518
-915
-1016
-871
-693
-650
-658
-566
-325
-82
5
-70
-162
-118
96
352
455
325
68
-138
-210
-238
-321
-414
-363
-121
172
334
308
235
262
366
382
245
66
15
116
190
58
-270
-581
-631
-332
133
442
395
80
-212
-260
-97
81
161
185
233
282
271
190
145
216
332
330
136
-149
-341
-332
-181
-32
32
44
67
112
140
122
89
86
114
133
112
57
33
97
244
378
409
314
212
222
356
483
440
173
-193
-445
-471
-322
-184
-187
-279
-283
-83
241
489
505
267
-127
-480
-579
-322
161
505
402
-146
-795
-1137
-973
-479
-8
176
85
-77
-122
-23
116
160
57
-128
-251
-213
-38
141
208
189
185
287
456
580
542
359
143
10
-22
32
161
331
428
310
-36
-478
-810
-923
-792
-483
-111
164
237
155
59
80
215
353
375
214
-104
-442
-605
-459
-60
357
542
449
215
29
-29
-12
-11
-82
-198
-295
-310
-256
-193
-171
-162
-101
31
176
254
255
220
181
122
48
-1
-1
9
-57
-220
-368
-341
-146
45
5
-298
-626
-656
-271
322
763
805
519
162
15
158
470
705
687
410
34
-254
-314
-120
207
447
404
69
-344
-564
-492
-240
-49
-66
-265
-468
-511
-349
-76
171
295
272
142
-24
-156
-214
-198
-127
3
188
383
488
428
208
-58
-238
-249
-98
119
268
286
212
133
75
7
-86
-130
-49
159
390
530
506
385
288
324
454
527
402
137
-68
-23
251
507
469
126
-262
-416
-287
-57
91
103
24
-90
-182
-204
-146
-76
-59
-128
-255
-390
-454
-410
-279
-130
-3
135
310
466
480
284
-52
-333
-389
-237
-51
-8
-119
-240
-218
-67
67
64
-57
-164
-153
-47
44
67
71
138
260
292
92
-292
-612
-622
-288
149
389
318
61
-171
-252
-169
18
185
197
-16
-351
-584
-538
-259
51
192
108
-130
-381
-537
-540
-459
-397
-465
-639
-751
-599
-174
301
529
388
32
-265
-347
-246
-98
-1
-14
-141
-313
-395
-301
-85
41
-75
-346
-503
-397
-131
47
10
-108
-86
136
387
467
321
109
21
105
234
241
81
-135
-243
-199
-94
-39
-43
-35
24
55
-44
-283
-524
-631
-550
-386
-264
-273
-385
-456
-319
38
415
517
230
-245
-554
-522
-255
18
166
181
91
-60
-181
-161
13
197
231
74
-174
-356
-358
-208
-43
-54
-294
-644
-870
-814
-472
-5
378
530
430
143
-222
-538
-673
-578
-313
-62
21
-102
-324
-501
-526
-386
-144
69
141
20
-227
-430
-424
-195
99
235
115
-201
-534
-738
-730
-554
-318
-148
-79
-47
33
184
341
405
310
80
-174
-313
-264
-93
50
61
-30
-90
-22
138
254
236
108
30
127
344
457
290
-93
-373
-273
185
675
827
508
-23
-342
-170
379
890
961
572
52
-210
-101
213
474
583
570
496
363
156
-106
-336
-419
-304
-54
183
277
228
140
115
147
134
-5
-241
-442
-487
-345
-83
179
354
405
319
97
-166
-303
-199
75
276
214
-73
-362
-451
-303
-80
21
-49
-150
-67
257
669
909
811
397
-127
-506
-554
-271
122
335
227
-85
-339
-355
-199
-63
-64
-139
-119
84
342
410
184
-173
-384
-320
-94
90
130
60
-40
-104
-104
-47
45
152
238
239
118
-81
-207
-136
134
453
665
682
507
179
-246
-649
-886
-848
-611
-348
-211
-192
-172
-56
125
258
268
174
62
3
29
117
248
389
501
517
397
158
-102
-263
-257
-106
106
287
389
398
342
255
151
21
-56
43
359
714
849
639
279
60
139
410
604
492
51
-496
-865
-886
