27
143
537
1194
1892
2233
2112
1984
2183
2157
1842
2076
2597
2501
1831
1670
2123
2145
1801
1943
2249
1958
1412
1761
2301
2183
1670
1759
2231
2230
1933
2122
2569
2642
2331
1929
1624
1403
1571
2173
2520
2128
1186
1141
1983
2333
2037
1551
1674
2047
1979
1813
2105
2276
2063
2185
2644
2633
2058
1627
1932
2430
2732
2720
2389
2023
2162
2593
2647
2209
1761
1708
1902
2207
2367
2165
1878
1943
2061
1989
1911
1866
1729
1708
2040
2319
2192
1928
2020
2137
1942
1910
2309
2516
2364
2337
2516
2370
1814
1537
1847
1999
1863
1915
2028
1653
860
525
692
504
347
263
332
790
932
607
312
583
569
365
604
789
647
373
233
126
198
296
393
753
1136
1230
907
331
193
408
311
272
476
533
400
425
704
721
319
238
512
330
401
787
818
592
472
341
66
284
315
209
256
259
398
530
411
133
90
186
224
202
198
278
283
382
625
714
638
661
665
395
272
557
505
152
297
502
474
318
188
300
369
292
242
190
117
311
508
638
651
451
122
432
597
443
215
376
520
491
341
154
70
269
385
407
430
458
394
304
458
759
925
815
493
195
25
191
247
170
176
56
296
497
295
394
1023
1299
1072
589
312
156
280
722
839
611
658
951
1119
1150
967
554
152
145
135
52
67
118
291
539
688
586
282
386
614
557
461
633
689
551
400
235
357
492
305
88
277
236
361
566
587
486
399
354
279
235
316
404
460
492
520
533
533
470
255
125
424
480
284
294
429
408
586
936
1111
957
503
108
575
707
516
452
678
778
697
512
306
207
222
345
388
263
336
454
315
89
119
98
42
190
558
793
717
400
230
295
215
418
748
828
604
490
681
647
306
232
483
473
362
366
337
292
390
515
668
755
637
379
369
503
674
798
609
184
449
557
281
402
661
508
206
582
810
799
812
869
688
219
339
718
900
1033
1026
720
257
25
111
415
590
513
349
296
244
217
428
641
704
605
424
269
70
253
600
810
831
701
536
428
391
328
207
122
216
416
529
451
380
567
753
892
927
762
459
171
159
461
606
510
308
210
464
717
720
445
329
561
516
130
498
842
810
644
611
456
106
442
721
622
154
442
746
647
465
590
640
457
300
415
542
632
714
685
565
527
433
181
243
191
478
863
777
437
743
907
675
338
22
377
687
672
384
606
967
932
526
74
472
691
571
153
463
750
732
606
457
448
649
674
526
533
626
613
561
512
442
432
417
240
97
251
154
277
539
513
255
314
598
673
477
444
670
640
353
263
477
612
632
532
397
317
209
202
421
544
462
275
320
517
675
757
734
591
360
87
201
485
691
715
555
323
403
726
809
492
35
209
172
405
480
261
303
372
281
452
519
398
601
892
840
399
273
760
936
792
595
598
598
501
581
762
771
560
244
15
146
235
286
262
228
231
324
506
726
857
743
440
281
221
286
425
360
303
474
631
700
529
93
606
881
634
391
706
635
269
566
758
634
562
577
535
590
537
232
431
770
810
634
446
352
242
201
386
481
311
149
628
896
769
331
215
621
691
339
405
929
1068
889
813
749
378
463
985
1135
899
544
258
190
560
845
804
447
214
295
159
151
230
110
66
115
76
206
295
264
335
549
647
674
788
819
607
380
487
640
727
643
334
336
694
904
968
864
553
192
95
120
179
221
276
390
399
494
746
756
395
170
577
784
902
990
972
722
376
451
509
288
312
456
293
211
704
1083
1192
1006
637
241
140
303
351
275
114
328
667
837
735
513
508
615
614
504
278
181
448
530
378
164
89
181
374
487
466
408
411
464
560
683
734
600
350
303
365
290
107
113
336
529
567
337
196
461
504
535
662
500
293
773
1028
979
945
952
870
783
767
774
654
383
185
261
295
387
448
329
355
584
541
340
702
1018
907
522
337
153
365
900
1034
701
428
636
598
432
583
618
451
435
514
449
532
856
953
645
231
444
498
331
382
429
295
436
638
497
172
410
446
188
51
166
504
655
383
254
654
663
334
135
214
121
136
75
170
397
381
61
434
808
828
592
718
954
891
732
718
647
491
428
407
510
810
1017
946
696
625
716
579
183
233
367
138
366
815
951
685
185
307
550
545
345
69
162
269
221
226
699
1186
1318
983
374
158
381
268
185
592
917
1008
846
522
222
449
831
1084
1067
789
377
94
349
519
540
443
423
516
549
467
264
166
393
412
213
268
396
361
478
735
844
799
830
902
840
645
329
212
499
591
472
208
167
461
526
336
211
378
376
221
187
249
344
463
455
554
843
930
758
672
548
239
700
988
714
202
481
525
223
193
439
543
583
628
587
355
242
587
723
553
459
777
990
894
525
195
593
863
809
475
77
366
473
444
621
807
744
545
606
841
930
761
393
191
475
637
618
441
198
69
126
419
675
836
969
1014
810
346
174
494
466
140
269
547
662
696
646
554
430
201
263
384
207
348
551
329
334
866
1011
688
170
343
464
280
102
454
599
435
455
811
835
450
278
554
545
443
933
1492
1592
1121
374
448
736
759
634
298
190
536
492
208
558
817
682
312
517
850
833
499
219
351
289
49
388
637
701
604
412
238
229
187
105
341
478
365
57
290
412
255
71
327
307
117
519
736
560
161
321
433
318
197
370
560
571
472
415
350
225
114
113
124
190
232
76
216
393
248
181
617
767
507
267
704
855
546
64
388
379
112
353
544
520
475
567
547
323
319
560
547
217
248
543
555
411
181
256
755
1076
1087
855
585
445
446
517
600
692
674
421
414
829
879
410
419
912
902
519
293
179
192
565
608
267
259
632
742
667
591
548
416
440
620
560
300
312
395
343
268
310
452
451
255
110
188
243
357
365
231
393
579
462
195
203
89
372
772
894
696
348
472
914
1257
1188
611
183
572
296
535
1110
1146
774
551
466
214
99
76
404
759
937
924
723
398
133
38
218
396
469
454
402
270
93
281
478
554
572
628
622
408
51
367
498
321
47
277
298
191
192
89
228
488
584
551
533
560
449
131
408
680
654
453
389
433
329
123
354
574
580
373
169
215
100
192
398
329
233
396
378
419
806
1061
987
647
332
375
383
263
245
228
120
109
191
304
342
253
281
435
436
216
140
407
466
374
270
249
382
479
377
179
222
302
292
246
229
208
185
393
635
678
494
202
73
306
446
415
486
714
704
376
137
400
365
94
275
482
509
355
58
265
462
487
434
400
410
415
354
192
28
145
368
649
757
552
210
314
366
222
222
277
367
699
904
723
240
283
417
215
376
655
621
298
253
532
574
408
170
175
283
242
108
156
272
326
330
323
298
197
128
330
525
607
567
437
291
253
526
765
711
391
146
142
155
492
603
374
524
933
899
364
341
706
564
160
329
416
352
272
127
104
268
434
522
468
327
214
231
352
440
453
391
311
274
249
156
205
419
533
549
608
694
609
268
187
449
378
101
218
402
483
453
366
271
39
464
882
902
492
300
543
460
382
555
729
960
1248
1418
1308
884
335
143
346
407
414
410
410
520
752
900
765
385
250
448
408
284
268
385
625
765
716
702
934
1110
954
480
174
412
486
599
649
454
256
440
546
473
281
265
364
274
260
328
284
528
736
573
224
397
455
283
348
354
143
377
633
844
946
716
188
402
752
951
1019
839
414
193
463
440
190
92
222
246
289
388
445
403
301
237
265
277
255
253
282
281
218
204
286
353
349
252
285
472
518
462
554
729
835
806
725
639
424
168
87
188
475
548
466
653
751
514
339
603
701
527
323
330
339
344
259
174
496
561
385
527
619
508
624
660
421
471
614
418
154
301
250
58
109
81
237
374
356
346
436
423
239
28
269
439
505
451
445
544
520
387
463
534
370
90
80
115
322
498
530
519
594
760
902
899
692
369
108
243
539
889
1078
891
385
375
621
450
71
337
521
544
416
388
648
743
529
267
281
194
155
429
631
657
437
111
88
232
400
266
237
764
949
743
494
521
531
389
229
215
172
204
556
901
1038
964
847
786
612
472
610
598
365
265
310
346
346
234
383
647
693
448
53
515
856
926
786
555
235
239
615
710
455
146
428
584
470
170
314
564
664
635
400
99
608
804
494
244
745
828
494
369
525
400
289
621
896
908
695
487
401
338
459
616
635
624
672
606
365
205
207
137
325
418
246
81
317
371
299
234
126
245
549
651
458
158
270
398
358
227
392
592
496
110
418
688
693
601
641
858
975
814
482
231
551
964
1108
906
498
187
565
785
581
444
809
786
260
390
633
359
198
574
623
460
397
387
238
284
554
673
635
578
570
533
453
340
181
94
19
161
294
302
198
142
309
374
240
189
271
128
257
517
482
176
247
492
563
521
452
399
396
418
405
308
135
114
269
424
726
1007
1050
845
578
383
306
479
727
844
745
469
163
350
654
811
766
550
371
485
629
624
525
458
429
396
365
337
271
401
746
1001
1037
864
560
184
218
529
665
582
406
342
418
525
563
464
291
196
135
200
444
628
659
524
241
97
288
268
266
390
411
398
451
570
669
514
99
681
1028
858
428
391
422
184
355
650
587
207
313
476
372
261
144
318
665
712
497
540
609
392
159
210
464
747
861
744
539
443
449
424
385
429
402
158
378
640
606
558
649
599
499
447
234
183
451
383
107
590
889
819
504
455
755
863
693
477
470
465
256
120
395
376
124
378
540
431
279
248
117
255
558
702
618
362
45
302
514
486
224
345
561
406
291
554
575
530
612
506
155
267
567
733
731
508
123
326
597
648
571
626
784
806
644
382
193
279
292
78
254
515
601
514
270
224
623
840
744
409
172
355
405
345
301
327
366
262
84
348
409
172
202
481
583
569
525
503
468
394
308
214
45
206
425
491
347
36
362
718
885
750
385
274
461
444
306
242
377
501
418
158
99
187
139
90
126
307
382
270
364
617
711
652
534
381
262
210
126
74
259
436
520
428
171
125
232
126
145
379
538
564
421
341
514
540
309
44
374
697
892
835
629
487
358
420
665
601
205
484
781
677
319
151
243
354
626
733
521
240
299
109
384
770
689
229
576
794
523
355
702
770
679
748
681
288
276
483
251
235
585
590
460
514
610
679
633
381
90
294
288
53
230
334
256
145
88
17
152
273
337
418
517
491
438
501
447
197
136
303
442
540
613
753
806
598
309
353
275
149
419
421
144
458
708
569
282
426
443
153
306
483
389
527
775
753
649
645
473
499
834
808
305
454
1098
1332
1053
469
573
1006
1054
786
486
383
370
276
83
245
507
697
772
699
526
355
272
218
161
324
557
694
682
535
354
219
105
168
380
497
357
120
532
808
852
812
798
699
497
338
258
484
765
758
412
140
344
230
185
539
661
489
162
260
378
226
94
308
249
102
281
311
368
546
626
568
492
487
579
718
737
460
180
685
939
822
518
304
321
346
296
255
259
312
331
221
118
246
264
198
274
371
438
613
862
945
752
354
182
372
407
308
140
351
565
471
93
339
535
529
602
610
457
530
690
743
818
893
876
789
554
231
351
563
589
466
297
385
581
601
397
291
549
684
608
416
221
297
592
751
641
378
313
360
296
252
197
71
371
568
553
577
658
508
180
187
432
663
714
463
200
544
673
539
445
432
321
182
112
348
514
444
349
421
341
292
523
560
303
110
464
561
350
258
497
379
161
685
932
772
380
332
520
546
542
586
665
772
694
277
342
807
835
497
176
65
188
427
389
95
381
524
326
170
439
652
832
785
396
371
811
913
676
359
281
336
294
144
68
189
229
230
254
433
713
846
684
351
188
281
237
114
441
678
634
358
60
121
190
455
631
476
48
353
408
168
388
594
516
567
909
992
631
123
407
460
254
8
223
311
194
278
585
693
537
368
564
674
500
312
480
526
306
227
434
412
303
475
539
337
227
381
323
55
336
662
797
629
231
344
617
675
565
286
307
752
986
885
565
388
335
178
469
657
533
306
206
240
476
597
387
350
845
951
535
14
401
1075
1681
1712
1613
2029
2203
1914
1922
2336
2622
2741
2798
2701
2304
1869
2099
2575
2440
1715
1465
1975
2105
1750
1492
1578
1629
1653
1728
1588
1154
1215
1834
2027
1674
1489
1861
2036
1905
2019
2207
2059
2073
2503
2633
2248
1858
1903
2039
1906
1587
1566
1887
1974
1598
1129
1436
2023
2129
1689
1392
1834
2128
1809
1184
1009
1214
1276
1306
1409
1467
1528
1750
2095
2410
2590
2565
2281
1918
2003
2353
2259
1800
2037
2733
2858
2343
1835
1885
2052
2095
2202
2271
2000
1699
2113
2645
2567
1994
1682
1911
1892
1254
274
560
779
455
304
579
637
506
224
178
480
571
408
211
481
883
1177
1239
1035
695
375
190
80
137
262
479
636
492
274
656
855
657
388
503
423
163
796
1210
1112
642
437
497
467
680
633
171
708
947
482
376
840
673
134
650
1000
1041
961
820
567
305
230
380
587
641
508
440
379
270
564
695
379
258
621
489
177
661
824
596
388
383
312
353
408
352
433
628
681
524
271
84
97
150
164
172
199
155
67
141
200
298
362
254
17
196
221
235
561
747
539
288
734
878
547
165
451
453
240
221
226
100
162
259
265
377
560
586
365
72
519
843
931
816
601
452
392
502
736
899
877
687
390
139
312
456
438
317
84
304
739
988
908
576
296
298
271
184
133
212
325
258
43
144
192
318
451
410
388
539
562
421
304
367
571
756
774
585
373
427
415
180
75
113
105
341
438
353
252
387
529
509
311
138
398
668
885
1030
1013
806
569
484
465
429
328
346
739
1142
1265
1037
600
258
199
464
788
890
714
473
477
627
726
695
598
688
773
558
233
316
275
429
737
798
702
596
414
174
78
117
275
484
567
470
369
422
472
546
649
664
539
415
408
328
138
141
326
532
630
511
418
547
541
311
151
390
511
423
179
130
381
568
606
424
129
253
362
329
262
197
162
142
87
87
166
249
279
277
359
365
129
300
597
582
445
374
85
435
776
689
362
321
272
136
206
143
363
543
469
458
609
581
397
209
291
671
937
888
581
327
439
485
353
351
406
295
180
154
334
586
606
335
90
413
496
343
147
244
299
120
403
835
934
694
601
675
422
160
371
169
400
735
582
180
459
475
118
365
447
228
573
830
694
483
437
233
409
800
932
751
336
226
482
476
318
153
96
212
234
411
604
581
603
948
1201
1087
686
439
556
558
681
955
940
533
323
656
724
533
263
66
135
315
485
516
433
517
637
554
466
627
687
530
334
232
182
216
198
424
697
683
452
387
333
129
240
390
551
590
308
283
817
1076
939
561
442
567
667
806
784
507
269
361
364
316
273
160
117
224
365
512
541
389
185
125
95
224
458
710
931
996
834
516
172
330
581
703
874
1014
823
313
487
906
945
655
428
573
596
381
327
466
368
223
293
211
400
667
592
289
380
514
486
444
380
259
138
116
233
350
391
339
233
175
294
615
1033
1284
1141
648
515
824
821
577
482
507
373
104
359
602
497
61
419
617
497
322
236
52
353
572
501
296
367
324
87
446
618
515
382
348
367
401
322
252
360
413
458
543
565
576
675
721
693
664
690
708
673
637
730
857
780
417
135
506
600
426
156
229
470
694
866
887
732
492
439
508
370
48
289
355
232
110
125
434
498
200
336
551
391
276
432
408
273
151
99
129
158
131
96
187
160
223
456
471
398
710
859
568
318
592
505
102
388
484
253
192
375
428
539
659
559
223
362
653
647
446
238
84
235
403
438
338
308
391
435
528
450
86
702
1105
978
640
741
707
194
521
937
807
341
544
750
525
285
521
544
315
350
575
586
407
214
452
810
927
659
116
458
689
489
64
348
415
207
177
286
291
397
705
973
936
610
327
278
127
234
497
562
382
272
593
754
568
218
56
331
751
985
798
319
138
366
438
440
486
440
108
547
1023
1151
944
566
260
494
630
422
206
519
618
509
519
578
502
416
380
244
12
261
455
543
509
401
258
19
298
522
548
470
405
292
270
474
577
507
377
193
175
486
615
492
325
377
487
525
446
274
83
71
147
156
336
603
728
618
406
351
338
212
59
71
226
456
654
667
408
270
588
638
372
177
379
444
446
494
516
491
439
330
113
165
327
251
167
491
707
713
561
284
110
466
650
645
627
611
456
164
135
270
272
251
276
326
503
704
648
230
359
776
819
636
532
543
515
390
299
509
596
366
162
322
249
275
433
514
572
569
567
604
532
522
631
505
123
370
740
928
829
459
294
564
619
483
315
354
693
955
920
628
299
272
410
483
499
404
276
651
1032
989
561
502
667
465
595
1076
1273
1116
789
598
526
341
79
208
273
159
121
343
420
352
519
829
899
637
242
111
85
219
335
295
507
866
981
709
199
351
567
502
397
478
594
678
816
922
757
235
476
919
853
368
289
655
746
699
663
591
434
295
294
250
16
416
797
995
1009
943
767
442
65
242
388
335
136
297
503
575
516
315
355
585
460
169
565
568
117
692
1060
935
523
97
362
725
944
981
861
669
447
236
137
171
150
159
255
321
294
217
219
337
487
494
263
259
560
642
504
258
36
146
277
461
571
483
227
100
251
265
334
597
745
604
318
230
231
334
577
708
593
251
283
656
825
759
501
150
226
363
371
369
356
301
158
136
478
704
722
640
614
633
597
459
244
58
184
243
389
634
753
667
438
161
117
291
278
58
265
454
347
34
375
505
444
539
544
293
622
994
960
626
327
307
347
286
404
685
792
687
598
572
540
498
407
556
861
849
458
497
815
745
456
340
335
269
334
558
710
720
628
432
121
212
375
395
439
459
365
218
176
586
952
995
755
432
190
500
770
688
347
240
304
171
144
240
309
500
628
522
253
463
785
827
582
219
244
436
577
625
514
422
554
698
730
680
624
564
486
480
533
437
163
112
168
85
353
576
610
451
334
457
482
376
311
277
278
311
279
308
309
85
365
622
525
235
418
656
873
1127
1217
1065
811
695
585
338
255
370
395
502
576
411
83
166
214
227
224
140
303
496
592
663
713
633
397
163
178
191
251
328
351
491
655
600
317
208
291
242
421
567
476
275
161
160
192
201
207
282
433
467
321
285
309
116
332
678
837
803
824
988
1005
753
368
159
292
384
271
130
432
585
535
472
445
334
361
545
617
681
872
1002
844
364
280
717
726
260
560
1257
1451
969
145
628
623
160
848
1174
841
173
323
433
561
768
701
418
260
346
551
646
446
132
295
436
743
1118
1207
915
473
487
663
613
436
272
360
653
852
851
692
528
620
760
704
637
773
799
514
43
517
803
789
596
455
573
782
822
733
784
847
611
136
339
647
795
784
600
330
86
288
660
888
789
415
225
466
499
330
126
233
398
407
220
508
973
1169
1024
649
433
708
866
708
565
633
441
69
398
410
222
61
441
960
1209
1020
556
294
381
346
195
85
129
175
289
394
373
210
153
392
596
680
603
403
313
426
425
271
249
368
378
308
235
167
160
271
408
424
257
141
331
383
255
205
444
618
592
475
639
912
931
685
548
721
719
400
190
470
448
134
239
432
424
403
530
684
716
545
212
128
318
375
443
485
433
241
133
507
650
435
95
283
357
492
595
360
195
756
1007
845
463
136
33
92
141
142
169
279
336
240
145
316
379
303
280
321
263
293
530
645
509
256
130
99
207
262
466
771
856
705
504
374
303
262
255
329
460
569
584
544
492
439
475
741
944
743
206
630
922
661
194
324
280
182
351
233
260
489
351
344
703
642
153
430
661
449
92
262
318
488
649
516
207
435
650
612
422
250
166
151
210
286
359
476
596
592
539
578
584
494
395
215
122
507
741
675
337
37
163
37
291
335
341
794
1112
1016
574
153
348
411
290
106
88
251
344
366
372
393
428
600
855
953
778
448
421
609
549
189
282
579
533
275
345
479
389
134
176
440
566
491
258
255
360
227
389
826
1019
857
533
519
674
664
534
348
151
101
305
481
527
435
297
222
243
301
379
442
392
211
170
256
200
201
296
328
363
463
515
416
228
360
561
636
636
496
237
490
836
917
693
363
160
87
503
837
816
469
69
147
102
88
231
275
200
54
214
347
313
134
305
731
1141
1305
1069
638
577
672
532
294
269
373
424
411
414
499
492
247
172
531
652
552
423
294
183
544
846
783
368
201
360
222
624
1054
1090
718
201
209
264
138
394
647
656
419
132
134
158
251
359
345
214
124
140
235
538
812
806
470
34
323
411
366
264
281
505
689
638
343
206
369
375
508
640
630
660
676
477
124
146
93
257
588
614
305
248
424
246
159
481
545
414
324
327
253
94
72
110
171
419
646
711
580
326
140
270
497
562
313
167
496
617
707
708
407
190
426
486
624
704
464
154
565
880
935
660
280
591
738
414
193
458
287
216
547
392
280
811
839
311
775
1308
1166
501
299
635
554
297
178
308
523
623
495
207
196
210
192
342
268
69
423
530
335
30
390
589
508
177
223
445
458
405
300
81
128
242
562
975
1070
680
117
441
419
168
385
422
195
264
431
427
334
198
471
834
907
660
382
463
570
455
144
381
733
859
803
687
420
178
691
1012
966
645
270
266
663
889
756
318
206
521
600
545
465
354
287
298
226
223
410
421
193
113
285
302
363
393
205
139
336
322
556
835
756
431
238
120
347
635
663
441
312
461
420
142
250
531
719
826
707
291
414
759
652
216
270
493
456
274
113
277
510
600
477
255
96
201
491
753
839
845
907
898
878
1006
1023
737
325
269
299
174
127
139
350
577
582
399
222
199
343
452
388
142
341
571
471
262
259
233
447
507
447
776
998
831
415
89
268
352
307
237
331
461
472
378
290
255
214
134
101
297
558
793
905
828
610
364
200
200
353
513
541
359
15
332
522
515
421
368
220
235
641
829
641
162
395
775
853
619
255
331
420
283
212
255
232
331
287
84
477
578
236
397
756
669
365
608
799
599
477
790
801
376
370
769
735
410
474
698
716
799
952
867
495
77
249
484
692
797
747
545
477
679
821
883
911
836
588
328
413
547
507
512
800
929
622
193
439
407
158
240
191
79
140
40
325
545
556
382
158
125
456
771
920
839
565
252
217
275
245
283
326
292
237
200
133
76
372
607
673
635
604
567
520
500
435
262
211
328
293
157
117
315
594
699
473
171
372
313
95
537
864
1003
944
684
309
135
234
207
104
92
267
403
499
580
586
452
194
130
417
540
455
472
777
921
774
501
229
100
274
277
209
338
439
314
48
305
360
217
162
261
432
534
493
413
372
312
229
97
219
430
398
136
447
663
554
481
571
408
279
535
593
470
493
784
967
750
243
499
784
703
523
576
611
445
190
200
276
212
289
480
531
467
476
472
311
346
628
766
864
924
671
95
472
668
593
625
646
522
371
196
343
709
886
733
304
282
657
763
600
317
44
261
591
844
930
942
991
928
571
49
359
390
208
478
630
403
96
553
712
636
821
1099
1004
672
680
803
702
583
560
696
1013
1198
1064
690
408
265
123
362
447
323
202
272
438
517
422
293
239
180
193
291
436
561
601
666
782
841
774
620
440
410
547
589
462
288
180
222
556
822
800
458
243
472
387
66
358
456
331
223
330
572
592
130
662
1288
1326
827
279
264
330
500
548
296
144
495
608
491
233
135
477
671
625
475
428
303
277
603
755
675
534
411
210
316
601
684
495
95
426
830
950
668
60
573
875
793
611
362
377
1167
1631
1406
719
82
215
302
426
457
312
99
144
239
380
473
343
44
215
273
187
93
230
376
327
62
295
527
505
266
38
228
286
215
178
344
394
384
441
327
167
440
448
240
462
626
498
305
375
541
657
637
539
494
506
417
127
337
651
685
478
385
581
703
680
673
741
744
595
395
274
321
448
455
290
50
326
628
768
717
617
553
362
173
485
594
378
171
357
365
196
201
309
252
153
318
439
435
386
321
358
514
481
204
360
550
385
190
504
647
669
833
809
333
998
1882
2115
1886
1994
2319
2338
2270
2413
2480
2215
1779
1690
2057
2375
2334
1877
1262
1289
1868
2141
2028
1901
1875
1757
1648
1785
1979
1969
1772
1669
1833
1936
1856
1926
2070
1841
1576
2109
2789
2854
2235
1731
2415
3176
3108
2354
1851
2090
2209
2007
1893
1935
1937
2041
2244
2202
1889
1759
1920
1885
1707
1974
2419
2468
2232
2236
2479
2517
2231
1980
2082
2175
1939
1487
1067
876
1026
1385
1689
1774
1631
1470
1612
1982
2245
2239
2088
2174
2629
3002
2916
2428
2036
2132
2367
2410
2254
2000
1727
1429
933
242
436
592
329
117
209
310
464
450
291
321
420
295
67
327
491
584
604
403
192
457
500
345
312
238
312
540
491
111
422
780
742
313
213
479
371
238
351
266
373
685
708
342
261
588
585
565
615
355
179
569
597
450
532
529
207
351
803
985
822
360
245
743
951
849
621
519
448
303
181
26
407
823
1021
875
477
190
361
494
679
827
742
443
203
244
279
518
739
702
455
360
454
346
229
504
650
628
544
365
151
245
305
224
185
359
458
463
451
362
336
432
372
225
276
379
540
758
875
758
477
236
323
573
824
936
881
691
414
79
260
487
527
454
488
487
248
209
380
184
435
822
740
249
562
858
669
496
802
774
333
606
924
781
457
322
525
943
1160
968
562
331
252
238
273
125
303
510
481
286
99
103
139
68
110
325
487
544
546
597
602
463
400
401
274
492
741
639
241
194
415
383
292
325
242
111
528
766
679
515
569
441
43
373
377
278
693
842
629
716
1029
961
500
49
314
297
309
533
647
578
597
846
918
620
115
322
430
420
518
485
374
582
781
725
490
311
314
423
591
711
634
341
44
273
289
205
188
203
177
108
166
319
459
497
474
506
464
238
277
529
509
266
126
43
328
654
757
611
299
87
297
291
170
197
152
59
215
317
409
541
675
696
572
423
470
580
488
142
333
658
717
597
532
522
402
245
325
401
422
453
436
338
296
514
746
772
600
419
209
273
799
1084
927
520
517
717
658
404
191
280
555
799
765
413
287
436
237
204
545
599
409
222
148
29
149
262
281
214
420
647
526
131
469
638
462
190
131
242
301
210
51
174
63
340
706
774
469
162
470
583
591
711
733
495
284
448
467
308
234
299
289
133
260
611
848
850
619
322
224
140
33
97
132
419
575
443
245
457
738
901
765
404
509
752
748
732
759
694
687
878
995
836
495
361
432
341
320
611
778
704
505
448
799
1019
798
241
382
675
597
381
289
146
258
508
557
393
261
496
677
607
320
406
770
930
905
838
766
604
353
292
401
441
552
672
620
419
297
368
412
565
807
854
617
240
109
124
146
379
434
181
285
679
752
574
573
661
474
79
335
447
285
295
565
640
441
235
479
693
744
653
453
204
56
156
460
767
865
717
438
327
489
537
377
333
611
773
695
479
301
206
86
80
121
85
305
497
503
374
443
626
632
465
299
425
656
750
689
624
618
518
341
422
559
531
456
495
584
655
686
696
591
284
96
333
485
680
802
847
846
681
455
417
707
1121
1299
1009
435
188
213
101
520
750
671
344
58
292
324
335
505
640
644
576
469
397
438
465
402
339
357
347
164
256
507
542
754
1105
1108
709
184
159
197
18
189
320
406
433
274
324
764
927
683
535
870
1015
801
482
636
851
793
545
409
537
593
423
248
386
408
239
65
194
414
570
491
223
187
351
508
666
709
579
309
71
118
212
572
927
1015
876
718
706
736
619
325
269
447
494
434
253
102
359
455
370
369
507
599
607
587
581
542
470
457
390
336
450
453
372
518
621
458
132
149
198
90
270
683
950
845
518
464
396
114
297
305
110
240
251
186
255
288
279
221
155
216
336
375
318
312
358
378
536
751
822
653
239
345
771
850
552
124
275
365
257
124
141
342
569
628
480
322
341
328
359
539
637
552
432
461
487
395
247
188
290
289
107
343
622
678
512
372
516
578
341
195
506
403
146
799
1139
973
503
223
293
270
326
410
425
403
307
86
197
343
223
309
672
783
574
284
288
458
620
657
500
198
132
285
245
199
340
451
347
77
687
1156
1182
826
583
598
495
345
283
484
756
823
626
383
353
391
509
610
459
60
363
553
472
301
302
367
324
139
159
412
496
385
258
294
285
184
126
127
177
321
367
238
303
491
423
98
286
528
539
393
368
539
717
784
638
467
629
685
517
738
1099
1126
848
540
335
190
498
792
779
459
41
254
403
609
829
847
563
104
344
587
590
364
52
237
384
497
514
352
89
178
369
419
249
95
407
517
397
181
10
188
392
495
455
594
876
879
486
134
297
270
627
895
739
294
119
305
329
316
406
534
552
538
540
366
393
827
1054
929
592
288
35
285
535
480
127
284
455
366
189
94
206
214
93
469
758
719
350
116
319
265
552
850
741
340
211
174
171
450
521
496
534
544
507
411
240
66
117
371
580
602
450
265
99
84
226
270
276
309
296
184
148
388
486
309
303
626
676
435
343
444
327
82
205
287
239
237
380
498
574
698
739
558
301
227
198
491
741
707
566
573
537
419
465
639
757
629
264
332
534
389
124
359
445
300
102
232
360
420
452
423
308
243
252
173
347
503
398
134
99
107
146
146
232
481
587
508
414
411
444
497
444
208
152
372
371
185
68
162
74
121
218
121
300
582
669
559
393
361
577
735
635
320
368
679
671
272
282
655
717
665
682
699
644
564
489
391
193
159
389
438
307
243
356
378
315
292
265
377
719
1001
994
607
31
548
703
485
173
367
620
705
582
312
73
247
483
624
610
525
532
747
1117
1412
1335
803
442
930
1046
717
304
222
365
606
811
904
921
803
474
84
283
330
255
343
432
375
270
338
396
278
145
255
269
207
193
222
342
463
463
377
304
244
347
522
687
933
1035
757
369
681
838
613
492
564
302
387
894
1001
774
600
456
115
310
562
621
578
498
364
170
238
495
595
448
130
205
339
298
209
181
199
163
29
241
442
487
345
84
180
359
425
373
233
217
303
275
296
394
318
214
398
457
310
193
245
336
497
559
487
671
975
927
456
154
543
555
366
439
516
310
89
340
358
258
196
81
201
264
176
343
435
247
242
478
573
558
390
141
203
212
117
143
164
142
172
239
240
144
226
340
207
167
544
720
684
563
403
354
649
895
862
618
356
257
286
216
91
249
288
299
347
179
170
406
344
249
462
516
625
927
992
664
279
435
477
292
289
466
532
525
531
536
405
83
439
935
1250
1203
774
286
436
551
541
605
542
292
547
890
941
807
639
394
186
246
297
664
1028
1058
786
438
225
153
111
186
409
559
516
354
340
471
542
485
332
245
224
127
132
362
584
734
723
514
335
461
462
228
148
160
182
595
830
718
483
536
633
594
505
377
177
357
697
877
816
611
407
303
356
576
825
856
568
276
655
933
863
555
260
208
347
444
374
412
487
411
640
945
907
552
308
504
653
545
168
208
305
355
685
782
616
746
885
572
385
909
1064
785
614
827
834
659
635
524
436
768
871
533
43
495
636
538
562
655
580
495
581
596
461
313
321
314
172
91
226
328
413
461
429
343
265
222
205
71
273
617
679
317
429
887
779
289
708
973
698
279
835
1302
1314
923
457
243
204
197
228
349
458
462
396
358
306
172
163
277
255
19
502
1091
1465
1383
919
373
296
496
502
349
294
295
98
286
515
439
169
148
69
181
282
195
678
1117
1116
703
278
339
251
271
562
680
689
752
781
666
519
483
566
609
436
225
573
779
639
344
488
725
685
404
126
186
221
452
673
658
554
771
908
631
141
302
354
358
412
356
458
642
625
543
727
840
679
526
514
324
375
672
614
172
404
766
772
537
295
201
189
198
263
393
565
703
669
361
205
571
682
628
653
641
465
253
144
164
215
201
221
355
286
178
675
936
765
355
264
362
632
904
775
191
574
1043
1037
672
270
46
179
398
521
470
248
87
362
451
345
209
337
533
579
437
241
121
24
136
172
122
303
525
643
654
673
844
924
686
205
255
479
426
208
86
284
340
131
409
915
1126
917
553
534
508
216
140
336
410
480
466
348
293
309
365
513
627
649
530
270
69
374
596
673
581
566
673
621
448
346
268
271
424
577
659
593
392
142
71
302
568
766
801
669
465
504
702
664
374
391
590
528
266
139
438
685
706
456
135
212
288
299
182
222
644
895
832
543
291
252
250
304
647
1064
1281
1128
723
345
74
283
601
638
351
84
307
336
287
207
245
499
637
462
143
626
854
552
231
776
797
254
481
780
536
503
845
748
299
534
818
664
270
418
625
601
489
369
200
80
412
686
821
896
931
789
414
150
540
698
556
317
172
126
409
657
749
800
874
790
515
373
432
272
235
480
449
236
281
316
368
538
527
243
226
642
816
678
380
263
285
198
277
498
629
633
537
418
357
377
509
653
786
941
949
728
366
64
180
413
776
1036
947
644
593
499
110
731
1086
871
272
321
562
419
258
500
522
168
393
781
775
398
141
380
302
26
351
590
715
704
508
210
187
266
168
21
125
123
40
41
173
416
634
715
653
483
257
74
297
467
453
297
239
363
468
565
665
621
338
163
528
696
652
530
474
492
503
431
314
314
265
66
423
673
664
571
672
857
918
798
517
270
542
867
976
811
469
128
25
140
455
743
869
795
549
216
63
153
248
253
163
423
562
422
430
613
496
431
907
1161
959
482
202
405
509
488
361
250
244
375
567
609
370
399
851
972
640
107
322
429
340
227
192
292
427
436
228
181
446
431
195
511
855
866
618
578
850
973
855
665
573
530
419
204
92
362
529
570
611
682
631
399
374
706
910
851
604
289
101
280
276
255
486
563
325
112
478
590
460
453
646
646
418
264
351
357
350
418
563
714
626
370
664
935
867
733
697
484
88
246
322
175
247
500
627
544
328
360
465
364
187
149
68
126
283
352
469
649
782
826
777
693
746
766
565
343
481
535
356
163
172
128
40
140
321
424
389
372
479
515
391
187
103
303
456
435
236
143
155
192
439
524
705
1178
1439
1236
708
243
122
310
527
533
380
363
401
321
312
394
374
339
502
736
897
821
443
417
856
925
567
82
379
532
615
870
1166
1244
1054
679
229
218
522
543
300
234
498
663
759
750
638
632
811
886
717
397
223
362
401
273
188
339
381
248
363
675
817
753
573
422
312
285
380
321
252
600
774
526
168
747
1084
993
702
573
441
187
363
510
365
183
401
382
124
289
232
164
564
674
638
765
812
683
606
580
499
535
673
636
468
546
690
537
104
442
678
548
378
598
748
639
325
92
348
393
230
147
392
549
482
183
249
543
612
523
413
293
199
193
277
431
587
653
660
775
865
658
356
772
1042
794
215
325
497
524
686
747
635
487
312
131
104
250
554
723
678
678
709
497
335
544
566
381
80
289
515
425
90
314
473
366
154
238
325
288
301
387
341
322
574
697
535
385
581
704
608
361
297
463
361
198
598
681
319
175
383
459
889
1288
1300
922
379
50
175
303
349
94
480
892
884
481
267
488
461
505
724
709
392
155
392
422
204
194
528
714
733
613
382
164
242
241
310
569
718
626
304
169
568
750
705
601
459
198
214
273
85
320
439
474
730
780
409
417
876
961
701
455
460
408
275
244
169
261
456
432
280
246
190
50
131
326
393
199
218
604
748
640
438
226
93
350
492
518
627
724
639
497
418
224
60
211
185
116
181
342
369
219
438
730
745
559
406
346
333
395
367
258
330
412
308
190
428
634
639
431
133
208
356
434
502
499
296
197
622
805
648
334
217
293
258
153
216
274
181
21
223
322
320
315
271
85
199
385
314
38
406
598
481
265
331
344
201
195
463
706
747
534
198
132
360
493
501
418
349
427
560
562
442
333
426
714
867
653
170
402
560
338
153
462
534
360
52
292
568
612
382
165
297
245
316
567
613
478
339
177
258
618
1059
1418
1482
1521
1782
1849
1816
2141
2316
2036
2018
2493
2789
2832
2864
2753
2293
1785
1904
2335
2330
1801
1537
2036
2333
2073
1838
2257
2653
2377
1636
1660
2343
2480
1906
1351
1849
2498
2583
2236
1973
1886
1620
1393
1696
2129
2305
2111
1619
1393
1921
2402
2321
1916
1997
2528
2787
2553
1984
1465
1417
1667
1746
1621
1560
1793
2223
2508
2330
1681
1066
1236
1663
1909
1889
1628
1609
2027
2173
1885
1963
2494
2586
2044
1441
1430
1696
1926
2133
2177
1931
1695
1750
1754
1660
1906
2210
2073
1817
1900
1775
1051
216
734
785
649
934
948
471
185
440
317
279
506
556
369
77
440
577
326
259
547
382
277
700
695
258
293
491
520
752
920
835
567
245
57
268
376
385
451
598
561
575
963
1157
872
351
577
738
380
266
717
666
204
337
582
492
331
364
350
242
156
132
105
150
321
367
196
126
306
307
501
905
1158
1055
597
52
623
988
1106
1000
769
525
372
320
310
244
91
210
368
326
174
323
442
587
859
911
550
176
565
581
256
303
460
320
79
162
156
178
213
286
596
854
864
610
241
91
280
258
134
486
786
753
344
334
653
491
436
910
942
451
178
468
295
123
482
662
725
664
454
313
447
458
282
114
60
185
277
225
290
452
423
219
196
286
262
254
413
622
722
611
341
68
235
357
264
15
182
235
315
452
593
756
782
573
447
621
587
351
500
648
480
327
450
466
408
351
215
179
373
417
304
361
408
328
592
813
709
465
297
293
514
572
417
368
420
374
338
451
639
695
507
214
214
198
185
399
549
687
794
810
803
745
495
125
149
161
486
786
782
639
593
463
169
119
89
257
619
707
450
95
105
30
102
67
190
355
287
48
131
279
641
866
624
86
752
1066
951
659
328
100
451
596
624
677
705
693
657
577
461
306
141
141
196
250
369
480
644
856
929
766
404
25
258
295
253
389
468
386
287
132
273
753
915
559
199
805
1079
1027
844
647
460
337
349
612
1020
1260
1145
724
427
517
498
364
248
80
172
330
251
75
434
564
390
136
219
310
322
189
151
313
351
361
442
522
438
210
404
591
542
472
472
376
235
216
225
184
76
450
864
1031
856
543
400
444
467
401
341
389
308
44
418
594
421
65
337
547
608
513
272
38
271
338
276
262
299
378
484
387
226
353
268
312
577
559
366
257
303
409
435
568
787
773
471
101
317
526
634
645
567
431
200
164
524
655
502
269
257
345
436
413
250
70
86
209
382
533
556
339
157
662
973
970
782
715
745
637
352
403
669
632
406
389
404
283
136
101
273
319
168
85
259
252
126
348
571
557
301
99
284
371
331
136
118
230
130
66
180
152
130
350
549
638
698
769
777
675
377
226
743
927
615
79
423
451
201
173
373
549
555
300
136
553
759
586
83
548
745
452
178
373
267
376
520
408
339
437
458
360
166
86
242
322
332
292
243
247
297
300
197
89
207
377
619
860
921
676
374
500
524
318
469
763
783
452
243
689
765
367
200
553
661
796
840
577
179
257
592
956
1110
898
469
481
833
1001
884
504
261
657
865
794
657
610
540
352
139
199
438
673
716
478
54
517
850
822
466
138
460
668
682
456
74
485
806
903
741
301
413
831
873
777
701
400
33
201
141
418
541
561
823
956
726
334
182
338
554
715
880
989
806
388
34
262
434
558
630
640
555
378
286
341
330
235
318
533
667
644
460
181
174
429
601
676
640
502
376
504
680
718
662
529
475
603
544
206
156
295
456
669
713
819
887
530
244
756
834
531
461
660
624
397
202
101
261
453
511
431
323
240
247
414
673
879
884
679
524
572
573
632
780
733
452
230
249
144
179
409
490
355
116
108
127
402
729
823
658
498
556
558
387
214
235
253
165
15
102
129
204
307
296
193
116
149
267
400
419
314
222
244
310
364
313
259
395
422
306
419
597
531
257
276
402
275
190
278
382
823
1146
1002
437
315
633
600
411
257
373
710
830
663
453
403
518
662
522
172
562
797
670
540
542
311
225
432
195
378
900
1068
909
620
284
294
626
691
441
269
381
323
637
1032
957
497
484
578
309
496
721
611
681
864
646
167
428
381
141
665
823
504
275
519
440
321
482
452
280
312
472
603
650
609
448
195
380
686
806
713
426
279
461
384
143
342
311
196
602
828
759
591
413
124
257
481
509
384
159
175
382
462
398
322
486
718
765
561
232
129
183
170
418
566
405
128
311
286
264
558
662
510
371
538
672
646
602
574
382
253
643
884
788
417
115
395
395
147
174
439
790
1130
1191
909
552
581
728
692
484
200
217
496
661
613
440
422
478
411
258
63
276
476
466
403
472
451
351
382
315
120
452
698
675
436
213
311
395
328
181
99
67
66
142
251
301
237
341
518
508
341
210
125
116
445
661
632
462
415
398
293
331
534
694
699
529
299
102
290
639
873
840
563
249
86
126
270
330
450
551
371
357
724
821
813
966
922
488
247
651
696
450
257
266
171
222
419
424
241
237
286
225
362
593
723
650
451
331
106
282
527
416
195
445
543
557
673
646
357
297
708
860
590
59
559
855
863
807
805
744
562
394
426
486
486
593
771
839
785
708
544
250
177
265
187
297
465
443
300
313
343
228
187
347
514
691
828
813
625
365
268
442
629
617
539
655
688
493
257
420
650
691
504
270
223
349
459
436
443
678
954
1144
1111
798
595
673
434
383
1100
1509
1393
831
235
609
838
679
280
102
261
185
175
193
109
371
583
600
509
473
492
376
225
418
497
350
107
109
261
470
720
792
591
252
244
368
404
348
293
456
471
182
201
326
74
387
665
654
497
461
623
752
589
172
230
271
152
491
698
720
765
864
851
640
315
180
147
197
657
955
902
649
549
558
473
370
355
433
531
547
405
153
342
633
751
814
959
1112
1087
703
73
721
933
530
192
752
876
687
537
434
169
280
522
417
264
791
1109
919
321
347
644
525
198
203
341
377
381
353
250
91
336
604
678
493
103
404
808
931
626
111
719
1024
825
314
296
575
709
769
677
551
537
397
199
346
389
292
287
487
766
864
650
473
781
1049
1112
961
639
331
218
215
177
75
60
91
124
315
472
455
294
157
182
150
38
202
208
76
294
447
382
174
327
552
578
398
106
264
581
747
619
140
523
1048
1151
826
313
303
500
421
150
145
283
212
249
641
992
1112
954
580
283
343
331
399
646
791
738
565
444
430
373
384
600
765
793
806
775
481
107
629
858
768
700
782
679
353
386
650
639
388
203
345
459
416
207
201
481
773
971
858
416
397
777
807
558
310
261
293
345
476
559
441
211
275
361
260
9
318
608
731
623
390
240
368
730
1072
1090
705
135
304
338
53
287
444
414
419
431
261
178
433
472
274
322
517
454
254
287
246
235
517
648
637
622
548
575
739
645
215
285
474
312
155
202
182
391
547
534
478
554
739
816
563
177
528
600
297
475
732
576
185
475
674
622
627
644
496
542
747
685
329
88
251
338
684
886
668
471
818
833
350
481
890
847
509
263
312
349
272
183
221
400
696
870
742
348
328
610
601
399
202
192
360
322
81
385
506
272
607
1220
1443
1108
458
218
323
77
601
916
805
393
124
461
651
744
908
1043
922
524
100
82
255
546
645
630
813
950
848
689
599
391
97
132
72
448
814
915
720
463
420
438
369
317
341
296
200
324
417
285
86
244
209
288
572
592
267
369
680
642
525
678
726
471
35
325
403
246
292
371
250
151
371
658
818
710
444
322
528
924
1263
1303
1092
822
559
297
200
229
287
440
450
184
346
670
591
159
275
387
308
594
823
797
658
528
422
350
321
301
215
62
172
475
682
585
195
352
621
601
510
424
177
302
496
392
245
313
181
327
750
965
852
463
120
526
828
877
700
613
624
540
410
190
166
361
239
348
817
978
680
287
632
753
470
543
960
1020
753
616
723
619
401
646
911
852
567
508
611
497
317
517
742
755
586
446
449
355
256
417
522
506
522
620
748
794
766
754
717
537
288
357
501
477
316
309
499
494
260
117
243
341
393
361
344
357
325
326
347
408
586
691
555
287
391
555
481
255
168
209
257
298
264
373
565
618
526
450
530
671
748
833
1005
1057
880
632
522
377
232
379
392
176
163
324
320
245
176
231
381
485
524
478
344
172
106
218
384
414
187
218
541
562
307
181
228
259
523
663
552
402
336
188
197
252
260
490
607
434
196
416
567
528
352
259
456
549
376
111
366
572
715
803
725
477
339
453
444
303
307
310
207
384
442
175
315
490
241
242
533
437
177
326
478
565
546
391
446
668
667
426
114
257
587
834
859
657
418
342
465
657
735
567
154
383
812
989
879
621
389
291
364
524
657
648
472
294
413
510
370
237
417
422
231
309
488
511
301
189
685
950
797
353
125
220
22
276
313
38
491
811
751
401
260
411
376
280
264
208
137
172
247
399
479
318
134
454
488
111
493
960
1005
660
226
183
265
499
619
461
185
206
349
420
315
72
262
323
87
341
699
778
589
493
702
808
656
317
216
452
546
543
526
627
847
1019
976
660
335
299
149
226
374
361
542
646
583
702
790
516
71
503
588
358
336
475
421
258
280
543
717
661
464
336
325
373
470
527
396
148
316
647
1022
1221
1030
629
523
681
744
611
488
681
774
596
371
373
308
220
409
428
302
387
471
435
460
657
880
861
494
231
514
505
311
333
447
442
357
435
642
657
424
410
620
608
429
278
154
45
44
61
156
115
230
441
463
300
183
362
587
750
756
568
293
48
184
353
437
457
570
728
679
350
265
579
573
228
253
447
186
398
888
922
674
810
961
718
257
305
429
264
38
239
242
117
28
44
60
166
379
647
856
907
755
564
587
592
388
223
240
115
312
492
441
288
356
537
606
487
293
391
519
413
142
145
306
422
521
687
817
698
450
573
674
432
246
593
707
474
237
647
937
911
629
320
214
349
462
383
120
187
374
370
186
123
356
385
164
433
861
1016
857
598
425
283
201
428
689
769
625
413
227
44
278
318
183
406
482
140
461
827
680
157
675
1092
1156
1041
867
632
537
469
182
411
657
452
122
687
835
463
189
627
638
350
104
176
437
547
343
158
408
483
499
520
517
630
895
1090
1074
820
471
513
688
597
447
600
654
422
331
596
611
330
160
328
253
136
369
511
494
472
567
537
217
285
630
646
412
370
513
371
384
808
884
567
307
381
306
208
361
757
1050
911
405
378
547
370
154
286
574
845
866
544
182
403
367
19
467
650
527
494
646
604
466
340
84
633
982
839
606
954
1130
894
770
928
807
377
71
192
296
480
575
635
653
582
493
393
306
225
217
443
509
222
307
780
943
750
378
187
409
608
624
395
228
514
627
626
791
940
812
443
44
184
211
230
464
750
906
845
607
387
368
462
594
728
759
646
491
453
427
279
285
568
690
522
322
454
441
287
291
276
391
538
468
386
426
461
510
443
241
193
472
594
401
169
406
464
505
658
681
560
457
362
139
204
476
575
524
444
293
78
547
816
669
249
348
493
357
264
406
496
493
421
332
257
221
295
417
450
343
212
207
397
621
721
658
534
435
464
436
218
314
462
352
238
180
265
627
826
698
438
360
353
477
734
865
818
690
624
607
511
329
259
332
405
470
476
429
373
374
393
277
324
677
845
708
499
604
742
711
616
511
349
174
92
151
207
235
304
477
646
643
421
116
258
461
675
789
654
419
302
194
254
462
596
599
538
639
806
803
597
301
124
395
544
427
140
120
218
204
198
236
236
135
39
193
259
281
299
248
131
195
302
384
572
767
815
689
491
393
431
471
417
206
239
492
492
451
665
707
400
348
773
965
842
487
99
252
304
182
192
339
363
286
457
727
734
405
290
504
320
200
625
672
332
168
615
903
934
676
248
275
561
722
850
966
950
710
300
128
407
596
767
830
658
309
197
324
179
354
1130
1801
1944
1578
1629
2271
2613
2575
2445
2189
1861
1852
1837
1471
1587
2279
2470
1907
1190
1356
1827
2066
2194
2274
2200
1970
1785
1738
1682
1603
1741
2109
2330
2131
1677
1590
1934
2115
2014
1851
1796
1738
1657
1809
2132
2264
2150
2101
2130
1939
1755
2062
2372
2284
2208
2441
2428
1921
1490
1667
1840
1662
1506
1770
2006
1882
1916
2381
2529
2185
2192
2713
2786
2133
1587
2055
2368
1977
1597
1999
2238
1767
1001
1143
1713
1891
1690
1431
1468
1736
2019
2095
1763
1358
1806
2378
2228
1723
2084
2727
2764
2200
1331
496
606
819
571
512
705
493
276
608
524
83
500
514
73
577
753
440
305
576
514
225
167
211
129
194
317
402
455
458
442
410
337
184
84
404
611
509
190
539
838
813
554
219
237
518
713
734
628
490
402
489
774
952
768
267
274
582
613
491
366
323
314
239
186
404
560
477
215
48
134
84
331
573
648
576
435
235
294
582
870
1083
1049
720
283
129
285
463
540
334
483
1067
1368
1240
823
413
264
292
259
280
507
705
696
470
233
283
408
579
651
468
40
510
885
839
366
395
749
603
126
575
801
605
321
399
398
319
460
564
515
410
310
188
236
493
629
478
81
459
831
985
959
830
620
329
46
294
360
172
178
478
562
436
307
286
219
236
235
176
501
682
471
194
649
923
968
899
853
944
1083
1021
682
243
365
472
298
154
322
373
356
438
693
987
1112
922
457
97
360
514
689
768
605
272
358
686
833
742
566
500
637
783
695
474
373
99
434
855
835
405
163
329
379
592
620
324
323
657
616
250
468
761
706
431
259
358
478
559
530
319
46
301
420
421
433
492
508
408
355
456
396
256
533
773
751
537
420
531
586
544
516
523
492
422
433
523
542
530
590
582
349
112
417
453
170
337
604
510
176
124
343
655
874
788
534
386
547
925
1217
1126
590
258
777
822
447
53
85
174
435
475
408
512
533
385
242
225
213
156
106
168
326
443
460
407
367
297
256
426
525
357
145
511
730
705
560
416
256
273
447
498
459
452
433
296
54
310
617
782
756
550
222
227
469
595
748
818
626
373
547
624
446
504
734
672
362
180
164
99
382
538
425
196
358
410
153
310
568
516
410
604
632
501
622
599
178
524
879
844
638
429
324
553
691
715
699
412
315
867
1016
660
131
261
228
147
389
358
36
320
430
457
646
581
197
363
467
313
588
756
519
193
400
483
419
317
126
128
291
252
74
197
331
421
457
435
447
520
714
951
967
671
254
246
432
524
480
262
245
440
379
167
243
292
271
346
272
269
729
1049
1037
793
444
485
929
1066
789
377
298
307
262
265
224
124
42
174
155
178
286
202
361
659
636
282
262
456
414
402
394
395
409
177
260
607
716
718
689
507
287
237
183
176
279
255
121
182
276
266
184
61
140
223
299
615
885
786
372
407
626
466
253
488
545
428
555
726
649
396
184
362
692
913
915
733
539
432
331
142
197
380
361
131
188
426
451
233
143
329
222
132
369
311
347
715
843
570
120
592
895
837
490
116
368
453
220
197
472
494
529
792
931
753
348
86
247
319
283
148
394
784
1122
1238
987
395
233
552
451
269
408
353
123
264
361
430
545
429
219
588
827
903
969
918
657
350
273
218
40
254
325
118
253
475
357
149
532
701
554
238
136
377
468
313
191
593
895
963
824
635
517
459
393
278
99
88
214
452
718
762
551
339
267
276
548
775
797
639
467
471
526
457
251
105
473
801
934
811
471
52
358
496
347
391
588
494
253
335
419
397
491
545
346
116
234
71
425
742
749
627
614
474
168
375
527
532
573
646
718
692
612
645
565
560
1142
1597
1500
863
54
540
605
267
250
338
90
394
651
641
519
372
75
301
510
392
116
453
654
558
262
348
636
699
521
372
649
925
889
521
77
383
478
283
54
270
225
145
480
724
882
1042
1074
894
570
322
367
400
437
656
707
378
289
589
544
677
1026
963
610
768
974
741
304
272
191
172
490
463
85
451
732
689
581
629
649
684
788
657
469
812
1050
850
469
605
865
790
467
546
888
964
749
358
254
612
702
478
273
390
507
520
388
230
317
542
703
570
196
668
1078
1060
710
285
56
33
197
425
622
703
512
103
677
1048
925
495
407
418
205
365
462
280
261
412
448
463
346
433
982
1317
1138
668
837
1108
903
587
681
627
291
355
585
571
383
188
255
464
555
383
151
545
762
656
380
301
571
647
334
313
663
593
445
601
525
377
564
520
164
491
789
667
238
415
677
587
383
478
520
290
160
356
263
139
281
190
254
636
957
1064
917
721
715
634
375
293
322
162
59
176
236
321
353
442
632
732
658
492
503
633
611
418
155
40
81
331
749
1054
1033
702
314
292
389
475
677
892
914
591
105
374
410
206
193
387
785
1017
875
559
274
287
670
592
193
848
1047
538
366
930
983
696
459
482
620
610
501
585
528
115
552
921
825
402
328
535
478
269
110
136
427
723
826
608
262
609
918
851
518
318
236
25
259
285
402
672
666
347
47
226
214
100
65
140
110
165
337
441
432
307
102
138
302
347
280
198
428
721
790
497
378
946
1202
957
397
99
303
396
499
420
199
90
130
228
210
33
375
599
573
369
257
403
505
473
420
551
656
537
205
211
556
741
767
711
640
509
424
480
417
304
483
568
364
104
375
517
502
404
316
341
468
592
655
632
495
236
315
594
607
329
97
180
55
417
701
720
548
431
445
418
316
438
698
751
519
267
433
503
290
202
493
464
120
599
893
725
500
636
542
235
374
401
172
373
472
224
274
422
255
125
252
413
699
919
1002
953
763
479
178
99
312
396
324
167
264
450
482
312
366
686
737
444
270
551
613
449
247
269
334
158
255
637
760
663
690
788
630
272
330
440
238
326
752
943
841
680
618
494
420
675
917
822
283
498
999
921
348
300
615
524
258
153
268
524
808
970
934
679
338
128
211
317
340
371
437
481
511
547
542
487
430
440
417
236
85
306
376
424
538
525
356
181
179
294
419
530
658
744
638
353
337
499
333
105
537
794
868
772
555
329
250
280
282
267
374
558
641
470
52
454
676
489
193
504
593
360
377
689
737
501
285
396
511
507
415
233
102
360
358
168
492
753
717
444
255
350
351
246
199
456
762
768
385
351
634
499
123
516
775
704
483
536
703
644
349
49
275
360
316
210
100
47
82
289
432
349
210
389
404
196
267
534
644
471
234
504
509
149
744
1191
1086
514
185
509
375
149
553
678
578
467
313
457
697
558
220
509
621
409
119
267
525
603
424
145
231
407
558
719
840
854
709
500
349
334
419
442
318
228
311
263
134
428
574
381
410
779
791
423
105
302
312
218
76
75
177
264
415
541
535
412
426
537
456
260
298
439
622
697
449
120
499
615
628
837
1037
1040
826
512
312
235
148
245
360
393
327
207
424
755
942
903
657
402
315
335
367
306
169
122
33
306
531
504
282
220
233
57
249
425
588
770
728
379
342
489
193
445
883
853
482
168
157
310
392
220
188
539
725
692
486
203
113
231
201
162
489
740
680
302
223
632
715
456
324
551
510
236
129
158
166
350
493
546
545
482
391
303
144
361
728
848
667
353
169
242
348
371
256
203
221
157
584
943
943
646
361
359
570
840
1025
985
678
388
654
862
775
549
368
151
150
347
425
529
681
725
531
173
560
978
1144
1094
915
637
284
131
325
357
244
196
238
188
273
459
430
137
259
446
358
323
582
801
835
637
310
228
353
293
139
325
471
416
346
475
527
403
274
204
137
168
416
831
1046
894
540
252
70
187
377
401
219
258
457
456
294
113
159
324
444
456
329
140
199
245
264
339
383
496
535
309
290
529
406
439
879
917
497
325
507
381
179
186
549
840
729
242
434
777
781
608
430
225
258
499
533
349
162
192
286
403
423
428
496
454
284
156
191
324
464
492
410
343
367
439
580
670
551
329
459
583
410
83
177
171
169
314
226
204
663
906
790
595
677
687
489
376
361
469
724
740
436
179
183
198
574
796
674
303
243
489
467
310
449
495
239
152
336
232
320
678
789
558
380
683
790
515
54
339
477
471
370
122
214
337
246
333
517
627
697
672
643
706
672
591
609
544
286
81
320
404
441
553
649
644
555
405
186
173
410
427
219
498
843
903
727
551
549
854
1162
1139
704
116
501
656
552
825
1173
1057
499
295
480
386
444
404
279
705
925
733
320
77
346
447
241
246
714
811
441
287
677
598
126
443
674
547
256
121
224
319
372
310
111
138
340
454
486
384
238
388
492
372
177
217
462
635
558
347
410
521
467
345
246
135
341
554
476
126
231
441
654
746
365
519
1283
1457
964
351
542
552
294
321
305
255
623
799
626
356
350
374
372
490
529
348
187
418
536
611
797
899
756
459
489
680
615
347
360
582
616
418
381
676
711
420
173
241
152
174
285
419
582
574
316
154
437
521
416
295
294
351
318
388
601
533
229
646
894
608
212
481
453
476
828
886
518
292
590
479
29
408
442
299
482
487
148
326
642
646
417
446
735
839
711
457
277
415
462
266
365
703
796
608
305
105
212
229
116
153
286
364
395
356
210
60
325
530
567
452
337
301
296
321
376
440
394
179
156
280
237
321
399
244
230
673
979
990
770
555
409
229
26
206
261
170
120
268
415
487
394
137
227
475
514
426
529
660
490
63
550
831
800
714
767
843
920
822
500
517
638
296
587
1203
1341
1010
569
433
533
551
416
212
100
218
212
137
541
802
711
384
155
129
185
492
884
1196
1249
964
563
397
335
434
702
807
664
537
659
712
518
175
118
356
649
827
671
220
393
764
877
771
532
333
532
803
849
625
253
77
260
371
346
159
222
364
349
233
85
458
932
1147
929
422
132
135
163
388
373
223
384
475
319
106
186
99
304
632
722
491
333
670
843
752
531
320
325
453
436
378
418
441
407
408
527
639
527
271
189
116
369
626
548
206
123
227
365
661
777
616
336
237
304
311
210
136
227
280
359
425
296
64
455
603
383
148
520
669
638
552
400
236
157
267
553
778
813
682
474
255
169
347
466
418
250
209
421
565
477
117
369
677
613
377
419
363
174
516
632
372
361
637
587
537
894
1061
795
419
442
324
93
446
496
344
389
468
423
401
345
122
291
526
551
452
379
343
299
254
329
525
580
355
297
733
1082
1172
893
360
249
560
676
583
267
253
501
451
214
300
429
363
219
264
387
378
214
7
89
46
355
686
788
614
550
778
778
428
162
369
298
182
496
791
902
757
393
71
206
400
629
697
546
312
304
400
324
146
371
649
724
656
775
934
805
417
95
190
200
293
355
411
465
417
365
336
189
242
413
399
265
165
205
265
230
134
138
261
441
565
528
398
304
239
132
152
270
267
119
120
385
613
774
874
895
680
237
414
661
574
308
170
342
392
342
411
475
456
433
476
547
512
351
310
341
190
94
225
148
115
220
296
464
560
461
235
71
84
275
582
810
796
539
199
391
634
593
413
503
587
534
579
538
382
597
736
508
78
273
372
338
305
204
55
191
240
341
586
698
586
487
493
401
282
195
190
400
454
313
262
329
371
388
390
376
229
80
355
463
406
339
404
489
523
525
512
493
455
427
421
412
309
58
256
383
220
196
448
424
148
347
569
484
268
352
370
244
421
641
640
426
218
143
309
602
666
364
172
639
820
651
338
557
778
594
99
484
746
573
331
715
1001
983
728
404
262
442
674
823
781
569
359
395
545
652
693
661
626
654
676
686
729
731
627
481
465
748
1091
1229
1037
574
116
444
651
647
600
684
713
531
325
364
364
237
188
277
350
468
683
832
718
351
267
563
611
416
351
615
805
817
671
495
420
398
271
41
462
771
822
686
728
998
1193
1170
982
747
515
305
75
223
468
485
273
259
356
216
109
210
121
100
285
527
750
729
482
401
481
371
203
298
