0
27
159
561
1269
2066
2595
2615
2252
1947
1966
2206
2334
2185
1762
1521
1752
2063
2127
1866
1593
1663
2124
2541
2593
2225
1801
1810
2120
2346
2236
1913
1671
1752
2020
2194
2255
2228
2300
2461
2617
2505
2049
1419
956
1075
1666
2267
2495
2328
1983
1850
2052
2266
2271
2075
2093
2392
2660
2641
2368
2007
1684
1504
1445
1551
1820
2249
2615
2704
2538
2279
2115
1967
1768
1563
1529
1624
1741
1849
1895
1956
1979
1945
1805
1655
1653
1829
2000
1956
1805
1750
1996
2359
2549
2488
2352
2442
2628
2692
2467
2104
1843
1847
2061
2256
2342
