0
0
0
0
0
0
0
0
0
0
0
0
0
0
0
0
0
0
0
0
0
0
0
0
0
0
27
142
536
1195
1892
2233
2112
1984
2183
2157
1840
2075
2596
2501
1830
1670
2124
2144
1800
1942
2249
1956
1411
1762
2301
2184
1670
1759
2231
2229
1932
2122
2569
2642
2332
1929
1625
1402
1570
2172
2519
2128
1186
1141
1982
2333
2037
1550
1673
2046
1978
1813
2105
2276
2063
2184
2644
2632
2057
1625
1932
2430
2733
2721
2389
2023
2161
2593
2646
2208
1761
1708
1902
2207
2367
2164
1877
1942
2060
1989
1911
1867
1729
1708
2039
2317
2192
1927
2019
2137
1942
1910
2309
2515
2364
2335
2514
2369
1813
1537
1848
1999
1863
1915
2027
1651
859
525
693
504
347
263
332
790
932
606
311
582
568
364
604
790
647
373
233
126
198
296
393
753
1135
1230
906
331
193
409
310
272
475
533
399
424
703
720
317
239
512
330
401
787
817
592
473
341
66
282
314
207
255
258
397
529
410
133
90
186
225
202
199
278
282
382
624
713
638
660
665
395
272
556
504
151
296
502
474
317
187
300
369
291
242
190
116
311
507
638
651
451
122
432
596
442
215
376
521
492
342
155
70
268
384
406
429
456
393
303
458
758
925
814
492
194
25
191
247
170
176
55
295
496
294
393
1022
1299
1071
590
312
155
279
722
838
610
657
950
1118
1149
966
553
151
146
136
52
67
119
291
539
688
586
282
385
613
556
461
632
688
550
399
234
357
492
305
87
277
236
361
566
587
486
399
354
279
236
315
404
459
492
519
533
534
470
255
125
424
479
284
294
429
408
585
935
1110
956
501
108
574
707
516
452
678
778
697
512
307
207
222
346
389
263
336
454
314
89
119
97
42
191
559
794
717
400
230
294
214
419
748
828
605
489
680
646
305
231
483
473
362
367
338
292
390
516
668
755
638
379
368
502
673
798
609
183
448
556
281
401
660
507
205
582
811
799
812
870
688
218
338
717
899
1033
1025
719
256
24
110
415
589
512
348
295
244
216
427
639
704
605
424
269
70
252
600
809
830
700
535
428
390
327
206
121
216
416
529
452
380
568
753
893
928
762
459
171
159
461
606
510
308
210
464
718
720
445
328
560
515
129
499
842
811
645
611
455
107
443
720
622
155
442
746
648
466
590
640
458
300
416
543
632
714
684
563
526
432
180
243
190
477
863
776
437
743
907
675
338
21
376
687
671
383
606
966
932
525
74
473
692
571
153
462
750
732
606
457
447
649
673
525
532
626
613
560
511
441
432
418
241
96
249
153
277
539
513
255
312
597
672
476
443
669
640
353
263
476
612
631
531
396
316
209
201
420
543
461
275
321
518
675
757
734
591
360
87
200
483
690
713
555
323
402
725
808
491
34
210
172
405
479
259
302
371
280
451
518
397
600
892
841
400
272
759
936
790
594
596
597
500
579
762
770
561
244
15
146
235
287
261
226
229
323
506
727
858
743
440
280
221
286
426
360
302
474
631
699
528
92
606
880
634
390
705
635
269
566
758
634
561
577
534
591
538
232
431
769
809
634
447
352
242
202
386
480
311
148
627
895
769
331
216
621
691
339
405
928
1067
889
812
748
377
463
985
1136
900
544
258
190
560
844
803
446
213
296
159
151
229
109
66
115
76
206
295
264
335
549
647
674
788
817
606
379
487
640
727
643
334
335
693
904
967
863
553
192
95
120
178
221
276
390
399
494
746
756
394
169
576
784
901
990
971
721
375
450
509
288
313
456
293
209
704
1082
1191
1005
636
241
140
303
352
275
114
327
667
836
735
513
508
615
614
504
278
181
448
530
378
164
89
180
373
488
466
409
411
464
560
683
735
601
351
303
364
289
106
113
336
529
566
337
195
461
503
534
663
501
292
772
1027
979
945
951
870
783
767
773
654
384
186
261
294
386
447
329
355
584
540
339
701
1017
906
520
336
152
365
900
1034
701
428
635
598
433
584
618
451
435
513
448
531
855
952
645
230
444
498
331
382
429
296
437
639
497
172
409
445
188
52
164
503
654
382
254
654
663
335
135
213
121
137
76
169
395
380
59
434
808
828
593
717
953
889
731
717
645
490
428
406
510
808
1016
945
695
624
716
579
184
232
366
136
366
815
951
684
185
306
550
545
345
69
161
268
221
226
700
1186
1318
983
374
156
380
267
185
592
917
1008
846
522
222
448
830
1082
1066
789
376
95
349
519
539
442
422
515
547
467
262
165
393
412
213
267
395
359
477
733
843
799
829
902
840
644
329
210
498
590
472
208
166
460
525
335
210
379
376
221
187
249
343
464
454
553
842
929
758
673
549
238
699
987
713
202
482
525
223
192
438
542
582
628
586
355
243
587
723
552
457
776
989
893
525
195
593
862
809
474
76
367
474
445
620
806
743
544
605
840
930
760
392
190
475
637
617
440
197
69
125
418
674
836
969
1014
809
346
174
493
466
139
269
547
661
695
644
553
429
200
262
383
206
348
551
330
333
866
1010
688
169
342
463
279
101
454
598
434
454
810
834
450
278
554
545
444
933
1492
1592
1121
374
447
736
759
634
298
189
536
491
206
557
817
682
312
517
849
833
498
218
350
289
49
389
637
701
605
412
238
229
186
104
340
478
365
57
289
411
253
72
327
307
115
518
735
559
161
321
433
317
197
369
560
572
472
415
349
225
114
112
124
190
232
76
215
392
247
181
617
767
508
267
705
855
546
63
387
379
112
352
542
519
474
566
547
323
319
559
545
216
248
543
556
411
181
256
755
1077
1088
855
585
445
446
518
600
691
673
420
414
829
880
410
418
911
901
518
292
179
191
564
607
266
259
632
742
666
591
547
415
439
620
560
301
312
394
343
267
310
452
451
256
110
188
243
357
366
231
391
579
462
195
203
88
371
771
893
695
346
470
913
1255
1187
610
183
573
296
534
1110
1145
773
550
466
213
98
76
404
759
938
924
723
398
133
39
219
396
469
454
402
270
93
281
478
555
571
627
621
407
50
367
498
321
46
277
298
191
193
90
227
487
583
550
533
560
448
131
408
681
654
454
389
433
328
123
354
574
580
373
169
214
99
191
398
329
233
397
379
419
806
1060
987
647
332
374
383
262
245
227
119
109
191
303
341
252
281
436
436
216
139
406
465
373
268
248
381
478
376
179
221
301
290
245
228
207
185
392
634
678
494
201
72
305
445
414
485
715
704
377
137
399
364
94
276
482
509
354
58
265
462
486
433
400
409
415
353
191
27
144
367
648
756
551
209
315
366
222
221
277
368
699
904
724
240
282
416
214
377
655
622
299
252
530
573
407
170
175
283
241
107
156
272
325
329
322
297
197
128
330
525
607
568
437
291
254
525
764
710
390
145
142
155
491
602
372
522
932
899
364
341
706
564
161
328
416
352
272
127
103
267
433
522
468
326
214
230
351
439
452
390
310
273
249
156
205
417
532
549
608
695
610
268
186
448
377
100
219
402
483
453
366
270
38
464
882
902
492
300
543
459
382
555
729
960
1249
1418
1307
884
335
142
346
406
414
409
409
519
751
899
764
385
250
448
409
284
268
385
625
766
716
701
933
1109
953
478
173
412
486
599
648
453
256
440
546
473
282
266
364
274
259
329
284
529
737
573
224
396
453
282
348
354
143
377
632
843
946
715
188
402
752
951
1019
839
415
193
462
440
190
92
222
246
288
388
445
403
301
237
266
278
255
254
281
281
217
203
285
352
349
251
286
472
518
463
554
728
835
805
724
638
423
167
87
187
474
547
466
653
751
515
338
602
700
525
323
329
338
343
257
173
496
561
385
526
618
507
624
659
420
470
613
417
154
302
250
58
108
81
237
375
357
347
435
422
238
28
269
439
505
451
444
544
519
387
464
534
370
91
79
116
322
498
530
520
594
761
902
899
692
370
107
242
538
887
1077
890
384
375
621
450
71
336
520
543
416
388
649
743
529
268
282
194
155
428
629
656
436
110
87
231
399
264
238
764
949
743
494
520
530
388
228
214
172
204
557
901
1038
964
848
785
612
472
611
598
365
265
309
346
346
234
382
646
692
446
52
516
856
926
786
555
235
238
614
710
455
145
428
584
469
169
314
565
664
636
401
98
607
803
493
244
745
827
493
368
525
400
290
621
896
909
696
488
401
339
459
616
634
623
671
605
364
205
207
137
324
417
245
81
317
371
299
234
125
245
549
651
458
157
268
397
357
226
392
592
495
110
417
686
692
600
640
857
974
813
482
232
551
963
1107
905
497
187
566
785
582
443
808
786
259
390
633
359
197
574
622
459
397
387
238
283
553
671
634
578
570
532
453
340
181
95
19
160
293
301
197
142
310
374
240
189
270
128
257
517
482
176
246
492
562
521
452
399
397
418
405
307
134
114
269
424
726
1007
1049
845
577
383
305
479
727
843
744
469
162
350
654
812
766
551
371
484
629
623
525
457
428
395
364
336
270
402
746
1001
1037
865
561
185
216
529
664
581
406
341
418
525
562
464
291
196
136
200
443
627
658
523
241
97
288
268
266
390
411
398
451
571
669
514
98
680
1027
857
427
391
422
183
353
649
586
207
314
476
372
261
144
318
665
712
496
539
608
392
158
209
463
746
860
743
538
443
448
424
385
430
403
157
377
639
605
558
649
599
499
447
234
182
451
383
107
589
888
818
503
455
756
863
693
477
469
464
255
120
396
376
123
377
540
431
278
248
116
254
557
701
617
361
44
302
514
486
224
344
560
405
291
554
576
530
611
505
154
267
567
733
731
508
123
325
596
648
570
625
783
806
644
382
193
279
292
78
253
514
600
514
269
224
622
840
743
408
171
354
404
344
301
326
366
262
83
347
408
171
201
481
583
568
524
503
467
394
307
213
44
206
425
490
347
35
362
717
885
750
386
274
461
443
305
241
377
500
418
158
98
186
137
90
126
306
381
269
363
616
709
651
533
379
261
209
125
74
258
435
519
428
171
125
231
126
145
379
539
564
421
340
513
539
308
44
374
696
891
835
629
486
357
420
664
600
204
484
781
677
319
150
242
353
625
732
521
239
298
108
384
771
690
229
575
793
522
354
703
771
680
747
681
288
276
482
250
234
584
589
459
514
611
679
633
381
89
294
287
52
230
334
256
145
89
17
152
272
336
417
515
490
437
501
447
196
135
302
441
539
612
753
807
598
309
352
274
149
419
422
144
456
707
568
282
427
443
154
305
482
388
527
775
753
649
644
472
498
833
808
306
453
1098
1331
1051
468
573
1006
1054
786
486
383
370
277
84
245
506
696
771
698
525
355
271
218
160
324
557
694
682
534
353
218
104
168
380
496
357
118
532
807
852
811
797
697
496
337
257
484
764
757
411
139
344
230
186
538
660
489
161
259
377
226
94
307
248
102
281
312
367
545
625
568
490
486
578
717
736
460
180
685
940
822
518
305
321
346
295
255
258
312
331
221
117
245
263
196
274
371
437
612
861
944
751
353
183
373
407
309
140
351
565
470
92
338
535
529
602
611
457
530
689
742
817
892
875
789
553
230
351
563
589
465
295
383
581
601
396
292
549
684
608
416
221
295
591
750
639
377
312
359
296
251
196
70
372
568
553
577
657
507
180
187
431
663
714
463
201
544
673
539
444
431
320
182
113
348
513
443
348
420
341
293
523
561
303
109
463
561
350
258
496
380
160
684
931
771
380
332
519
546
543
587
665
772
695
277
342
806
834
495
175
64
188
427
389
95
381
523
326
170
439
652
831
785
395
371
810
912
676
358
280
335
293
143
68
189
229
229
253
433
713
846
685
351
187
282
237
113
440
677
633
356
59
121
189
455
630
475
47
353
408
168
387
594
515
567
909
992
632
123
407
459
255
7
222
310
193
278
586
693
537
368
564
673
500
313
481
527
306
226
433
411
303
476
539
337
228
380
322
55
337
663
797
630
232
343
617
674
564
286
306
751
984
884
564
387
335
176
468
656
532
305
206
240
476
597
386
350
845
951
536
14
400
1074
1681
1712
1613
2029
2203
1913
1920
2335
2622
2741
2798
2701
2304
1870
2099
2574
2438
1714
1465
1975
2106
1750
1491
1577
1628
1652
1727
1587
1155
1215
1834
2027
1674
1488
1860
2034
1905
2018
2207
2059
2073
2503
2633
2248
1857
1902
2039
1906
1587
1567
1887
1974
1597
1128
1436
2023
2129
1690
1392
1835
2127
1809
1184
1008
1214
1276
1307
1409
1467
1528
1748
2094
2409
2589
2565
2281
1919
2003
2352
2258
1799
2037
2732
2858
2343
1836
1885
2052
2094
2201
2270
1999
1698
2114
2646
2567
1994
1682
1909
1891
1253
273
561
779
456
303
578
636
505
224
178
480
571
407
212
481
883
1177
1238
1035
694
374
189
79
137
263
478
636
492
273
655
854
656
387
502
423
162
795
1209
1111
641
436
498
467
679
633
172
708
947
482
374
839
672
134
650
1001
1040
961
820
567
305
229
379
586
640
508
440
379
269
562
693
378
258
621
489
176
660
823
595
388
384
312
353
407
351
433
628
681
523
272
84
96
149
163
171
198
155
68
141
200
298
363
254
17
195
221
235
561
747
539
287
733
877
545
164
451
453
240
220
225
99
161
258
265
377
560
586
365
71
518
842
930
815
599
451
391
501
736
899
875
686
389
139
313
456
438
317
84
304
738
988
907
576
294
298
270
184
132
212
324
257
42
144
192
316
450
409
387
540
562
422
304
367
571
756
774
584
372
426
415
179
75
113
104
340
438
353
252
387
529
509
311
137
397
667
885
1029
1012
806
568
484
465
428
326
346
739
1142
1265
1037
601
258
200
465
788
891
714
473
477
627
726
694
598
688
772
556
233
315
274
428
736
797
702
597
414
174
78
117
276
484
567
470
369
422
471
546
647
663
539
415
408
329
139
140
325
532
630
511
418
547
541
310
150
390
511
423
179
130
381
568
607
424
128
252
361
328
262
196
163
142
87
87
165
249
278
276
357
364
128
300
597
582
445
375
86
435
775
689
362
321
272
135
205
142
363
543
469
458
609
581
397
208
291
671
937
888
580
326
438
484
352
351
407
295
181
154
334
586
606
336
89
411
495
342
146
244
298
120
403
836
934
693
600
674
420
160
371
170
399
733
581
180
460
475
118
364
446
228
573
830
693
482
436
232
409
801
933
751
336
226
482
476
318
153
95
211
233
411
604
581
604
947
1200
1086
686
439
556
558
682
955
939
533
323
656
724
533
263
67
134
314
484
516
432
517
637
554
466
626
686
529
332
232
181
215
198
424
697
682
451
386
332
129
241
390
551
590
307
284
817
1076
939
561
441
566
667
805
784
507
268
360
363
316
273
160
116
224
365
512
540
389
185
125
95
225
458
710
930
995
834
516
172
329
581
702
874
1015
823
313
485
905
943
654
427
573
596
381
326
465
368
224
293
210
399
667
591
289
380
514
486
444
379
258
137
116
234
350
392
339
233
175
295
615
1034
1284
1141
647
514
823
821
577
482
507
373
104
358
601
496
60
419
616
497
322
236
52
352
571
499
295
367
325
88
445
618
515
382
347
366
401
321
253
361
414
457
542
565
576
675
722
693
664
690
709
673
637
729
858
780
417
134
506
599
425
156
229
470
694
866
886
733
492
439
507
369
49
289
355
231
109
126
435
497
200
335
550
391
276
433
409
274
151
99
128
158
130
96
186
160
223
455
471
398
710
859
568
317
592
504
102
388
484
252
191
375
428
540
660
560
224
361
652
647
446
238
83
234
403
436
337
308
391
434
529
450
86
702
1104
978
640
742
707
194
521
936
807
341
544
750
525
285
520
544
314
348
574
585
406
213
452
810
927
659
115
458
687
487
63
348
415
207
176
285
291
397
704
974
937
610
327
277
127
234
497
562
382
272
592
754
568
218
55
330
750
985
797
318
139
366
437
439
485
439
108
547
1024
1151
944
567
260
493
629
421
205
519
618
509
519
577
502
415
379
244
10
260
454
542
508
400
257
18
298
522
548
470
406
293
269
473
576
506
377
192
174
485
614
492
325
377
487
526
446
274
83
70
146
155
336
603
728
617
405
349
337
212
58
70
225
455
654
666
407
270
588
638
372
177
378
443
445
493
515
490
439
330
113
165
326
251
167
491
707
713
562
284
110
465
649
644
626
610
455
163
135
270
273
251
276
327
503
704
649
230
358
775
819
635
531
542
514
389
298
509
596
366
161
321
248
274
434
515
573
569
567
604
531
521
630
504
122
370
740
928
829
460
294
564
619
484
316
354
692
955
920
627
298
272
410
482
499
404
275
649
1031
989
560
503
667
465
595
1075
1272
1116
788
597
525
340
78
208
273
160
120
343
420
352
519
829
899
637
243
110
84
220
335
295
507
866
981
709
200
352
567
502
397
478
594
678
816
921
755
234
476
918
853
369
288
654
745
698
662
590
434
295
294
250
15
416
797
995
1009
944
767
442
65
242
386
334
135
298
503
576
516
316
355
584
460
167
564
567
118
691
1059
934
522
96
362
725
944
981
861
669
447
237
137
170
149
159
254
321
294
217
219
337
487
494
262
258
559
641
504
258
37
146
277
460
571
483
227
99
251
264
333
597
745
604
317
229
230
333
576
707
593
251
281
655
824
758
500
149
226
363
370
367
355
301
158
136
477
703
721
639
613
631
596
458
243
58
184
243
388
634
752
666
438
160
117
292
278
59
264
453
346
35
375
505
443
538
542
292
623
994
960
626
326
307
346
285
403
685
792
687
597
572
540
499
408
556
861
849
459
497
814
745
455
339
335
269
334
559
710
720
629
432
121
211
374
394
438
458
364
217
176
586
952
996
755
432
190
499
769
687
347
241
304
171
143
239
309
499
628
521
252
462
784
826
581
217
244
436
577
624
513
421
553
697
730
679
624
563
485
480
533
438
163
112
167
85
352
576
610
451
334
457
482
375
310
277
277
312
279
307
307
84
366
622
525
235
417
655
873
1125
1216
1064
810
694
584
338
255
370
395
502
576
411
83
164
213
226
224
141
302
495
591
662
712
631
396
162
179
190
250
327
351
490
655
599
316
207
289
241
420
566
476
275
160
159
191
201
207
282
432
466
321
286
309
116
331
677
835
802
823
988
1005
753
368
159
292
384
272
130
431
584
534
472
445
334
361
544
616
680
871
1001
843
363
280
716
725
259
559
1257
1450
969
144
627
623
159
848
1174
841
173
323
433
562
768
702
418
261
347
551
646
446
132
294
435
743
1118
1207
915
472
487
663
613
436
273
359
653
851
851
692
527
620
759
702
637
773
799
514
44
516
802
788
596
455
573
781
823
734
784
847
612
137
338
646
795
784
600
329
86
289
661
889
789
415
224
465
498
329
126
233
398
407
220
508
972
1169
1024
649
432
707
865
707
564
633
440
68
397
409
222
61
441
960
1210
1019
556
294
381
346
195
85
129
174
288
394
373
210
153
393
596
680
602
403
311
425
425
269
249
368
378
308
235
168
160
272
408
424
256
141
331
383
255
205
444
618
592
474
638
910
930
684
548
721
719
400
190
470
447
133
240
432
423
403
529
684
715
544
210
129
318
374
442
484
432
241
132
506
649
434
94
283
357
492
595
359
195
756
1007
845
464
135
32
92
142
142
169
279
335
240
143
315
379
303
279
320
262
293
529
644
508
256
130
99
207
262
467
771
856
705
503
373
303
262
254
329
461
569
583
544
492
439
475
740
942
742
205
629
921
661
194
323
280
182
351
233
260
488
350
343
703
643
153
430
660
448
92
262
317
487
648
515
206
436
651
612
421
251
166
151
211
285
359
476
596
592
540
578
584
493
394
214
122
507
741
676
338
36
161
38
292
335
341
793
1111
1016
573
152
347
411
290
106
89
251
345
366
372
392
427
599
853
952
777
447
420
610
549
189
282
578
533
275
345
479
389
134
176
439
566
490
257
254
359
227
388
826
1019
857
533
519
674
665
534
348
151
101
305
482
526
435
298
222
243
300
378
440
391
210
170
257
201
201
296
328
364
464
515
416
228
358
560
635
636
495
236
489
835
916
692
363
160
86
502
836
815
468
68
148
102
87
230
274
199
53
215
347
313
135
305
730
1141
1305
1069
638
577
671
531
293
269
373
425
412
415
498
492
247
172
530
652
551
422
292
182
545
846
783
369
200
360
221
624
1053
1089
718
200
209
264
138
394
646
657
419
132
134
158
251
359
345
214
124
139
234
538
812
807
470
35
322
411
364
264
280
505
688
637
343
206
370
375
507
640
629
659
675
476
123
146
93
256
588
614
305
248
424
245
159
481
545
414
324
326
252
93
73
110
171
418
645
711
580
326
140
270
496
562
313
166
495
616
706
707
406
190
425
486
622
703
462
155
566
880
935
660
279
590
737
413
193
458
287
216
546
392
280
811
839
311
775
1308
1166
500
300
635
554
298
178
307
523
622
496
207
196
209
191
343
268
67
421
529
335
31
391
589
508
177
223
444
457
405
300
81
128
242
562
976
1070
681
116
440
418
168
385
422
196
264
431
426
333
197
470
833
906
658
381
463
569
455
143
380
732
859
803
687
420
178
690
1011
966
645
269
265
661
888
755
317
206
521
599
545
465
353
286
299
226
223
409
420
193
113
284
301
362
391
205
138
336
322
555
835
756
430
237
120
348
636
663
441
311
460
419
141
250
531
719
825
707
290
414
759
652
215
270
492
457
275
112
275
509
599
476
254
95
200
491
752
839
845
907
898
877
1006
1022
737
326
270
299
173
126
138
349
577
581
398
222
199
344
452
388
141
340
570
470
261
258
232
446
506
447
776
999
832
415
89
267
352
307
237
330
460
472
378
289
255
214
134
101
296
557
791
903
827
609
364
199
201
354
513
541
359
15
331
522
515
420
369
221
235
640
829
640
161
395
775
853
619
256
330
419
282
211
254
231
330
287
84
478
577
235
396
755
668
364
607
799
598
476
790
800
374
371
769
736
411
474
697
715
799
952
867
496
77
249
483
691
796
746
544
476
678
820
882
910
835
587
327
414
547
507
512
800
929
621
193
438
407
158
240
191
78
139
40
324
544
555
381
157
125
456
771
920
839
565
252
216
275
245
283
327
293
237
200
133
75
371
605
673
634
604
567
520
501
435
262
209
327
291
156
116
315
594
698
473
172
372
313
94
536
862
1001
943
682
308
135
235
207
105
92
267
403
499
580
585
451
193
129
418
539
455
472
777
921
774
501
229
100
273
276
209
339
440
315
48
303
359
217
161
261
431
533
493
412
372
312
229
97
220
430
398
134
447
662
554
481
572
408
278
533
593
469
492
782
966
749
242
499
784
703
522
576
611
444
190
201
275
211
288
480
531
466
475
472
310
346
629
765
864
923
670
94
472
668
592
624
646
521
369
197
343
709
886
733
304
281
656
762
599
316
43
261
591
844
930
942
990
927
570
49
359
390
207
477
630
402
97
553
712
636
821
1099
1003
671
679
802
701
582
559
696
1013
1199
1064
690
408
264
124
362
447
323
202
272
438
517
422
294
239
180
193
291
436
561
601
667
782
841
774
621
440
409
546
588
461
287
178
221
556
822
800
457
242
471
386
64
357
455
330
223
330
571
591
130
662
1288
1326
827
278
263
329
499
547
296
144
495
608
491
234
134
476
670
624
475
428
304
276
602
754
675
533
411
210
315
599
683
495
94
426
831
949
669
60
572
874
792
609
362
378
1168
1631
1406
719
82
215
302
426
457
313
99
142
238
378
472
343
44
215
273
187
92
230
374
325
61
295
527
506
266
37
226
285
214
178
344
394
384
442
327
167
439
448
240
462
626
497
304
375
540
657
636
538
493
506
417
126
337
651
684
479
385
580
703
679
673
741
744
595
396
275
321
448
455
289
50
326
628
768
717
618
553
362
172
483
593
377
171
357
365
196
200
308
251
153
317
440
434
386
321
359
514
481
204
359
549
384
190
503
647
668
832
808
333
997
1883
2115
1887
1993
2318
2337
2269
2412
2480
2215
1780
1689
2057
2374
2333
1876
1261
1289
1868
2141
2028
1900
1874
1755
1647
1784
1978
1969
1772
1669
1833
1936
1855
1925
2069
1840
1576
2109
2789
2853
2234
1729
2414
3175
3107
2353
1850
2091
2209
2006
1893
1934
1936
2040
2244
2202
1889
1759
1920
1884
1706
1973
2418
2467
2232
2236
2479
2517
2231
1979
2081
2174
1938
1487
1066
877
1027
1386
1688
1773
1630
1469
1611
1982
2245
2239
2088
2173
2628
3001
2915
2427
2036
2132
2368
2411
2254
1999
1726
1428
932
241
436
593
329
117
208
309
464
449
290
320
418
294
67
327
491
583
602
403
192
458
501
345
312
237
313
541
492
111
420
779
741
312
213
479
371
238
351
265
372
685
708
342
260
587
585
565
615
355
178
568
597
450
533
530
207
350
803
984
821
360
244
742
951
848
619
518
447
302
180
25
408
824
1021
875
477
189
360
493
679
825
741
442
203
244
278
517
737
701
454
360
453
345
228
502
649
626
543
364
150
243
304
223
185
360
459
463
451
362
336
433
373
226
276
380
541
758
875
758
476
236
322
574
824
936
881
691
414
79
259
487
525
453
487
487
247
209
379
184
435
822
740
249
562
857
668
494
801
773
332
606
924
780
457
321
525
943
1159
968
560
331
251
237
273
124
303
511
481
286
99
104
139
68
109
324
486
544
546
597
602
463
400
400
273
492
740
639
241
193
414
383
292
325
243
110
527
765
679
515
569
441
43
372
377
277
693
842
628
715
1028
959
499
50
314
296
307
533
647
578
595
845
917
619
114
322
430
420
517
485
374
582
781
725
490
310
313
422
591
710
633
340
44
273
289
205
188
202
176
108
165
318
458
496
473
506
463
237
277
529
509
267
126
42
329
655
757
611
298
85
296
290
169
196
152
60
215
316
409
541
674
697
572
423
469
579
487
141
333
659
716
596
531
521
401
244
324
401
422
452
435
337
296
515
746
773
600
418
209
273
799
1084
928
519
515
716
657
403
190
279
554
797
763
412
287
436
237
203
545
598
408
221
149
29
148
260
281
213
419
647
525
131
469
638
463
190
131
241
301
209
52
174
63
339
705
773
469
163
471
583
591
710
732
493
283
448
467
308
233
298
289
133
260
611
848
850
619
322
224
140
32
97
133
418
575
444
245
457
737
900
764
404
509
752
747
731
758
693
686
879
995
837
495
360
431
340
321
611
778
704
504
448
799
1019
798
241
382
674
597
381
288
145
258
508
558
393
261
495
677
605
320
406
770
930
906
838
767
604
354
292
401
441
553
672
620
419
296
367
411
565
806
854
617
240
108
123
147
379
435
181
284
679
752
573
573
661
474
78
333
446
284
295
565
640
442
236
479
693
744
654
453
204
56
156
461
768
865
717
438
327
489
537
377
333
611
774
695
479
300
206
85
79
120
84
304
496
503
373
442
625
632
464
300
426
656
751
689
624
618
518
340
420
558
529
455
494
583
654
686
696
591
284
95
333
485
680
801
847
845
680
455
416
706
1120
1298
1008
434
188
213
100
519
749
670
343
59
292
324
334
505
639
643
575
468
396
437
464
401
339
356
347
164
256
507
542
754
1105
1107
708
183
159
196
19
187
320
405
433
274
324
764
926
682
535
870
1015
801
482
635
850
792
544
408
536
593
422
247
385
408
238
65
192
413
570
491
221
187
352
508
666
709
579
310
70
118
213
572
927
1015
877
717
706
736
618
325
269
447
494
434
254
101
358
454
369
369
507
599
608
587
581
542
470
457
390
335
449
452
371
517
621
458
131
148
197
90
270
683
949
844
517
463
395
114
297
304
111
240
251
185
254
287
278
220
154
216
335
375
318
312
358
378
535
750
821
652
237
344
771
850
552
124
273
364
255
123
141
342
568
627
479
322
341
328
358
537
635
551
431
461
487
395
247
188
290
289
107
343
622
677
512
373
517
579
340
194
505
402
147
799
1139
973
504
224
293
270
327
410
425
403
307
86
196
342
223
309
673
783
574
283
287
457
619
657
500
198
131
285
244
197
339
450
346
77
687
1156
1182
827
583
597
494
344
282
482
755
822
625
381
353
392
508
610
459
61
363
552
472
300
303
367
325
139
158
411
495
385
258
295
285
184
126
125
176
321
367
237
301
490
421
98
286
528
540
393
369
538
716
783
638
466
629
685
517
739
1099
1125
848
539
335
189
497
791
778
457
40
254
403
609
828
845
562
103
344
587
591
363
52
237
384
497
515
352
89
177
368
418
247
96
408
518
397
181
9
188
392
493
454
592
875
879
485
135
297
270
627
894
739
293
119
306
329
316
406
534
551
537
539
364
392
827
1054
928
593
288
35
284
534
479
127
285
455
366
189
93
205
213
94
469
757
720
350
116
319
265
553
851
741
341
210
174
171
450
521
495
533
543
506
411
240
66
116
370
580
602
449
264
98
85
226
270
277
310
296
184
147
387
485
309
303
625
676
435
343
444
326
80
205
287
238
236
380
496
574
698
739
558
301
227
197
490
741
707
566
573
538
420
465
639
757
629
264
331
534
388
123
359
444
299
103
232
360
420
452
424
308
242
251
172
347
504
398
134
99
106
145
147
231
480
586
506
413
410
442
496
443
206
152
373
372
185
68
161
72
121
218
121
300
581
669
559
393
361
577
735
635
320
367
679
671
272
281
654
717
665
681
699
644
563
488
390
193
159
388
437
308
243
356
378
314
291
264
377
719
1000
994
607
31
548
702
485
172
366
620
705
582
313
73
245
483
623
610
526
532
747
1117
1412
1336
803
442
930
1045
716
302
223
365
606
811
904
921
803
474
84
282
329
254
341
431
375
270
338
397
278
145
254
269
206
193
221
341
462
461
377
303
243
346
522
687
933
1034
758
368
680
837
612
492
564
302
386
893
1000
774
600
457
116
309
561
620
577
497
363
169
238
495
596
448
130
204
338
297
208
180
197
163
28
242
443
487
345
85
179
358
424
372
232
217
303
275
295
393
317
214
398
457
310
193
244
335
496
559
486
669
975
927
455
154
543
555
366
439
515
310
89
340
358
259
197
82
201
264
175
342
435
247
243
478
573
558
390
140
202
212
117
143
165
142
171
238
239
144
227
341
207
165
543
719
682
562
403
354
649
895
862
619
356
257
285
217
92
248
288
298
346
178
170
406
344
248
460
516
624
927
991
664
280
435
475
291
289
465
